0.340000

0.600000

0.000000
0.000000

0.388103
0.753906

694.464047
0.570700

77
10

7.231467966878492
1.913589215283186
2.558498196077224
-0.301907439989997
-1.483118546998815
-0.769718741801071
2.128697368901660
1.004899094799745
-1.148695828415046
-1.150710848670256
-0.075648691566028
1.647566163853448
-1.258642374953799
1.392122463582338
-0.698876244675916
0.492411721963903
-0.614511257582403
-0.298821852514772
-0.209980232364110
0.702617919635309
1.856622816951658
8.172719079488807
-3.835124249857154
0.688673662765014
4.791498826711545
-6.839820277846127
-2.423530062504155
-3.949454583161192
1.197050946741860
1.110904489643636
-1.788529190685956
0.299293852345600
1.511141342475002
-1.248818767012118
0.280430235805045
0.708904793113324
-4.222119323129950
-1.902760102910912
-2.882604509496281
-0.592841138670899
-0.310988672555544
0.306016408913313
0.088427724701554
0.453127189107803
-1.017203455498438
-2.048796845761932
-1.190593262079473
-1.632123630849601
0.778582339976871
-2.390470358348453
1.846536125021349
0.640027718833318
0.742481358882049
0.526591084263185
0.495552247850287
1.169160405737022
6.575236179196612
-0.202001706316799
-4.924377650154248
0.522509779844142
-1.545831218737118
5.934667170779063
-5.478137648677310
-2.608778665198858
2.263110505442226
-0.977012418156883
-0.191319563571273
-0.107558776902237
-0.559624783775430
0.104981653332916
0.788007055796542
0.392718971634565
-0.061436580990831
-0.062177655892149
-0.357491289084998
-0.149587439224982
0.194901800753781

-2.140817812831923
6.790560682858883
8.543588723566868
1.639308297199661
-2.673525521854857
-6.095527076549175
0.000000000000000
1.305133237572515
0.445918961329672
-0.435163847254526
-1.257882775312563
2.092092899910172
-1.871060943785508
2.005450765889565
-0.150140420471371
0.074959761491175
-0.191216035702466
0.043650092633735
-0.690327428211584
-0.740032293274707
0.405843195345718
2.513364880554203
-1.378276855775285
0.941168646025227
3.467734634413731
-1.567761728176756
0.294833080486962
-2.242726380484716
-1.485565976140077
-2.896032891641931
1.202131262024218
-0.150225416693051
1.147289156812843
-0.661194355260524
-1.033286592852523
-0.005344189674613
3.009118806062668
-2.107919089527323
-6.135944602696070
-0.183458637538199
-0.175062891967103
0.047937898870510
-0.370302014512039
0.730234089982019
0.432491312750128
-0.238795358663045
0.752147654900534
0.748243611437827
3.251639955910186
-2.691271333401775
-1.662587647424408
0.026787884303683
-0.025003327258904
0.936671305896649
-0.731938982834545
-0.901527844235708
8.038441663087077
0.209764511015342
-7.098108699513405
-0.744753016537155
-0.243234375999460
1.766667348094153
-1.344477092279565
-1.212281926763399
1.221743340050384
0.109436818268142
-0.319456559096993
-0.019514862009906
-0.218159972239636
-0.255979911411142
0.265229918406341
0.018983344213676
0.282007871299213
-0.260150203449922
-0.714326955807583
-0.131395464842473
0.691186242468418

5.838338440753486
2.539653816185837
-0.907280779128899
1.049363911839067
0.476698727709241
-0.762956491629909
4.280392067697839
1.478850433026086
1.222512396670603
-3.628516906044794
-1.035222553353882
3.957500273048022
-3.940151933750261
0.061382178506096
-0.096971764982282
1.682630537962460
1.711657637304267
-1.358195234378103
-0.687166193548475
0.090114186073760
0.534418727342625
1.663471505346705
-1.153104676613330
1.397286372399197
-2.794871995358145
-3.325168227022478
3.858336831379043
-2.010291244458884
-1.977389402153800
1.997946876342821
0.432559819883298
0.077176476663070
2.084488605861888
-2.924808832629231
0.938905983241357
0.215465312340184
-5.720430576641120
-1.911521068040468
-2.450731924741047
-0.092492128489273
-0.330426304994701
-0.168759035117292
2.147576376188796
-1.484968729375577
-0.690924042410107
-0.054467668916914
0.495755167195222
-0.328691263856807
-8.046916441169278
8.738376068806160
1.064186121045757
-2.107409366830324
-0.015289323504147
-1.919825665494052
1.847278868226307
-0.841497628073798
-3.361373594416381
1.480531555409242
2.181252953863676
0.701782017724699
0.649808354786548
-3.377227417567195
3.582242671927537
-0.528006788794272
-0.827758174210326
1.257961698436522
-0.337735821355712
0.227758999155253
-0.250409587371217
-0.305145390848662
-0.606137737436644
0.274353850889880
0.290940546215554
-0.369457383872129
0.613259721808837
-0.532786608185137
0.120269819018551

13.867307777879095
-5.875675485692040
-11.274141511087866
-1.363836647793081
11.075435619406202
9.472003756242467
-0.381776981969861
3.894789022701275
-0.639004866190520
-2.965840600357746
2.335069697871536
-3.105817057558114
4.703142681143778
-2.136373352903896
-2.611553974323733
0.171573435297599
1.065533284255749
-0.415081105515398
-0.083812729382741
1.322024801071655
-0.422496924734346
0.214685108293695
-3.154925288814304
0.968646065915993
5.659689870603903
1.353377650200023
-4.002701442922700
0.989341117534102
7.007792670173551
-4.001079409922232
-5.846682176024332
2.874797576943340
-1.046479660482732
-0.000000000000000
-3.054809102717013
3.822951167284630
-15.109096905934623
-6.958802840426047
7.406667498992505
-3.972979310772742
1.641926600257609
-0.664819417377785
-3.376970679296686
3.064706366331740
-0.916513206259201
1.056703429085393
0.830872265624730
-0.413838422577468
4.868498891488640
-1.988475094325970
1.454102568681743
-1.215897207699658
0.248927350820728
2.835776286756187
-6.850707908082204
-0.225040163261563
6.684306907548652
-2.722775314553280
-6.075441224942254
2.278763952404229
-2.192948413319906
7.097349263873214
-6.890782416338041
-0.924378570778345
1.341316192454373
-1.616162547352767
-0.463330006658294
1.527598472321582
0.420108607770932
-0.188624135644176
0.498676364102502
0.354902375257077
0.454051632932459
-0.252962451336534
0.785269694815950
-0.015156190787913
-0.230893355631660

-21.470273724690212
-5.227069301528097
-14.073993158841676
-2.253891192478899
10.835574584405609
11.736913064875871
0.864249464028542
5.186463514172501
-2.051544637620775
-4.721651884072851
0.633852900397946
-2.881351519241175
4.417284048168313
-4.660884089106530
-2.047180900428372
1.504324767747417
0.061195084787116
-0.304053757543324
-0.744850940477537
0.856607873630347
2.312908362332879
-0.816962469081220
1.085354541322120
-2.633248960025963
-5.211180768714845
-0.019462870228212
-2.775726681699467
2.519377051282635
2.709156965292110
7.067854282504300
-2.894684994928176
0.460724385371820
-8.922240685713621
9.768437559595773
-1.215179139390124
2.085025798676002
17.991497015042938
-3.985082764737482
7.218306166782426
-1.682787092091868
2.299923643269883
1.274363283026431
-3.650911723746134
2.250517586681381
-1.550112783701237
1.773959776519816
3.784606236808498
-0.422943230215464
0.258456778961122
4.495529530200520
-1.521947940484385
-2.196513076868082
-0.083691769569034
2.632917323201581
-7.963207478510994
-0.801042791312887
-0.775854171545381
-2.197841142888453
0.398160784866036
2.985347082825121
-1.333538431331535
5.600252902150012
-5.220693701045668
-3.346067236455309
2.621607657907487
-5.566192431785116
0.650239091579157
0.983964905709181
0.648119434368864
0.272854242037660
3.311181698053981
0.793092217786490
-0.282117631866769
-0.204849616385321
1.384077934366937
-0.438649474128673
0.415196624912245

-36.381903669347999
-2.455799535155753
-17.959971312314877
-4.905983372924343
8.065381757125858
13.494577597329114
2.081185059028383
-7.894492418996567
-2.596256063679240
4.953551861823155
3.874599568703159
-1.315727527558128
4.339475195445194
-1.414585725839405
-3.125678121263194
0.275511983314370
0.419671011624256
-0.342760337195727
0.735551165790219
-0.367713737495812
0.206824969751780
6.935206802177693
-3.054563814342350
0.747439215966985
6.356750752345726
-6.590238844267665
0.665525618082262
-0.559425598737711
1.351418450348690
-2.566018103726340
-5.107043643714778
0.724120817668115
-11.351786565372354
11.840603493876930
3.418114085525095
0.247312968790999
34.824889909410665
-2.745954608219315
5.055849184851350
-0.870696631107594
1.316954233012347
0.536943128182048
-4.377964120717542
4.257632479026043
-0.695508164159855
1.231855208087175
6.580446069775739
0.633605409089975
12.394211917826746
-11.024858732267493
-0.572577671155338
-3.777197824181334
-0.224220427506882
-5.669499920113720
1.907074675086620
-1.712496381917316
-2.246072549644653
-0.864721658011679
1.124177798261959
1.869534056199404
-0.475082508666302
0.634580145380938
-0.164616413563202
-2.732141675212681
2.325524720336343
-3.656027240664715
1.621665553716937
0.281000939700977
0.662271071865798
-0.401684663014570
2.822630385014061
0.318666120261079
-1.232252269185083
-0.328091025134032
0.749876788166133
-0.124534373836356
0.003935085344260

-11.497475240436426
-3.373350579611130
0.062978052449453
-1.356397673847720
6.525395946878931
2.214761528399357
-0.652079955375404
-4.075589941609796
-2.379891524528104
1.952001503445970
4.747357471265726
-2.816737309885527
4.296292507140881
-5.589514713098557
0.021235245649712
1.468369989262453
-0.920648527931849
0.061301346749068
-0.086071888115908
-0.118143253084010
1.996492214845707
5.115276256526547
-1.281464321058460
-1.213322050955811
-2.081410328886742
-4.898534102085802
-7.076578122481384
1.171807444774362
6.166020858863369
7.718215395113335
-2.850447271175176
6.060039825328559
-18.604115910715176
16.774072674326298
-4.052623467623887
1.069961182438374
9.134967048692142
-2.828922861531194
5.774936963524972
-3.647955059182301
1.107363218305595
-2.444602565566180
-0.462909135897718
2.091161705686376
-1.616880348114567
1.790586088133129
4.536309951217207
0.095275922672977
3.107054527893992
-1.037927501131455
-1.292307953327272
-1.629858284011076
-0.027224117802740
-1.659663532491047
-2.542670757665188
-1.567710564365340
3.657053984569214
-1.570337504667297
-4.459108092040679
2.255128835273506
-0.539328873388675
-1.457265474467536
1.459738278664071
1.260881268559392
-0.929341500274655
0.096626709650932
0.446331982292126
0.521103982334553
0.554023417718488
-0.684463748266756
-0.556290551240187
-0.148009117012542
-0.156580153775247
-0.333222087862594
1.414264516079490
-0.440174022127557
0.232762191918400

-0.221654126709698
1.731615802836353
0.000000000000000
-0.618114299616653
-0.085747467357049
0.800421632092680
-8.205879321491890
-4.251041207142252
-2.797308768090313
12.720663700160920
1.445203939557968
0.105340710374701
1.032491295552774
-1.237980212362632
0.688325185228833
0.551246019973500
0.132040333482575
-0.668240610056820
0.076415436336516
0.574772709811609
0.194720785181833
4.631748124196068
0.257461657758840
-1.671168460325366
-5.050867788455334
-3.898312158933694
2.346172613922179
-0.590077419884114
-0.129698848005653
4.266983362178058
-0.488372570767140
0.488308863032117
-3.267567899517207
3.056467943479775
-0.634905980011933
1.078334432320594
0.000000000000000
-0.720878103582509
-0.404112439719041
-1.478663230761530
0.919308635139261
-0.417175232603833
0.834923256247851
0.139899770937880
-0.976662804174368
0.850193069631552
4.374787785481312
0.243614427005469
2.663281045291686
-3.144853901866428
-0.679528640521129
-2.329894016613637
0.167111058266375
-3.251140514024365
1.233005328977456
0.172825117394405
7.184945144495085
-0.698611109038568
-7.783518932523293
0.690750745167783
-0.804198405686706
-1.216996095756228
1.267058626566872
0.533057631060151
0.117576771638296
-0.372339024279128
0.298225171868464
0.129718942001756
0.514175776202219
-0.605522947892838
0.170727228097224
-0.189320820272271
-0.295071601847890
0.348547768203266
0.249696880556626
-0.096801289213504
0.000000000000000

0.432942046747616
-11.088744908963335
-22.403972286194989
-27.169348950729812
0.375036392990072
8.888567503851903
-12.562716832430306
-4.236122234328081
-3.704873788332430
19.360385917747646
1.287203348401458
2.396342053367775
-5.854516901238756
3.391542635508786
-5.055146284302801
-14.414711612045226
1.565316452901504
-6.144625677860059
-4.436747135892297
-0.176925401784389
-3.565898871248053
-4.869738318072424
1.646376499930406
2.552582472590067
-11.540293670676595
1.141704787314001
-6.728077171734464
-5.289532780832933
3.549040646039293
16.924529915375327
6.361337609519458
-1.894647161150854
2.797287980333319
-5.238486377076312
20.590877132643378
-2.268771019647836
-8.319178110911128
-1.108483249048356
10.368178259753993
-3.172154721008234
-2.333844393695483
1.218947163147547
-0.492797744780189
-1.662641262489517
2.484401989038537
-1.651806827504691
0.205555988669238
6.439066716164604
-2.061745722700385
3.746867135039682
1.024197222907094
-5.915306158055760
1.525121262420469
0.984540256287077
0.095269756032304
0.488925626709135
-2.131704198552540
2.224068827069095
-2.761574726682616
-0.561337132434023
2.790194973953225
-5.582686980937035
1.114233559875296
-10.231656947579738
-5.424887024112371
-10.279218909281033
2.034643214593020
5.636655285807252
2.104299046687859
5.737656659982466
16.833597217096376
8.679775028949154
24.469721287886763
6.742762178120240
10.884225379456902
7.931825741002369
3.309118217318535

0.109563982967780
0.157931785211815
0.254732844737474
0.003029210863732
0.277948349413108
0.125917450822042
0.205472760404730
0.404205117049199
-0.366362148723038
-0.289217918528597
-0.052946404516249
0.078685533515439
-0.146443540747386
0.030675130862720
-0.109428371162157
0.197188372276509
0.248096082681037
-0.446431986492292
-0.930983471929241
0.603008695219309
1.360440842680782
1.776242558078638
-0.319298569569561
-0.896049168735936
0.400602569799407
-1.444716005505482
-1.655764566307736
-0.485523124694906
1.217274482087026
0.733457206223414
0.012094395943827
0.497890428218620
-0.621517322086720
0.652085449631420
-0.429093274668356
0.276055189221738
-0.075119082537912
-0.292956040788745
-0.088633986173985
-0.530508821803623
-0.269641609171733
0.129659714300274
0.066979106036079
0.411068028569447
-1.231558723905641
-0.487590289725236
-1.259545081557642
-1.231463572866854
-0.621538590396734
0.799361118479148
0.781797222771610
1.089067987893061
0.019166887098842
1.359817007108637
-1.212293388950071
0.270158486663321
0.085843571218432
0.200371034373549
-0.004665444879771
0.048800928121733
-0.058878520892916
0.217844712439073
-0.167289176661551
-0.007172934238630
0.042217065202044
-0.015142130115281
-0.091864788912222
0.052804132615774
0.013995770521653
-0.041563533009329
-0.034048357724067
-0.020951572850131
-0.017813345988052
0.044208749578723
-0.012112278832302
0.245871302028012
0.464495884885728


0.041441  0.033512
0.055578  0.062893
0.091715  0.076786
0.072910  0.017983
0.075661  0.076330
0.096188  0.070752
0.130813  0.059049
0.141718  0.071617
0.115979  0.071275
0.129680  0.065632
0.156140  0.089924
0.177686  0.067755
0.179072  0.051065
0.205339  0.045596
0.155485  0.037756
0.255957  0.026706
0.291126  0.088024
0.292109  0.036773
0.387292  0.102967
0.388103  0.201705
0.300566  0.218309
0.253116  0.118971
0.280507  0.150872
0.314216  0.160069
0.206939  0.112304
0.242186  0.120395
0.200645  0.136328
0.206631  0.080620
0.195434  0.143971
0.213418  0.112760
0.189975  0.122971
0.127185  0.190585
0.139341  0.121223
0.138727  0.117277
0.088308  0.084979
0.079339  0.126089
0.043292  0.030429
0.061031  0.080592
0.054441  0.050102
0.083545  0.179450
0.108413  0.372480
0.155618  0.250654
0.132647  0.298984
0.158081  0.316491
0.218412  0.245437
0.173058  0.438184
0.249816  0.401223
0.314619  0.332256
0.233743  0.461848
0.241671  0.459579
0.241094  0.377541
0.279693  0.392798
0.323493  0.573029
0.224331  0.422834
0.228480  0.436404
0.188751  0.490237
0.075765  0.451303
0.122161  0.418797
0.072007  0.447693
0.077177  0.533983
0.094532  0.600688
0.059565  0.749954
0.072749  0.753906
0.014179  0.667334
0.037514  0.617286
0.015252  0.561851
0.000000  0.000000
0.000000  0.150781
0.000000  0.301563
0.000000  0.452344
0.000000  0.603125
0.000000  0.753906
0.077621  0.000000
0.155241  0.000000
0.232862  0.000000
0.310482  0.000000
0.388103  0.000000

0.234708327262192
0.436243405752463
-0.022785802157580

0.415084411870056
0.487287478571240
0.167053457912271

0.811521023099150
0.000502006609852
0.114033019727609

1.154431107314332
-0.040054410209988
0.083204544690826

1.350338487156939
0.086834240801569
0.125607144708947

1.755418003468793
0.299475452704605
0.169079197595255

2.282849173163041
-0.046184013634561
0.175563795915402

2.693982582187810
0.086543550151806
0.002269426680591

-1.597844630807364
2.858279578623142
1.781712320489917

-0.030297618894396
0.101480097927485
0.046489044323700


