0.120000

0.600000

0.000000
0.000000

0.578495
0.893712

615.855582
0.869903

109
10

-0.217588895630968
-0.905306996735254
1.133729763894092
-0.511253814458444
0.995852441426251
-1.310767384204991
0.780328602028394
-0.862301686723196
-2.734482498043642
-0.772598162767415
-16.143465399770843
-22.107331691111892
-1.306462229974284
-0.694795235229708
0.782204574671784
0.439264984180984
0.865082272171718
-0.322751436189885
1.220411529309710
-2.374002675761505
0.923913857638930
-0.155750013540826
1.626743016316349
0.279587774101193
-4.740371648489766
5.088175663731471
-1.080275662523790
0.658931989004481
-0.095537595594685
-0.893757524778431
-0.509887080340143
3.148834731214145
-2.541215237437702
0.919767090465100
0.869607861723427
2.205273321979854
-4.495058211179236
0.574711511548146
8.267604898647766
1.923890906157836
3.521650015944321
-0.022897668429663
-0.396884749484562
-0.648679569789917
0.996935556214703
1.490731394335793
0.599559545842459
-0.504914694271600
-0.915751340285085
-0.073618637133397
-0.288286460867259
3.039301808744419
-1.464504180194549
0.621006904649712
-0.801928051732704
1.066002752818991
0.907488509609036
0.418745684099483
-1.894573734143000
1.413967558025035
0.314481214142033
-3.284977029666460
0.853270268104433
-0.785475183498675
2.351013582843331
-0.761844178188062
22.492178325155880
19.700529273716668
0.601513739426746
2.406455401320170
0.515011365454870
2.569495427494186
0.676715601314301
-3.729145653066996
0.375068726167659
1.603814324397130
-1.961088013280045
-2.105335365759016
-2.743786733336108
-3.420764271527585
-2.101580095315223
-1.975946697427803
-2.230419643122537
0.338205272584332
1.059637871138015
-0.629748177277987
-0.942577621729396
-2.013165909685621
-0.686594369375417
0.204294628616848
-0.031742965168633
-0.055694522176139
0.572664226432270
-0.942861816930459
1.464948745201771
-1.662650753479178
0.829606388313240
-1.065970576288109
0.377589902475029
-0.251460811292246
-0.631355498142200
0.414013867876013
-0.346330666246408
-0.101818992527771
-0.170821862686445
-0.511667085723373
0.274689414547386
0.175894001001429
-0.018573391178168

-2.481294931554544
-0.199401499974990
3.104932318367204
1.228083086440244
0.305289128209044
-1.341527032366313
-0.215926653167468
0.748712524862192
-2.152782435868689
-1.050627337176127
1.789611156200649
-19.608800981000915
0.475161661890217
-0.931769715321024
-0.075193658394263
0.198933236636978
-0.425364073241940
-0.834521198665226
1.681606340673356
1.119042811074229
-1.979612506127786
-2.468796969946586
1.674945218449610
1.218755352546437
-0.161001813471660
0.564716840880410
-0.648465901741777
1.469732489729135
0.280311719157534
-1.458949972821336
-0.601990564488931
2.439575528736544
0.700347653324688
4.922918550452830
-1.207547435201444
-19.385481117728268
-14.653170943168645
0.410590260193730
16.941997499884060
2.359533316424356
4.286905577707009
1.766491761300098
0.337008231145042
-0.620522099762475
3.217506430035879
-1.111826170557828
0.017878602770399
4.136863409159949
-4.846950852735988
0.679404873815341
0.360189808654855
1.010310219146019
-4.061139062895097
1.299640755882840
-0.190186367021792
-0.885402503404850
-0.896354937046286
1.575269944212838
-2.316165779930473
0.827470763309396
2.504632868880426
2.797289656775502
1.365085384448517
-1.064706685755728
-5.344289941981207
0.139454267574560
19.074799496711410
0.638219125719516
-1.559360336580045
1.918474489927449
4.953744928478526
2.761245099972420
-1.192011420737997
-1.262103651994622
-0.227054606095899
-1.384785070241115
-0.658026339840561
17.885253375809693
1.416189482186007
-3.275261380073895
-1.175119572717099
-1.211594075164926
-7.548513378427201
4.514026673768800
-0.940361894235976
0.589858991808440
2.276579725880020
-4.568938285872535
-0.575941560356553
-5.173106926945048
-0.069578939508850
0.119872089224287
-0.763492953607401
-0.130929776805990
0.334406599575227
-0.677479240576542
0.148034935740467
0.107164852471449
0.432627847237106
-0.157123735732516
-0.507753496676858
0.246849785286109
-1.014549116147271
0.247353982218467
-0.749148101263687
0.522480898883218
-0.383188354634069
0.167378056351809
0.114433661029711

-2.683725012424914
1.077946121216481
2.510397915356315
-1.469532625390766
3.150704210523847
-1.468525471273158
0.796537248405074
-0.451172478053591
-3.160361198573252
-0.035067581519493
10.075304428302443
-2.250855399237900
-0.901179016610151
-0.243590156308441
1.170200931438915
0.546272768541556
-0.585418360810260
0.634051781806275
-0.350816628345633
-0.323364307790886
0.454457714422351
-1.296906479510031
0.732033503096364
0.336140565858855
-0.311338527786853
0.098220756643672
-0.205183782119247
5.367711665808030
2.762720248423061
1.978510032409183
0.240789167960358
-3.259831391919357
2.537167954582474
3.020053169581403
-0.633190465216479
-3.803857218366823
-3.943442562235294
0.917526996030570
2.822949105934272
0.296648640759499
-0.045065074525423
-1.110773291579935
0.235312334623210
-0.216668578089655
0.185378314494256
-0.887284183429852
-0.664571870533260
1.638769647308693
-0.970647217286517
0.757969067183278
-0.752636473317195
2.572797926423785
-2.958133057697117
-0.397231444017531
1.346549013375442
-0.312937187699373
-0.652977432047673
-2.327264285689766
-1.381442993343391
-3.842205187099505
0.447983242798028
12.028230491020103
-2.187288946145640
2.283126497551544
-13.348879885104877
-0.282110163313535
3.032777662563820
-6.286915971838373
-1.129814312553712
-1.389784920447266
-7.168981925752341
-0.257512401380027
2.135974059723526
-0.092766459395043
1.088043713709333
2.030684396221295
-2.250988597081907
4.700115743543975
-0.302693540078660
0.645921938137472
-0.247169525649273
0.850114807252103
6.118872313975051
-0.409217510119876
-1.808514127172906
1.054424390334992
-1.162779577972666
2.479836075486502
1.497594892401313
-4.875064507257116
0.694708873061438
0.206148338212486
-1.572440663047415
-0.522325225238556
1.483603143690577
-0.748486327726993
-0.033394412789144
-0.412644093349621
0.181272542853049
-0.147015129787572
-0.189870024647276
-0.093483159810510
-0.330518962881609
0.238725904279537
-0.184840661077980
-0.557991320806190
0.368850150403382
0.492485399822326
-0.431926430955719

-0.608339705848294
-0.551657635186025
0.297561960044000
-0.210665844557594
1.628876576801961
-1.324832994851407
1.062915581992795
0.593791476786165
-0.913121612840383
-1.916368303352178
-8.594463835732688
-16.696939823269581
0.321272224399809
0.469827623972719
-0.087896452731352
-1.653540194147076
-0.025590375388353
0.949509867283227
0.356974458878995
2.234144460733409
-2.114921176890029
-0.862490880967015
1.149886071679668
-0.162529490137549
1.374764964245824
-1.929835520556498
-0.183798760624789
2.957742771481668
0.748866560398799
2.204794153490784
0.232241555931562
-0.923266808541328
0.979819071465952
-0.832543393241894
-1.151632412722493
-7.489973915372222
2.452742018133504
3.125197021740380
-1.512379279198910
2.702003149715115
2.078295841437458
-1.060344415769810
3.955882499534238
-2.989419290944530
1.252371281164289
-3.627096770084375
-0.369126813949548
3.229265416085704
-1.892838232567006
0.865299004696150
0.022954853862300
1.374198672914233
1.299835701177487
-1.217040736462164
1.702243065112034
0.304507717501206
0.251303212159083
0.125844450524570
1.084956154450827
-4.615725321337253
0.314297320105869
1.962389290219932
-2.280962590946522
1.435593725314147
-2.069914697183477
0.803058125948691
15.135304125385714
8.089293248688312
-0.809826433753114
2.109674492093706
3.737664341542205
-0.299796639020372
3.814246824211309
-2.029283692650302
0.132705538947409
-0.659159697582423
-2.694380220561806
3.986612074925284
-0.210650066627868
-0.826771141476036
1.928667889024407
0.440735793555990
-4.742921989702251
-1.731689597830547
-3.220634564216810
0.573444187795404
3.543267410942582
-1.549171269591834
0.009772598964357
-0.869535007516338
2.541937563054206
-0.252269490761200
-3.781372163694006
-1.512909596916555
2.231972477700147
-0.598068479183798
2.051255644630761
-2.487532650949204
-0.285811821202190
-0.030040773839057
0.170824286729759
0.077012906822263
-0.663454626223770
0.416225930508850
0.407043080174614
-0.283719988970089
-0.086138500846607
-0.154318298599229
0.345825674465348

-3.699306926956578
0.539121147922067
2.884530338967034
-1.394897193251333
2.845452369384423
-1.860267891005987
1.167986855048234
-0.150277944594190
2.329717056385367
-2.415449971390119
-16.183468149584648
-13.437754654317489
0.919008677439253
0.966095352570400
-0.244212472825450
-0.378067013850862
0.367154799113472
0.074584243608640
-0.058971335107142
-0.259969588503034
0.752167390864448
1.289827423469719
-3.584483677510916
0.919458277856502
-5.657291977392498
5.640750234070086
1.915498689116590
-0.064762338929769
-1.102150725517844
1.189800056410438
0.838513846397977
0.814598636035232
-2.485726089758277
1.558199216998968
-2.267219391464521
0.538757363886184
-1.482185244804547
2.974362612494562
0.481477764663670
-0.049577559637042
0.179735133962424
0.507681204666581
1.673962454671494
-0.418492431308137
1.841847260275427
-0.957710881074377
-0.131861406703777
1.400678443100764
-2.616209183565791
0.139117067256590
-0.911914338592070
0.872171818447159
-0.931390250574824
1.244663746324529
-0.730412373535912
0.919707055318868
-0.885653919072677
-0.212631386189427
-0.537622903054975
0.886707243416607
0.211631325376525
5.064275952880158
-0.020033713671409
-1.569525944538117
-4.563945661241783
-1.123627867750331
13.247668844802810
13.907957595712606
-0.830838755425296
2.362281166778135
0.698576403765643
3.043532825435293
-2.180651418583097
-2.548375047422776
0.067818851635106
2.205966396807856
-0.934838701473952
-2.861328696518134
-0.774470944090034
-4.064939006636629
3.652309199226535
0.605483986300175
-2.239025814647547
3.501482828818117
-0.690532869914293
0.690025100873770
0.759419303098230
-2.114920025013691
3.164258070813212
-0.870768620218532
0.848759728676957
-0.187898835529715
-1.062345463667512
-0.268638985917759
0.840701099545542
-0.969969734813046
1.103414139030572
-1.492273133473261
-0.536962741577890
0.203038354155970
0.065557385328067
-0.075482325215789
-0.537138532205615
0.330674204019265
0.692373934489474
-0.336433139655820
-0.036850320927584
0.047648029735408
0.013567019327861

-3.794716373574767
0.470943612758347
3.111388932714929
-0.354252837230026
2.537729233100809
-2.044740327147542
1.606541073243123
-1.887940681823315
3.910518767000048
1.018866689205590
-6.883686656254699
-22.499641302187701
-0.535252530366772
-1.763221571003358
0.398691530487533
0.159308503799632
-0.068015500075286
0.018157235947844
1.145396458034410
-2.292930278665384
2.881188237453498
-0.615626118187417
0.007574991846483
-1.167819702060282
0.069013121548082
0.769030049504769
-0.626005534441224
2.311842017816987
0.518593794472692
0.093644647256997
0.837621384884721
0.098890242053665
1.912005712139708
-2.448565317964312
-1.082294532323814
14.629370096846870
1.978775891482960
-0.130874276114965
-5.572861468062476
0.806129001148294
0.757450909406376
1.408948761606614
1.403292966483542
0.086518874607874
-0.218855453119101
-1.949939564337630
-2.270272276913240
3.460406169463150
-0.647899962812598
0.186894525217659
-1.550508530290124
0.706247496526810
1.065905927733700
0.481308904671138
0.149379475641157
-0.705455180823158
-0.626742342555239
0.961548969128359
3.093841406267472
-3.436212404662149
0.264275189097751
-4.622728364198464
0.865939837906429
-1.062078525378933
4.416435037624427
-0.534276069816161
21.292872440266123
2.723281571432193
-0.805253887150565
2.933308052073457
-3.997028465776526
-0.340901956054213
-3.845792510703156
0.000000000000000
0.730995184393858
0.626244181048487
-2.412212203237540
-12.925956850767404
-1.367367384643083
0.320821827180227
1.577276790545908
0.798683104443353
4.296960967487066
2.906143195618059
-0.341804568090741
1.626218154862936
-0.303245266297559
-0.942327190187671
1.976204509010169
-2.444401409561257
1.618717222260475
-0.344515281520688
-2.197053812478151
-0.996541924225213
0.984757737720858
-0.994556081103467
0.196572553928223
0.299631351887479
-0.384700410248208
0.280485150074901
0.395590609608369
-0.575492502953520
0.308867486051070
0.139918813372437
0.699039035640123
-0.678388135873063
0.087924569408328
0.183660131390474
-0.312836599937477

2.048927628013607
-0.979184267582633
-2.840973464341162
2.882155508542705
-0.286386716734744
-0.905611050395889
0.048735616202537
-0.991995480135489
4.407654781669526
0.914129063959468
-0.592657939763657
2.318619796311987
1.201613970991504
-0.146723187354009
-0.122983877042476
-4.516883961583772
-0.890656732921402
2.381781758760376
1.541020605348515
0.737274218129768
-1.648988912019166
-2.429046805931200
0.878203530946348
1.244483252496063
-0.019169721892023
0.328472410956458
1.154532437454092
3.039764410112222
0.696339251404863
-0.570726782392982
0.954787770083098
0.126953759244854
2.442682199651722
-2.207074579923411
-0.741173279328119
4.872634021728040
9.182301984122326
1.535659699744097
-8.875863153662435
-0.045335468072976
0.996780062248946
1.950358448777762
4.341643409856821
-0.912288973855190
2.210823213177490
-2.057203065548930
-0.770067694414818
0.072664321724380
-1.316784270060921
-0.709296696149292
-0.373994068605008
4.089525788097387
2.471147050119216
0.795178118801012
0.582945954196650
0.953027398326130
-1.368484826905256
1.045628082285295
-0.114290075139247
-2.350977870532879
1.997770738577993
8.359931352264921
-0.236104624698720
-0.767376721302449
-10.409221881942782
-0.416382171345088
-2.137817760715204
-4.554342582557121
0.234030623684942
-0.127945243517835
-2.272986419040765
0.477668988959163
3.567212335591307
-5.970048103362752
-0.747246030943526
-1.101055304398570
-1.213871235208793
-5.574104521921818
1.810725053072452
-0.027000417403737
2.501740117719254
-0.011171101149277
2.235423995457663
-3.463160189506631
-1.142238392422839
-0.068469897785795
2.529175128796991
-4.128167220725071
-3.851699433105058
-1.188065468001936
0.457311590137738
0.182680137460776
-0.496541442778049
1.748040054672689
-2.652002473762039
1.223136096902751
-0.061626807966052
-0.704948344760437
0.134802835666939
-0.205300506414731
0.951938653082252
-0.794543715609019
0.165811013396541
0.164129259998853
0.101323225016143
-0.108601690605347
0.005375393349641
0.122900637490408
-0.202714164193093

4.555805224526965
-3.436476576748277
-5.021302709276686
0.151305505445915
-0.650079982552659
1.232874683331629
-1.694782368298449
1.695585589011637
0.983182854249069
1.384688306469169
-12.157412548055158
-1.508465954845923
0.031136054138876
-2.243251703448880
-0.365364171991783
-1.388012177368417
-2.942659190850054
2.356942634280973
0.405813038199686
0.530556359703075
-1.132195964593512
-3.477205441756468
2.622063940340677
0.430630230506237
-8.392179267896536
7.922234797256892
1.130834616755501
0.064407068064096
4.798084594619944
-0.621130903758772
2.472961713360308
-3.288289725934435
0.660333979064492
-8.044439070008078
-5.484452368601301
12.290636714512445
-20.247769435019244
-1.222274224729088
12.632456478782421
0.491226452443505
-0.578503144832029
1.096456019526989
0.451051717946716
0.323084797760431
1.194022135055350
-0.978886769691120
-0.598256977378910
0.912736539807890
-1.335451757966818
-0.349672733204839
0.081851645787965
-5.279829475493012
2.143251236348089
-1.863764146888427
-2.498036556053079
0.547796778336744
-1.717369570284294
-2.067520116578930
1.063564002078151
-1.460817474512277
-2.721510801178457
5.512580591804563
1.849004531130162
-0.608767595493456
-4.524214744526289
5.298702433844599
-3.636766633069692
7.244684741134886
4.932635850402835
1.492311223377698
6.484568070440637
3.438650092720757
-6.357193836337146
4.373227037959997
-0.965303219576651
0.306416307155773
0.027354459166222
-11.285160039873716
1.219983840782715
-1.934183377737166
2.451944935043806
2.961036657352498
-2.284929478067280
3.576239540749743
2.618333907672349
-0.828914787010407
3.108704118954040
-0.426172648067603
2.035639654481019
9.074220260463315
-0.323910200165150
0.268295372395330
-0.551673355249932
5.170511620290794
-3.246587817041763
1.331326831483358
-1.075106242409709
0.414728410738682
0.147997356181231
-0.199318448709438
0.979264111501612
-0.468481334239778
0.084186468481968
0.151969530117122
-0.090510319337953
0.800193259806094
-0.419994792454708
-0.032506275667910
0.014771705627209

-4.325857324967685
-2.517143192834688
-5.005042048939386
3.617140513795480
-4.069754533047924
0.974662819801692
-2.509279160516401
-0.683139676520948
-5.598364977863064
-1.784963921805334
7.836536190690440
-44.852098880136360
0.736898173140021
-2.366179600926314
-0.312228215399459
2.440088092545555
1.871408061153441
-0.895551908000994
-4.144705365280402
-1.981508545768211
0.568703586177147
5.864693444095482
-8.520452086870902
4.498425757984764
-17.077471949993292
16.788445895523594
1.685833034403570
-0.722003646896726
0.683851266354954
-7.267090655357476
-1.052625615018461
0.028767703318395
-1.952787503498574
4.729760132170453
1.617579085605590
6.965990719843106
29.437469860354398
3.069541345214065
-27.273600224461873
-1.909603819878565
1.569649070120037
-1.488752480313663
-0.383524138468265
-0.823901615222062
2.089317010469428
1.751034075191718
-10.847764497962913
2.814193863449360
-4.546055552998800
-2.262890675259832
-2.021862734180090
-1.348698812944366
-5.599705920668261
-1.330483399351821
-2.865293266173048
-0.943129712554136
1.668342710447038
2.063710004598529
-0.641240391305619
5.896087271749831
3.490688955076047
1.846059530173964
-1.618343469384992
1.778139319753326
-4.402386662337456
-6.074477509884364
47.827120222325682
-2.723229287588507
2.384233053401101
4.061108386646237
6.659248416223369
11.292183264239373
-9.235853316034568
-2.781461687694462
-0.515507496793318
3.054990600748943
-0.263200449451025
-2.883143722703865
-5.797598914785243
-3.852036249627449
-2.017092510545559
4.284083672625786
-8.680187004506092
12.989202133605714
1.372018153920817
0.782539229690614
-0.232457681555773
-0.470088893993181
-1.108435689304886
-5.616724506882314
-1.252663737462096
0.660962974713211
1.773397849428298
-1.926514095747510
0.907873432883473
0.061179293849374
-0.284607269211117
0.055942648136952
-1.317481303258818
8.143214144920046
2.046880640071020
6.205487937966556
4.507366453491990
0.841252938882884
2.163012423808536
1.810306284328197
0.964994016383850
0.603438029124033
1.143193837445167

0.058294770591585
-0.199920102666153
0.022112644004877
0.174369893283261
0.188777547209990
-0.360252965712179
0.178461746928982
-0.551091653776946
-1.330969234661701
-0.432139069614375
-2.361295864746755
-2.672343079169670
-0.290804267268059
1.041834392754037
-0.064270815588864
-1.764816087051361
-2.381486944226119
3.091566774995532
0.863787202000108
5.029010474620073
-3.725473500354186
-12.419823032022329
7.163250762547190
-2.818320649940000
0.743686650244255
2.579195281914694
5.163773194958726
2.742962108181790
1.639535520127589
0.601862436230776
0.504543656904663
-0.638078381361464
2.044197693484612
-3.326740111164073
-0.780993847766267
3.660761359134376
-4.012626219127879
0.176922818333772
3.665050207306861
0.171777235981960
-0.361477211626654
-0.072897711179945
-0.202141813869308
0.177738818973475
-0.009931711543584
0.079661619921728
-0.018227911674733
-0.028916637847911
-0.008906195700183
0.031689423580157
-0.015719064941839
-0.049872062025242
-0.014501795611571
0.699494573127310
0.608506179144496
0.070355788112791
-0.249014702485703
0.091538054784480
0.283688704121807
0.233366811611614
-0.723634037503565
29.931320809029781
1.569729765977997
-2.697233112360341
-35.404142186294195
-0.791317688378987
1.651885874692423
3.408705251886884
-1.610087130462261
1.502718591852099
1.048950719266878
0.141158417497879
-0.838645413802565
-0.007427444791386
-0.009415326511507
-0.246357201834332
-0.051814784719858
-3.208789430288332
0.595038958796892
0.339988024534079
-0.721831261455727
1.881719994872177
-0.872573221010635
1.099487962978622
-0.260837899347215
0.141043377887411
-0.115434687020237
0.310516127648710
-0.317264902266224
1.151410943069734
0.002832793197968
-0.819323477978824
1.169285728785613
0.240032202684266
-0.805690715166144
0.612924681309235
-2.640860157074366
2.838107960351536
-0.405176087825845
-0.166371797732773
-0.158881158204274
-0.144738919359816
-0.170135915265931
0.086328656221953
-0.019104283472954
0.122077186106621
0.109000222860101
0.092283205184881
0.541818895269968


0.053171  0.166236
0.105000  0.191940
0.047224  0.168246
0.112325  0.159091
0.110945  0.145961
0.125164  0.133806
0.158054  0.115048
0.225365  0.130850
0.197714  0.154222
0.284428  0.172177
0.193190  0.165097
0.262574  0.217925
0.373482  0.206096
0.304873  0.193175
0.356966  0.163523
0.402482  0.231836
0.354883  0.285633
0.421657  0.221956
0.441305  0.244965
0.491688  0.249901
0.510730  0.258854
0.469307  0.278935
0.491397  0.299481
0.518592  0.311687
0.564158  0.358408
0.566616  0.364818
0.451338  0.330075
0.375164  0.404054
0.347556  0.493314
0.393875  0.500686
0.278921  0.408792
0.303213  0.342827
0.327662  0.348261
0.325419  0.376914
0.309059  0.457260
0.269645  0.478875
0.260394  0.498503
0.184925  0.506725
0.261433  0.496076
0.216254  0.434084
0.198429  0.545247
0.162309  0.500823
0.132474  0.583645
0.156492  0.608512
0.104151  0.671805
0.103613  0.593211
0.044507  0.595562
0.086556  0.613167
0.083309  0.652845
0.131052  0.734382
0.111500  0.269697
0.100543  0.241955
0.128325  0.229274
0.171809  0.280068
0.233978  0.295954
0.274004  0.797893
0.281343  0.621620
0.377579  0.551358
0.347885  0.415154
0.371447  0.437262
0.468951  0.487319
0.487316  0.459183
0.524024  0.514302
0.541138  0.488423
0.481741  0.452785
0.287709  0.238463
0.265468  0.217475
0.190202  0.165905
0.209112  0.280869
0.244628  0.193350
0.155466  0.173905
0.122090  0.220127
0.157620  0.222033
0.112028  0.234995
0.152986  0.338241
0.220681  0.466870
0.172492  0.441982
0.272372  0.476135
0.245560  0.522195
0.220053  0.487594
0.292922  0.476346
0.289038  0.306300
0.160648  0.182468
0.160944  0.229078
0.214624  0.507300
0.298602  0.713487
0.237284  0.490657
0.169084  0.540106
0.264830  0.513561
0.339000  0.375139
0.521830  0.640786
0.578495  0.861370
0.453755  0.629723
0.354673  0.647606
0.382231  0.672768
0.359392  0.719553
0.380569  0.881229
0.337013  0.893712
0.000000  0.000000
0.000000  0.178742
0.000000  0.357485
0.000000  0.536227
0.000000  0.714969
0.000000  0.893712
0.115699  0.000000
0.231398  0.000000
0.347097  0.000000
0.462796  0.000000
0.578495  0.000000

0.355350865757187
0.410899523816468
-0.037431161573059

0.560038985648737
0.473514879020289
-0.066214548303404

0.932795021077666
0.282121939362256
-0.024490047219025

1.228623758398349
0.214160592032076
0.020352006800687

1.599103249856041
0.103561675480953
0.054802164195683

1.860298411717679
0.008836342510865
0.040001926572372

2.258231309603697
-0.104823067423310
0.044772362951513

2.777467742032266
-0.178334773298665
-0.086765821889242

-1.195365973605911
1.519060680011103
0.896299653612577

-0.159183271555865
0.593111402644862
0.412200988042350


