0.050000

0.600000

0.000000
0.000000

0.363028
0.947930

656.237050
0.495410

100
10

2.784897503020034
-1.633137194178721
0.372390416628466
-0.105263715758829
-1.001871449743467
1.318750684028175
-0.166734702727013
-0.638255244958787
0.583064785132223
2.962531719355249
-3.341356589157089
1.500156713825160
-5.082825928727014
7.477414080212329
-1.300072871480509
-5.563109222895772
-0.590650883572534
-1.290918815815373
-5.623804219159767
2.768019720836226
0.453424374268871
3.870159377041436
-1.485060996281752
1.229255341397477
6.019855783664935
0.750049247101785
-6.725294054412751
-4.535907125630929
0.933270644513647
0.130136754625802
-0.781420716588471
-1.335296536628254
0.594257267919023
3.864816358336021
-3.999156794274004
-0.437044601033177
2.107926225129407
1.946363778143814
0.763221893814031
0.142711687430655
1.261378677195090
3.871452308571267
-0.803766078866914
1.591828945664996
-3.920212849456336
0.294245750358673
-0.316859577717956
-5.811071804171633
-6.349469736842286
-0.783532890330635
0.302296507716448
3.507988109486779
-2.374087799650483
-1.565264836695883
5.290170846338201
-1.621382134676357
-4.773452470371390
3.593109643578682
0.754755599025814
2.601213567283558
1.058110386724784
0.918297226182997
4.581361328213229
1.205631328594634
4.670313764697551
1.037883847971868
1.182802616561889
-1.351638319472490
-0.723959336040953
1.913393092142334
-2.824613150746858
2.094619190166342
-0.471946777621910
0.480391968006815
-5.455761533796854
0.279896564988603
1.663980903685291
2.141162267470100
3.356837198531716
-0.062884630461777
0.278382908457841
-3.053324403171490
-1.505170005716450
-6.735140503968757
-1.980545881194442
-0.107363842456286
1.516979043659252
1.504676316654522
3.126741596430325
0.227631178260239
-0.307456579095826
-0.250401474055487
0.433919616435686
-0.354050262879441
0.132217292083617
0.013909816186616
-0.401318860537608
0.198654526060098
0.085304500580629
-0.202355380677297

0.539647194397717
-10.363218430038431
9.721801584953512
-0.220901284614296
-2.704538304871319
-0.695564825466203
1.222857068305307
-1.103582134202250
0.912111870150355
-0.653330780368425
1.177210550116751
-1.655464509671051
-1.643581969826047
9.093769683821307
0.276437875439412
-6.771306887982581
-0.694787299370175
1.309460299161208
-3.784626839974170
1.294619604924668
-0.238163086673862
4.794089058874627
-1.136378622576788
2.753276747814691
7.664716616617786
0.450885869099882
-7.787104935943177
-2.337950606522008
0.874839856932186
0.100016073413004
0.129129776613054
-1.004324963114230
0.119847774906892
2.157894154375273
-9.563492403990455
-1.114531272022193
5.129501562589786
5.103625774282778
0.143269421334362
1.138058533851113
2.018794189496003
9.150638727246671
-2.965951614012813
3.492047803577090
-10.661857844042478
1.292711402552537
-0.721970979663431
-10.113642443061105
-4.553602003986324
-1.393102234758846
1.344127089969096
6.087555661527418
-5.913121543769236
-3.509858012245634
5.296549381716185
-0.717897290389658
-0.129799692414328
4.818116207302469
3.709421345908990
4.912465109920338
-7.828334908438055
4.207700020056501
-0.604399700340455
1.954154724838829
15.442619186446809
0.647830836494065
2.763918303452746
-0.975884251860885
-1.977567189175874
5.376318581970493
-11.107184284627735
15.217527448783065
-0.804515984398266
1.586801470292937
-7.023741010651361
-9.282635870209854
4.611615308550565
-1.612156442250639
9.856344702259639
-2.148072185963266
-0.263037529018677
-5.967696002155322
-2.609248951489569
-17.737334177741882
-5.642249293112514
0.303204453301660
2.707046152507131
5.047125625068012
3.573297898212929
0.113693045082590
-1.471346058454105
-0.303303386733466
-0.002497977877365
-0.284175762724843
-0.346521396587857
-0.100111382137718
2.800572008408374
-2.546881306941727
-0.727892003715573
1.081176165213737

-0.922400696917111
-0.338764459330057
2.266720762192507
0.770048292946645
-3.641270502174308
2.090735442691034
-1.094853431797332
0.990764587429270
0.698015982980881
0.773015116386116
-3.402398760113008
0.297831938047117
-12.321316501901123
4.543304985058517
1.644206596125625
-0.812173241641776
-1.102211990711708
-1.950410014963677
-1.192658783093967
-0.006535919173875
-4.813433229826575
13.067112840129239
-0.047432299985854
3.287998740527756
0.455813511783752
0.692096320825521
-2.690406259883196
-3.354339447700355
-1.498675789004374
0.008888519722305
1.053536959322809
2.125029960524044
-1.918242369771785
3.990235558709837
0.156164297244869
1.990903231193166
3.217865695626766
5.168939043841692
-1.099192694163005
-0.734080382776587
0.450037686186035
0.877933251062969
0.340842865604222
-0.010287185500129
-6.523148207385139
-0.178492241329623
-1.244362985815575
-2.351957204396244
0.930227381352049
0.028224784829934
-1.051631142577106
-1.833550188142707
2.426566556393979
1.862632513898319
-0.071463345114782
3.057054569977165
0.651140114291114
-2.571314447231735
1.246903449319141
1.013873851388100
-0.422872210579521
0.527674642079696
-2.832777723404650
-0.690478222523068
7.526756877806291
-1.023936850122089
-1.036787440226596
-2.507443676824553
-1.130314279745280
1.264035409040345
-14.828817887708638
12.699857973506953
2.201582682411025
0.462233863691133
-1.574346008190543
-4.605050322535091
5.998776602873563
0.640089354917064
0.808568684826609
-0.199263301525050
0.457661452530451
-0.778694155401091
0.583602080089237
-7.450501774828416
-1.714103821343327
2.802710266601864
0.533330442149927
0.609637586639348
1.660874340001705
-0.359742486389207
0.009840098856511
-0.576562400387448
-0.243815652855568
-0.092127035374837
-0.335944484097037
-0.091962279011058
0.921359942112415
-0.793825604320591
-0.392976253991171
0.576089956221367

-2.044835001977775
4.035385541564179
0.485878169351549
1.047157046181130
0.577195122896921
-0.415428850627590
0.825008595991326
0.524653844112916
-0.779355597912558
-1.507089833741321
1.303716477160768
-4.605269563013317
22.348085730899154
1.376889440300379
0.407833694963332
0.013079931445689
1.016974805056456
0.129860104488395
-3.037597278004989
1.195098309580100
-1.118940761982470
-18.767247650771683
0.327999217577203
-1.499447938174374
-6.857729917863955
1.828895964637178
3.445948995382072
4.918784019449467
-0.414436756636521
-0.328997903873439
0.670994782156066
-1.094777067190535
0.195769015179157
-2.120877770629652
1.133100850602391
1.681752957660211
3.759285589159531
0.682988254421675
0.808387805561239
0.435863583881495
0.803000971549412
0.304951427232932
1.723597702646301
-2.510441777461728
-4.971897044586238
-0.310975210669725
-0.320497999749404
-1.883000724352014
0.788707808094865
1.067266419372577
-0.805833357514986
-0.752048216917187
-1.596258561836853
1.760226276926211
-1.293958916338173
5.235771535801658
1.477068439366023
-1.701132645156835
2.804483025525827
-0.034014734754812
-2.274457179309425
-0.234328380780467
-6.432921943358775
-0.456565530194979
2.948070387041700
-1.211327680520169
-0.312006842149495
-0.216681627645197
-1.443194248841644
0.778825039043814
-11.409397584147429
8.073551746943846
1.528674016823622
-1.264377613245883
-1.997701136178160
-1.435702307096387
2.633167256317394
1.681216816007411
-0.358396955354271
1.949769071114995
0.085183809681569
-0.427020691200407
1.375475156859571
-4.791585225277981
0.502172794779195
1.501352808225138
0.977040060860755
0.208786903802804
0.391585188543171
-0.476922272460724
0.718846265088825
-0.334228513211305
-0.828005245599155
0.168782763594442
-0.230922756996187
-0.107679274731002
1.093974104945364
-0.807521876055730
-0.901475984286796
0.966376353060065

2.989673276908044
3.261245402863379
-0.821546604744206
-1.877902828548807
6.128479793274195
0.459183409774236
2.941416395641594
-1.525452886730117
0.546163847364987
3.012092241602822
-1.073550301297861
-7.680203573829544
39.959031024430686
9.916832133621179
-2.709167146547318
-8.215007001951760
1.074150891221169
-1.445785252759192
-0.404347068621071
-3.239506399103357
-5.272780534461433
-35.434992178050514
-0.250483562462682
-4.609708650985632
-1.005632347798102
-0.993539915491760
1.276254590249000
-3.645682670245572
-0.582866880228841
-0.200129957863034
-0.357824162266739
0.422303815862773
1.413151527013000
4.178326642200460
-1.494997690832818
0.590555080674814
3.248600177382624
0.117768710526924
-1.867173293804534
1.667696911390251
1.082255483744482
4.111977558788662
0.547307420285813
-0.708504638985327
-2.433023889399846
0.300608575301462
-2.543962897903867
-3.349159831049358
-0.173962991093866
1.576752088797368
-2.763511615663052
4.791515017352355
1.906750013420014
-5.927069640900164
2.769579014300733
2.163290007334131
3.573801117378714
-2.018004812378904
3.217027588922728
5.413872699350920
-3.840907367635342
1.013006746504596
-3.620073378868820
0.728069651603652
4.179035594470666
-2.643040491679701
0.822409212311423
2.209355144252187
-2.695353167838427
1.082185651859891
-1.796871956014935
4.522825028800620
-0.076130234164008
0.334285700121852
-4.164441050050541
-3.072123601136071
-2.903178182000539
4.142791652920129
0.597400943247821
2.944149167449116
0.050257655972535
-6.926174124198176
3.415771902025074
-6.538554505834432
2.049974650856787
-1.888817455021908
2.478291612805697
-2.002028261514054
1.513387882412870
-0.229360381083476
-0.008817458523988
-0.359717352981029
0.096224854297576
0.160490816242604
-0.071244348714128
-0.122783171343311
1.853944598770698
-1.487237380649299
-0.760674001598253
0.981488177611900

3.706401250753733
3.765812265742214
3.209915436652380
-1.853053810928883
4.929140459493946
-0.563478337229557
0.480643161143848
0.938749771799550
-0.494618387288746
-0.164769588157550
0.076492722829331
-4.028777944458787
16.130980652189379
0.845913254036306
-0.227962968783354
-3.031929674943924
-0.396584963677435
0.910970936368779
1.320799825874245
-1.846549689385447
-9.184978506489440
-14.096310225729242
0.813409092048341
-3.515076407020119
1.288366406506327
1.222796178008880
-1.953231469833408
-3.805117550407962
-1.237820481184516
-0.587425776289075
-0.476765196899862
2.457581227552600
1.417714428489347
3.112093651591512
2.161325331843646
1.979569368218006
3.764763690815108
0.992750811455975
-3.844850339272794
-0.703247105345268
-3.808592122302556
-0.738693668861444
5.054865447404800
-2.120020586569138
-1.781976960978445
0.226700516125690
-0.994077365327007
0.954378499802964
-0.697826611028581
1.489827341288273
-0.100035348706965
1.184417356739365
2.493983929471109
-1.082778899568656
-0.093809306198929
0.080872377965429
6.997117283973719
-6.993187391510540
3.579229698603192
3.264836181725180
-0.329916585360016
-1.347716820093409
-0.927980457962691
-0.247080306881094
-4.469781487063242
-3.027146074602350
-3.141199566810177
-2.027772612793161
-1.279604235368656
1.946287966255570
-4.790767810828271
14.380463156961527
0.618983360500784
0.330180108896338
-1.812743840805969
-6.551127812463642
-4.162001392130559
6.092141246626285
-2.812514263946654
2.298093233567097
0.222566557932997
-5.703143959285459
1.695024099919330
2.512309138185835
3.434921436604603
1.236241027181990
1.147870787672345
-0.505757697197579
-3.222500406100305
-0.099936312282506
-0.051330786121616
0.471040275277891
-0.584081522273485
0.058250944132274
-0.100689679399738
0.011948527197309
0.255167735262792
-0.030357208502186
-0.194671965143995
0.279461438552545

8.362271321207574
5.614141467302424
2.999437094654697
0.380213193844663
4.706906992166714
-2.641933379796365
3.448827052253074
-1.513950886402669
1.709511560836202
1.821641743224855
-0.701667713082646
-3.459434508840744
-17.216821015805046
1.156986352574351
-2.741805355667537
-6.837392070002819
-0.129965536518424
1.742919140336374
0.235739786397224
0.146738339033282
-12.179692949633335
17.821399748961856
-3.041249929339762
-4.268366392166461
-0.422044798095247
-0.180623625807610
1.096155623546572
-4.688727203299832
-0.570506969565403
0.257771336677329
1.625110241736428
-0.562777894407409
-1.838674999987602
3.466282597447798
3.741904556125231
-0.334774497518321
1.378550021114537
1.199416125160073
1.373223287979884
0.269115543401521
-2.310355715043898
-3.227417206188977
-1.392558573487683
2.274895419063047
-1.458541834845067
-0.181657913376692
-1.417700604439792
-1.006439056434667
-0.250406651350013
3.347087929591107
1.182147972220232
-1.488230305394698
8.255649819702333
0.786120815131316
-3.089203728315813
-0.867451513427365
5.903182927332590
-5.093974623540230
-0.870300506101442
1.536434282797119
1.342703915341479
-1.356936046354526
-0.009989498240026
-1.982349830877939
-1.792324938797515
-0.848210204526077
-1.714208301654334
1.823327763771678
-0.204140209424853
0.909056521451100
-1.826308060303276
1.045926861964924
0.239554602492204
1.032463539323848
0.536474418749032
-2.202828368530494
0.769741574057106
1.123116598500188
1.229965987957220
-2.418789835780393
1.037762310704725
-2.449894326958821
-0.960377790147505
2.900739749471264
0.293821354372557
2.469114057110201
0.172127961803815
0.405626015059189
-1.170827865288899
-0.020292099290226
-0.298138234530503
0.300295543593229
-0.568653238204616
0.340532680454993
-0.066725976296078
0.014556550390847
-0.288997858384443
0.331104433346756
-0.391791085574325
0.398636991972742

4.175608987465560
0.645335946871149
6.212946978310856
-2.787080374834380
4.699329540236223
0.872311423622800
0.892437051772934
0.547721950905085
0.258118202467488
-2.701186998869212
1.325293478322589
0.835165425164096
13.502949326163835
1.405239198986166
0.546889306208366
-2.443760431600199
-1.781007605166032
-1.868517330157539
-3.481685867190568
2.623208593052146
-3.444174330680848
-16.811726543948936
-0.137791904499465
-1.336572282646286
-3.968814914750103
-0.098990412567654
3.404745639984018
-1.250169417423736
-0.790758638017030
0.332016954104178
1.250481722984118
-1.011450906165451
-0.879201385729258
1.083796111089098
1.308473287268096
-1.740876573688860
2.491769942011596
-1.794546809202836
2.317725669092603
1.427248109686347
0.260797731044150
1.926239937016355
-1.635178856727749
0.569150498931924
-0.694905293725479
0.575743386659479
-2.501954691673133
1.317132280685220
-0.794599802243502
-0.075804083357331
2.312156408018583
0.245175990138124
-2.465703713932729
2.196511220268438
-0.310492927087787
-0.866280061230846
3.188836894975500
-1.809625705166334
-0.458491957201573
0.197770412570516
-0.030169358824419
-0.244480614969604
0.301072237629855
-1.860892074790316
-1.292339419766350
-0.698894812801943
1.555839932004333
-0.474191039115841
-0.244603659537112
0.278191406232426
-0.404512239682804
2.500129755565868
-0.886006683472211
-1.047909308604640
2.738415074001655
-2.249415199925416
-0.135059902769901
-0.890492979884305
-1.229710308661755
-1.841461265254149
0.402276870344195
-0.901354113173258
-1.867252536400275
2.346552642259318
1.235309348921049
-1.311559652659898
1.422356386087458
1.621241125391466
-1.716751213875468
0.020956709390085
-0.440643466177993
0.244447833725028
0.122014684828959
0.077850616279401
-0.138031447224294
0.004614901189083
0.024918270177182
-0.035805740974108
0.094603082746363
-0.056231556229346

3.140363994735671
1.727465397580793
2.373752089515122
-3.562526136619348
1.381956467879279
-7.271043507993214
-0.867668734427803
0.759697987477245
-2.093786241286739
6.398220900905910
-4.080538494165634
2.406046445081359
10.993652090559758
0.203079592868674
-11.771357917624426
0.135316900440526
-6.569021728642235
3.602314011352129
-0.580964573283052
-1.821399938099590
-2.562906056087201
-12.820266355767524
-0.019100135649267
-1.614175041609135
7.762061846938580
-5.074111798558714
-5.209843897657632
2.482017636649490
0.814461268079039
-5.190200247636691
-8.482332455687292
-2.062279613248532
4.453282391560168
-6.320350599216650
-0.083064832313618
-3.038682675015312
3.057799885402945
5.537678339452612
-3.373331425239497
3.978284455873104
1.658804843174852
-4.176310819628012
-4.498001898149981
6.962374743799312
-3.159037753341856
-0.329898707241439
-1.076178943381403
-1.350859096936091
0.444636557194004
0.271598553096621
-0.945603221596534
-0.514057222250503
-0.055153580189765
-0.501008554652985
1.873313088143414
-4.319901135846386
5.075522397181371
-2.694557855897611
1.716168338236000
1.755369092483196
-2.745980626887985
-4.746501609339809
0.443148709285648
0.210073215869858
-14.769376156792754
1.767107688382742
4.177962732035878
0.597387387776758
0.586020093942788
-0.338560401441030
12.448843188169910
-4.296233551221064
-1.050176823888665
0.850232582839819
2.397511952073585
-5.832649274868875
-4.133996682917172
0.189109814726981
0.505258890537576
-2.459683556420269
-1.733526430556986
-0.514711610467496
1.880421116975834
13.562152256303515
2.151107100490472
-3.604856562715624
1.932382705136702
2.041881250128387
-2.350188491909710
-2.131232044279354
5.014282500710269
14.063129288052957
5.333627319737796
7.386274467448930
4.610110367917378
0.889429001513618
1.357543455634913
1.022362053400345
0.554590996133716
1.860005533673140

-0.003387770551927
-0.003424138642820
0.004243683439197
-0.000589739768354
0.000905642642364
-0.001471269059529
0.000950098790304
0.021441681623332
-0.000662907437512
0.001065125373197
-0.000083010404168
0.001736412705914
-0.006207992481486
0.002080565392043
0.000381180352725
-0.001177474129884
-0.000183165563051
-0.002383917448460
-0.003066657521507
-0.001405496932486
0.003472967129612
0.005201110626791
0.003481100073999
-0.001810385845854
-0.000586129557288
-0.000547325194470
-0.000658139234059
0.004747991415212
0.000309299991987
-0.001075506572617
-0.000256220415972
0.004039931278529
-0.002071202771175
-0.004086000957049
-0.008501117916024
-0.007655654958338
0.023297160124021
0.027576513177074
-0.001700226081904
0.009275911868025
0.051289474697542
0.009618183585562
-0.160986888115585
0.075782270331249
-0.032731956641040
0.007717388415270
0.021463396907942
0.011160893091777
-0.139272985367405
0.024376175186950
0.000595624109225
0.009548410710044
-0.015351350892722
0.001874258329351
0.045127406393817
-0.007069234720154
0.013196532141689
0.001168211135243
0.024118026551382
0.013436361189523
-0.020472563204273
0.003734748038986
0.043468525924394
-0.006408340964878
0.099398538351219
-0.008422884505448
0.022521409566276
0.006864876103448
-0.009117249878376
-0.005317444288572
-0.371680008595561
0.177821312240215
0.039484207417127
0.002548918342415
0.010961892973992
0.038583578999776
0.116207105821961
-0.038754305501524
0.014673894148625
0.021992507344837
-0.003252342538461
-0.003274738327863
0.007015880350482
-0.129058019163857
0.005306667952103
-0.029136353338959
0.008395400933625
-0.003866965465250
-0.003714752044899
-0.001364679476535
-0.001077337288386
-0.000759807384566
-0.000723165545184
-0.000599546481814
-0.000340739775225
-0.000100776108593
0.000424560264813
0.000653974821161
0.000221456308677
0.000887442927968


0.064304  0.390887
0.111155  0.393519
0.114194  0.408529
0.096703  0.510585
0.097017  0.532294
0.032760  0.301842
0.081621  0.268359
0.096932  0.281136
0.044748  0.337579
0.048442  0.367098
0.054604  0.363215
0.065055  0.410946
0.068696  0.417458
0.090593  0.372126
0.033996  0.381564
0.080153  0.369060
0.044003  0.406118
0.055995  0.301561
0.106945  0.359181
0.093982  0.342749
0.128516  0.412942
0.070569  0.418728
0.107964  0.449666
0.084362  0.549565
0.097851  0.681982
0.058444  0.639848
0.097641  0.664735
0.102399  0.713821
0.129650  0.868113
0.060613  0.901169
0.055710  0.803469
0.128379  0.819686
0.104478  0.809606
0.092057  0.713431
0.154698  0.692944
0.224645  0.912999
0.225717  0.785278
0.162517  0.761462
0.147887  0.788152
0.228138  0.887756
0.257124  0.706400
0.169027  0.689558
0.214366  0.708088
0.197064  0.695338
0.194853  0.771655
0.293524  0.947930
0.193521  0.674782
0.308591  0.605984
0.162778  0.270746
0.194207  0.327077
0.307474  0.355977
0.167759  0.414409
0.140441  0.431180
0.185209  0.386907
0.146602  0.316289
0.109010  0.209412
0.164433  0.169094
0.185910  0.173234
0.212499  0.199134
0.277780  0.286175
0.179459  0.143578
0.129750  0.135747
0.137443  0.231611
0.243624  0.375543
0.278531  0.463356
0.222198  0.484052
0.263462  0.587932
0.290884  0.751970
0.284383  0.862705
0.324225  0.713361
0.321453  0.764574
0.314454  0.755395
0.347618  0.772270
0.211008  0.599331
0.297723  0.673091
0.314606  0.743245
0.310813  0.781351
0.279733  0.651679
0.323664  0.631441
0.259936  0.509321
0.344513  0.222193
0.255884  0.245761
0.331113  0.414792
0.269323  0.463843
0.363028  0.572209
0.284307  0.587670
0.159773  0.488973
0.337835  0.535449
0.344237  0.595572
0.000000  0.000000
0.000000  0.189586
0.000000  0.379172
0.000000  0.568758
0.000000  0.758344
0.000000  0.947930
0.072606  0.000000
0.145211  0.000000
0.217817  0.000000
0.290422  0.000000
0.363028  0.000000

0.258280704568430
-0.068507069067022
-0.007735185523874

0.541737511328654
0.362369972203165
-0.224992107262569

0.987839066859065
0.280231542415645
-0.025117586902925

1.329750726022614
0.099603970179832
-0.005524923667477

1.751066160611426
0.081992258327088
-0.077185490638428

2.190138511724523
-0.090006406282401
-0.109091765524702

2.459244531178846
-0.010374377372551
0.050091533118506

2.715667103900286
0.082403028662573
0.027061061372664

-1.063971196513663
2.553353023255010
0.787476491179414

-0.000518195258395
0.001806922003605
0.000464441261662


