0.050000

0.600000

0.000000
0.000000

0.585613
0.852450

615.436533
0.753086

83
10

0.191609713390227
1.633181513324710
-0.298188554291305
-0.602513006436555
-0.013175201962465
-0.384934592267685
-0.611664689192315
-1.910419550824885
-0.604911737998844
1.818681868704477
0.419764037364111
0.464298990467264
-0.774714027343753
-0.226115184387555
0.241048472882199
-0.033819429252269
2.851681857668988
1.155311385859530
-3.317521812283583
-2.001100561458594
2.921534875157936
-1.240270058167103
-0.890678227561773
0.673232072872145
-3.717988034804191
0.522383636124750
-0.465409071465720
2.296063610757356
-1.471351229322313
1.838736852975758
0.743363297926608
2.896507619174669
-1.318983695438866
0.809301073524203
0.317301546090937
1.630365183990252
-2.101555210263565
1.292177616616148
-1.510817356546064
1.860224047240836
-0.533515199330503
1.206474561331970
-1.460602372454455
0.902921762485079
4.428896065067017
-0.425635820753803
0.120680877644160
-1.290754008112894
-2.489690802394372
2.627312634889570
-1.245414566973478
0.988369281629255
-5.926640425890056
-0.522898115488160
1.240685965688894
0.745815295870745
-0.591749971520795
-0.053770569244474
0.516893171030491
-0.344843505203016
-2.185047179385321
-0.128757561942679
0.573548675657620
1.440339714736659
-6.952089091865150
6.831786770756417
-0.756106944847446
1.498063749140865
0.959513046184331
-1.569156285575127
-0.172701497055010
0.684280923929760
-0.139284061684076
-0.504737793428222
-0.016689728332259
-0.395055035364982
-0.197522415620702
-0.302200680962899
-0.017266325459863
0.334619437980646
-0.034285077716616
-0.284471285300014
0.360046386506068

1.112471862803665
0.571616137568541
-1.320980572396370
-0.118801478623582
-0.444575669763323
0.491934211213606
-0.462686809690672
-0.352650458862136
-0.482335789785146
0.275211679408008
0.229893120676331
1.755246614776600
-3.405567354862765
0.043828072779952
1.746302777665491
0.772325043766677
0.309469034701741
1.202519527989656
-2.133079208586507
-3.014391867821500
2.573913204720710
0.359955174713874
0.843624369861124
-0.440792273318248
-0.668028687882382
-0.000929866550026
-2.153850934536090
0.939460753012372
-0.747786631064030
0.029954354302767
0.008141946460667
3.722168917461133
0.313166631255476
0.702324717023297
0.542197166460895
-0.979264233689880
-2.978603363054903
2.944695713475957
-3.258267753556411
1.845013363580988
-0.472107374366949
2.976229638740894
-2.866316192375947
0.801867838008797
4.367793009727249
-0.876797990910873
0.181760473702112
-1.563681588842696
0.420308529608749
2.408880102124393
-0.904507758403592
0.514460732232682
-4.984989062194983
-0.366825302421462
0.373650076019582
0.023211562861007
1.007208291564193
0.060396759427016
-0.402661037456521
-0.699783258494161
-1.753937600862504
0.242638065236040
0.449002087405518
0.896555119044792
-5.858895058048035
7.045828375119393
-0.429136547630813
-0.721272877929283
3.006330355841538
-1.675981576064211
0.856320887338328
-0.981813201921852
-0.211564524710244
-0.512477067382407
0.101787238382195
-0.476222414777724
-0.421762499030658
-0.131807321148513
-0.054158621659312
0.392103380744859
-0.627970051837117
0.119757028357052
0.375737956782427

1.490870806539066
-0.868942108930452
-0.944845330864847
0.090365964599230
1.078227052893106
-0.838795851602246
-0.444039515376401
-0.802802369790181
0.160073038093232
1.557618307503006
-0.432192261207953
1.868972366649255
-0.329227597415596
-0.433927674142987
-1.152521335184850
0.147817829017962
0.583836341913287
1.927363507187453
-0.156821081739037
-0.677842811059085
0.101213929964679
-1.232222826974250
-0.292146330717134
0.211296878457944
3.236359791320820
0.600953841702148
-0.326659710569654
-3.092144124093855
-0.014194779578742
-1.972726863084954
-0.262610059344023
-1.122808409129869
1.214834794934516
0.949652717359221
0.608432021995146
-0.159943052831659
1.725910561669596
-2.649692059380906
1.043014229962730
0.520067888578765
-0.267860270740859
-0.177957094994732
-0.402251376051656
0.992883881444862
-2.923430357426466
0.629574170763748
-0.423275302180210
2.320735673651004
-1.352940134886241
-1.202197800685506
2.739380924705558
-2.578701431269772
3.204227567270205
0.130639733314530
-1.009808026192396
1.338115234535811
1.870808982338297
-0.683224927992867
-1.791571146674968
-0.218421489909632
-0.380350874916563
-0.432241354393624
0.445693355348614
0.300683991832042
-0.368052004344749
-0.172906730097715
0.583195867935993
-0.871055261796654
-0.528994742542009
0.612984441573950
1.744279061220124
-1.478953030237650
-0.320190254040986
0.181016235535574
-0.289391069221994
-0.302975610772753
-0.536010526073386
0.126892416501136
0.210976919894795
0.306186318642838
0.131458355233519
-0.264833651497423
0.198085621290639

0.439416788538748
-1.560795152795937
0.601289779035485
0.516037289197653
0.195138617311888
-0.304301411849825
0.102727606742413
1.802456788287949
1.231764901220715
-1.087697229347569
0.686925113951956
-0.262156182095958
-1.061009581917956
-0.595009806141100
0.238023811455801
1.626842007162862
0.763569734633928
1.544098352480896
-1.570039644229931
-0.534176359921690
-0.794380633985051
0.644094577363462
0.288479150978008
-0.294144889066214
-0.279050833776773
0.129883138301535
1.731657215384018
-0.972579753765075
0.412227683240685
-0.060890228886074
-3.538083418802989
-2.295611759654279
2.259076347358109
2.553771139382777
-1.757971350408774
0.237254095927149
-4.626252578136520
3.991397512350581
-0.608141982886660
2.047468531946901
-1.257858734903870
0.947925757449121
-2.346117265218422
0.637856905608082
2.170165918014992
-0.155847020335921
0.028005290280343
-1.118160649240127
0.882142088165722
2.410769559010720
-2.264481818397158
1.979256858900861
-3.728097921169575
-0.130020357426757
0.842784250815549
-0.106563079246908
-2.214333997739814
0.193946860840434
2.028118245353793
0.337983375836447
0.472982071844363
-0.508315398384249
0.239319953727082
-0.147029308593163
1.122631850694908
-1.526151056518451
-1.472160654641197
1.570491265673754
0.711564502069201
-0.512898149563216
1.850624633947430
-2.069613225030152
-0.129744941691518
0.179583018792630
-0.332498609274238
-0.036249210261653
-0.145097899263746
0.058491998835794
-0.063523590529641
0.339467324102726
-0.606108305486327
-0.093979478352316
0.119431515245807

-0.458427699028451
-0.941174450104427
0.608580307824095
0.862060331397627
-0.266486416311113
0.729041444896505
0.769183418806209
1.396175409464131
-0.751961363068867
-1.944676605243674
1.222630616988413
0.513620516532290
-0.099613841435031
0.832634213767332
-0.154891176502296
-0.865245119976378
-1.279022029926755
-1.759118343561605
2.029590849945413
-0.454341672324773
1.340624552995295
0.379769962806822
-0.434414099295688
-0.194234939525792
1.918494156797443
0.322925874422115
1.774146051324078
-0.880702594083793
-0.929168548975664
-2.422978498912999
1.424963864281736
-1.203556366003072
-2.468759771818875
3.879158617039160
-1.966959179291206
2.191913365382135
-3.031826751336403
2.697685264212450
-0.993928966361727
0.848500425492106
-0.704085976539365
1.598239533905468
-2.128531616009608
0.047417299497387
3.162715686549851
0.094467914881333
0.509649732266316
-2.915144695481200
-1.233437686380084
-0.558978011493536
-1.819918789638645
1.888888636601313
1.073159207575395
-0.428539328212911
-1.126870463233134
1.368082787027256
-2.404230758941089
-0.859423872039992
2.368060759279919
0.388548276569137
-2.313635999468385
-0.168590962358596
0.571478364591903
2.131876149008161
2.527473884596228
-3.176543992217627
-0.716311367928996
1.187050817188621
-3.520551260827917
1.801566662152823
1.004554324294495
0.204948085479242
-0.038106731681159
0.013072053073293
-0.191211990258150
0.249543692735814
0.194937660448092
-0.250888378115234
-0.233045745188120
0.092444859579815
-0.196027304672913
0.067169304926173
0.198518404251256

-0.544305689691707
0.660440328868925
-0.173213132114095
0.042692622220540
0.441851307053338
-0.189135881224595
1.965607118103645
1.629442668081272
-0.633025407485708
-3.137412442553658
-0.060488483737373
-0.317883728943950
-1.281530153151819
0.394391843099946
1.026160667104667
1.095489477228844
3.779882166900370
2.393718862738487
-2.834089733412076
-2.108535877491331
0.962903362219753
-1.334167099140638
-3.890274250339069
3.091445208303568
0.831145355510792
0.235691846496695
0.211158672867315
-0.991411671952124
1.775145342976505
-1.378211574089973
2.263740165885546
0.235307085490238
-2.225571831928926
-0.358423999075784
-0.483063191248022
1.840880038744075
-0.046736659725881
-0.896861545265508
0.680299487738155
-0.256441736240306
-0.549659859878289
0.693769735927787
-0.734278472416990
-0.657188366656966
-3.992220973078489
-0.032643139409642
0.138580705623753
1.901476072724358
-0.846828396069231
-0.644296388599628
1.291657057351758
-1.670731310250994
3.594311519294230
-0.428133761889384
-0.302643220322204
0.177289938867128
-5.645095222753891
0.686128525864267
5.426536660514455
-0.049125445790178
-1.523601364348716
-0.351781300096173
0.602639904415300
1.020988841704852
-0.086557991826643
0.349402264701599
1.309250626295153
-1.711969545598966
-3.744348705985668
3.005580630481153
-0.098967023783806
0.937656889027647
-0.052689246670972
0.406144283882147
-0.139691556676573
0.082989238354614
0.263063263760685
-0.169141695971482
-0.249009941637705
0.355558535425453
-0.508294496112842
-0.285421914166714
-0.185314842163883

0.460783085750360
1.687162755032220
-2.066943552090331
-0.619835951622145
1.053778091562783
-0.598205174164979
0.955090016752748
-0.238983947623515
0.618609071173617
0.044073078669759
-1.566269789668842
0.622194847240957
-0.722302268281717
-1.079474530694937
1.786285642883024
-0.152251248684766
6.316113542891761
3.643861896733692
-5.004529377018636
4.291683059082197
-7.495759107888074
0.230480434952498
-1.015231706838025
-0.036329922078794
2.339476913752543
-0.056621814426782
1.502041097589826
-0.746229844529831
-0.163256142826562
-2.932966910079506
-2.891603890226556
0.509329884392427
2.524942708655479
-2.141867224348077
-0.405588194166637
0.132447270470852
0.704548552957032
0.901341005322376
-0.183091495203087
-0.801717231199484
-0.466968105300716
-0.757993883237492
1.199986074843971
0.490090805280209
1.334811193153879
0.167349652179268
-0.096761352987992
-1.148373053912032
0.281230260882985
-3.406307383831452
0.074950823817041
1.095834862080042
3.746413503177033
-0.179412991495515
-1.907082131325907
-0.834060877177150
-0.492096087183993
0.156325004297390
0.954902147153231
0.465469253230380
0.553371710249951
-0.093420079835685
-0.057444900150800
-0.681016193233342
-4.917030923496037
5.267985057733945
2.312550964139435
-1.747172383992263
1.327754866042455
-1.572506444860574
-0.320393045911440
0.137106408329909
-0.326389397816943
0.795092639315712
-0.107927269247037
-0.255961657250320
-0.193843812827311
0.161061833833902
0.035952121406728
-0.108391931676370
-0.165757319801148
-0.191795929093642
0.064684345213633

0.594178300031623
-1.316821768823699
-0.223425711998565
0.454812712817349
-1.536756166424016
2.020465829943292
1.211633811453836
1.472404376569334
-2.413373944541681
-1.574677653243665
-0.162121534368284
-0.051914834391775
1.152049564962706
-0.168813619866057
-0.608673398118931
-0.540675386835656
7.783505599819033
2.144836179042136
-5.766041912264929
2.722802980549118
-4.386977968610514
-1.429086680467154
-0.221868665995091
-0.571366060973792
2.598360567123381
0.966005614498113
2.034063317685510
-3.057393075379054
0.391758591827622
-0.854439447656300
1.460746164932907
-3.148825737680739
0.796569850962308
-3.151563551049033
1.087970378677975
-1.940266746237188
6.035726050423429
-3.550351617042078
0.284112518245655
-0.479745224619654
-0.667985062569548
-0.139404357795860
1.258107891103307
-0.068354973941274
5.752697153800912
1.134932141850972
-0.407395507868948
-4.050419706558289
1.486122745996983
-2.479651128298959
-0.163789402063210
0.524285607170350
1.664156043336036
1.316988324336292
-2.610822575847918
-0.850170662197674
-0.380703362926097
0.233656463909255
-0.253116394404142
0.732109789868207
-0.746970694060765
0.189011498735255
0.383024801460683
-0.235934646807485
6.052352938567295
-6.279293133918821
-1.417845623582559
2.032077926530612
-2.593091260970755
1.589219993925710
-0.650459630953375
1.444133533967152
0.008326549630602
0.370725034314138
0.329284365674693
-0.458178549097082
-0.257341829991123
0.135893944178029
-0.264373742795347
0.245069612954081
0.391718391186766
-0.331516637748742
-0.023897574965327

-6.937318599138057
3.300317226880068
-3.914303285172194
-2.489380945067956
-7.091710469525008
4.707918256521083
-4.380883016999918
0.457365204535781
-2.170147726632055
1.723756547208250
4.044272150099931
-0.622706140793126
0.371976790681085
2.887621321799041
-5.630642673597028
-4.400563935046099
-5.787234339187975
4.162720708468720
7.448067780203311
-2.246207470123144
-6.551287136461451
0.493225590031275
-0.242104301069077
-1.565607114891112
3.885868336625058
-1.031461934872213
2.634617619541036
-1.840117048367097
0.596935858843436
-2.134888613173544
3.876049093425161
-0.636506655009816
-2.140190263777086
-0.097528219827125
0.205040483778025
1.913875012110390
-4.272990316633447
4.322310458338214
0.525245825308668
-1.578856570624674
-3.372019589892627
-5.415150575569777
0.103571628752138
-4.154730180754138
1.166367309856945
-0.051246130762816
-7.774024314127302
0.432996384969904
0.257959366407561
-1.945434949832358
-1.645395050453831
2.119034227941672
1.000178002174450
-0.328332054300638
0.833715080932105
-0.511456076597364
-4.534887144898995
-0.085986431796451
4.517026509025373
1.772953697026386
-0.434505025310601
-0.198287687823735
1.899789235566528
-1.057836124333014
11.750827801626585
-10.363118897186931
4.891367709028576
-4.242836070300353
-3.970904226547498
2.644016523307762
-3.111515210541903
-2.977943161225161
-0.852497840905989
7.415735645104685
5.624981648749970
4.528515988480968
4.900732349860649
5.231777910591903
4.283216758239926
3.133996732950114
3.831332409027632
2.662567800635458
2.230898547558159

0.023966451081296
-0.041916420194440
0.165351908422510
0.125395038014256
-0.353106574172704
0.142961989357076
-0.199047220113550
-0.559721825330736
-0.739468635858556
0.857040661733714
0.272077669538572
2.012345855478694
-0.545666826578182
-0.896932066112869
-1.245434825127962
-1.232206081909698
2.372340953778723
6.884701273210466
-1.893893248016366
-9.392097109368857
7.850719565423434
-7.887989180101798
1.039397979888945
-2.472968214899610
0.045073294425956
1.911536530727720
0.584889436392087
0.425559999343475
-1.518522770190449
0.265665222312680
0.179455752582497
0.126148650381617
0.065301606651649
0.134756986144716
0.423075218634265
-0.949294053721240
-0.203501828444589
0.154164846768347
0.013728765583657
-0.045901265865720
0.042352877739877
-0.000107040500120
0.140485717186937
0.056733380256026
0.282803149637283
-0.055471160727322
-0.025848263538856
-0.149991089279833
0.590740109585697
0.003416198381756
1.523439158014177
-1.863980935563723
-0.151767779493771
-1.052253922167707
0.361971123496982
2.321569664496113
2.939302253801143
-2.641550931693130
-0.795767136534882
-3.211425977395906
-1.538919851075177
1.007374372394470
1.110021265810383
0.860094461305685
-0.600232540841756
0.799452573084996
-0.089659026981467
0.019891089160818
-0.024829591884814
0.012378614529179
-0.010742143482739
0.081193252407626
-0.482210016408782
-0.162025582590469
-0.167246678569585
-0.147659143109162
-0.149251792247594
-0.135691317330894
-0.097633005366710
0.045360320494604
0.971434473897899
1.939333274320985
2.546930095277093


0.044390  0.124151
0.074937  0.111200
0.081373  0.129149
0.072230  0.087228
0.131630  0.081753
0.127726  0.102586
0.186200  0.096449
0.142419  0.153136
0.210741  0.175178
0.159286  0.135100
0.254032  0.130999
0.323983  0.122738
0.342148  0.086436
0.393896  0.136888
0.312967  0.082306
0.387107  0.082923
0.507235  0.139239
0.454931  0.140319
0.498339  0.147363
0.455049  0.116345
0.467130  0.115692
0.497209  0.110450
0.559031  0.169714
0.585613  0.165716
0.308167  0.248051
0.333247  0.329269
0.228407  0.257178
0.327620  0.263361
0.260515  0.293293
0.285171  0.234730
0.182334  0.212215
0.196220  0.262437
0.185856  0.228974
0.205573  0.318146
0.193198  0.369892
0.165942  0.400577
0.178968  0.291779
0.161236  0.290611
0.117175  0.295599
0.082208  0.298784
0.080999  0.251415
0.062738  0.352196
0.096496  0.361550
0.124029  0.446238
0.159381  0.535441
0.142001  0.666871
0.046757  0.606501
0.140745  0.532308
0.177561  0.429692
0.187700  0.555041
0.228385  0.589536
0.246715  0.581712
0.189186  0.533852
0.292400  0.515982
0.222424  0.528718
0.393637  0.515246
0.382227  0.472266
0.453804  0.503689
0.372817  0.478334
0.442264  0.418958
0.300611  0.771509
0.371947  0.629705
0.367288  0.829129
0.265674  0.780135
0.228874  0.706647
0.222791  0.704533
0.160937  0.787948
0.159595  0.775734
0.104662  0.800613
0.116511  0.785686
0.063256  0.840121
0.086780  0.852450
0.000000  0.000000
0.000000  0.170490
0.000000  0.340980
0.000000  0.511470
0.000000  0.681960
0.000000  0.852450
0.117123  0.000000
0.234245  0.000000
0.351368  0.000000
0.468491  0.000000
0.585613  0.000000

0.358777601498236
0.564117922798878
-0.176156379483413

0.569639391004410
0.522035176200965
-0.170064222878693

0.981592384699580
0.293189433227434
-0.156430408709890

1.267995963904282
0.144365244896715
0.018507051766930

1.551992462543995
0.192090499371235
0.053119580968259

1.913991219769829
-0.005439418267760
0.101296756423757

2.271406819002232
0.060147141863704
0.173305834017322

2.663389573088968
-0.025604378042078
0.058712618467066

-1.502419308370933
2.000640246493791
1.376365146857739

-0.240269924209010
0.616094436222117
0.311034888196171


