0.050000

0.600000

0.000000
0.000000

0.657914
0.798998

540.020985
0.739365

109
10

-3.259867463212149
-0.957438434118249
-3.741145430290497
1.479274380399580
8.383149909337940
-1.712699709540918
-1.856141257046022
-6.333930050499106
-0.058332615590279
-1.984785386834041
3.168115824857038
-4.676819971465275
-1.205534008035871
-0.084901551537328
1.883549079424361
-3.950472568318696
-0.812629155131739
7.259223404511005
-3.296362694419074
1.474643698356745
-1.841517075597507
-1.199072207254630
-3.212487774083747
8.375120998928090
1.757286946634502
-3.213937621319977
-0.251278804201789
-8.657074185372856
1.645809874258303
-1.260583216885158
-6.532400895472716
6.367334567386752
-0.800857488094797
-1.003771406109907
2.681753499354881
-5.590270821734701
3.329816531041784
-0.592245210714536
-0.823864174048418
-1.837187503627229
4.854581047307666
-0.602988376760133
1.476151866936359
-4.569579168546859
-0.367984631218795
2.981295864377314
-0.976539086591404
0.038682723149957
2.216892299918061
0.401588871906167
-0.999011188472836
1.390688313554108
9.948724537557537
0.189555098307906
7.859812899477855
1.139765940561442
0.812941497886870
-7.712099349301766
0.922536562998670
2.232626524288024
-1.442245847905928
0.435057007151823
-0.304887615155823
2.818164382823401
0.994763798837874
-1.565382577221003
-0.143227583701391
1.038407801178485
0.552770524489147
-1.515660401469225
1.122539011974269
-1.115667594197750
-0.828842087363731
2.446012389812070
-4.365242894734402
-1.839826519171031
4.236304174705182
1.055289516490765
1.128514877646848
-2.086675098887417
-1.542019295513005
0.640714758039556
-0.788126187159056
1.507445764074901
-2.424283124454532
-0.439829122201769
-1.634531925753012
3.297860440965708
-3.578051339978857
1.111236359881810
0.282360711844762
0.576236429177383
-0.045630255238313
-2.256216527637527
1.289147131480509
-0.305348644203317
2.668385959044108
3.136330067907417
-0.324918574919586
-0.626776891589993
-0.150880340001581
0.500020703801002
-0.231769397161237
0.028248335252767
0.642018771536959
-0.662939490314958
0.064338122435073
0.432307244389319
-0.080607219869375

-1.355786937043562
1.551709609755210
-1.607954031080755
1.515398460139325
1.932758438480487
-2.310619432389157
-4.318882339656421
-8.070068803793294
-3.414104361738803
-1.064739913611868
5.996198198370299
-3.960503082849070
2.902518261412741
-4.617226392438907
3.869451874198537
-6.745782817417632
-4.410120760812225
8.856691179412520
0.074790536096543
1.096609939535804
-2.074491933306915
-1.500104663817780
-4.915548998435130
-1.889802895747090
4.152149083518555
1.905761113918356
1.254487216305947
2.967826304621949
0.065560685676315
1.155265566181659
-3.926030289105381
2.632800522659197
-0.947803800835492
1.978523535313050
4.337378605762872
-3.424316740917268
-0.981935907139642
-1.956899322464846
-1.826953355005081
3.112836073397210
3.811177724689685
1.313187515317124
1.334811027512277
-2.260517361179322
-3.428373994726245
0.656925355813237
0.435779949881058
0.706731736210805
1.806827798170937
0.039095377368004
-2.486765617426805
1.908056720093257
15.551806341703021
-0.615039784489554
3.571225266563814
0.828943283100891
0.470594153320113
-2.881736330094390
0.904927709918827
1.192852293354329
-1.264442110985016
-0.017010351278505
-1.803068340843738
-0.460547115791673
0.231274226806668
-0.846601308148985
0.591850186129344
-0.130083379173732
1.307478803418811
-0.668245753146210
0.304745194067740
3.606379892554619
1.254416063343097
-2.762855705700423
-1.858643744752741
-0.175971297185630
-1.335888091737347
-2.345386874596472
-0.637212018449876
2.646331903010626
-1.712255540673062
0.244308153821711
-0.379573714447710
1.807855401567068
1.560799424951134
0.558380155961468
-3.877944238964661
4.418214370155805
-1.344312065243101
1.861495715333000
0.363654000910990
-1.362972445825528
1.122885424479582
-1.451338855235556
-1.817950279874786
-0.961570252674131
-2.157176159326606
-0.890664849823654
-0.145177142940842
-0.412324206695027
-0.170997034826164
0.240213075776148
-0.737177658464795
0.210757215280972
0.866744542415924
-1.363023496913822
0.872886582331465
0.138184354866431
-0.017988208506547

-1.045496663044414
2.561567894358761
-2.294945941363584
1.623677780905542
0.888355554930946
-4.334264981603266
-1.787037045390840
-8.297618536939169
1.223963312920920
-3.312765754337513
10.218658946591777
-5.102923693709835
-6.747694011730469
-3.205242710492572
-0.510925191112609
-1.480228091666630
-0.246370701301701
0.711804337632461
1.314692913796000
-0.984152542613776
3.540468332154342
-0.136036963562886
-0.340040742424796
6.962555092008869
0.744822927574794
-1.550149799620591
0.463912755815316
-7.471365965096513
-0.726459741631485
4.858676425614553
-8.190852012026163
6.236881605103080
0.018910717983391
-0.031159724172439
2.845878892563059
-1.559915264484361
-0.463702507512109
-0.843053103776724
-0.255402184675129
-4.112534892693048
3.946552377682648
2.017964770569747
0.853742531637052
-4.116695575498498
-0.576162312862795
-0.477543255492921
-0.504685255280106
-0.620996795325074
1.086026745948875
2.637215701229740
-1.552408257772506
0.572487551812315
15.379294179197366
0.613030075075253
-11.402539110848515
1.211025153913679
0.606104312948264
11.971918592601007
0.927252095624071
0.054217723028585
-0.511048902076959
-0.750636020025365
1.629462528672374
0.863686929662580
2.364271356387394
-2.502003397096284
-0.004026294440496
-0.078023272481150
0.584563266834668
-0.357895193589272
0.281979982574110
-0.854338421742387
-0.845559587431312
0.106479740748194
-5.471564923171105
-0.312410641650685
6.237444149220027
2.865367082583111
1.517286223514389
-3.417404579808941
-2.205303792688656
-0.208171021119816
-0.347473408678932
2.097668273985873
-3.845264678674650
1.704165755925210
-1.208311347394752
2.670087065898508
-0.614361523035929
1.405574745224415
0.210583527834615
0.449782169094474
-1.407850919488068
-2.215211997922242
2.475642190044503
-1.923328112669714
1.630203566471889
-1.843086024152907
-0.218504073563169
-0.225409782163040
0.200545375462242
-0.008141242709818
-0.299121810513080
0.077261715095922
0.826193848949871
-0.150823126589808
-0.386455523167099
0.317255625829078
-0.114065505142088

-0.384497842384192
1.472766194340885
-1.002131269194805
1.509762581796258
1.102871606518473
-0.940071560746135
-3.615980828192555
-6.317914338450409
1.128973848752744
-0.992046405478561
10.510948445844500
-3.084985341898543
6.092117416086397
-13.890065115533249
2.061254222140429
-3.502868041781643
-1.532895263935862
3.080562477798740
-1.077999344017311
-0.349491598974595
-1.729631571735490
0.856705351235556
0.115245527511241
5.909697075528359
2.078673094737538
-0.865845151448422
-2.831521615734104
-5.292439453584019
0.160050773520748
-1.017316640360633
1.437206098091815
-1.645023431680699
0.523520767874936
-0.591055169047757
1.506210195127309
-1.151624336984732
0.532513302100124
-0.699946021643140
-0.266074043209881
0.918101505045399
2.338288778843048
-0.922765616723445
1.167115181859120
-2.849549382581508
0.699750000970683
0.113613860951198
0.144203416093960
-0.157434172594264
-0.238938220008647
0.946087507876154
-1.119960946559610
-0.070279298431160
10.006746843862709
0.760906846690782
2.537939064091547
2.655697354892787
-1.207283046769094
-3.614382545955562
0.963615999400773
-0.909658034736324
0.359053929304626
1.767292795895185
0.751003247488976
2.396077297260512
1.914478527469118
-3.308209835981765
0.802423173744406
0.641277559289363
1.006684555427067
-1.103423325288696
1.150223669717490
6.724389668657979
-0.031664708748025
-1.865984852596544
3.368021808253336
0.859741961711735
-10.705525706726473
3.320447757144174
-0.238067404140303
-2.749652838997740
-1.252096269004210
0.389997062378445
-0.934885843677594
0.449604118110954
-2.910207099513344
-0.733521236591568
-4.996067962569295
4.473462441616674
0.602499157270279
0.981186500089865
0.385755601702924
-2.417429763976624
2.172628036131807
-1.665728534100315
-1.216247170433592
-0.447298211876196
2.158027069981805
1.190056766933912
-0.105548035805035
0.097232346164362
-0.424830806288060
0.292029695578167
-0.512630265304085
0.098217064043245
0.565805144851947
-1.230440303779079
0.477565671955092
-0.237897469915926
0.232705380894191

0.024866092542553
0.661858892635844
-1.038440127022607
1.912447891854449
0.365166650913885
-2.901056051936582
-0.556351525553841
-6.900518647096495
2.067592806353669
-3.664120793985422
10.058166189826203
-0.304846922295977
12.426767089540315
-20.814345421210316
1.172607516458555
1.169686164601826
0.359888543387549
2.548678404533796
-3.862474611686951
0.475287609502073
0.417279499941092
0.161878963709780
-0.133836289040249
3.224956125034827
-2.558800412923439
-3.747006705922219
-0.601996402511130
-4.684703177716886
2.232465374235421
0.094820709434376
-0.581414843758554
0.042967956824537
0.501512956658125
-1.355520745691740
3.164293986723527
-3.004662897056870
1.464071464863745
-1.405576225156090
0.955221153844965
-1.380439228843494
2.779077116011430
-3.610990259564587
1.175386489240319
-4.499064539400759
3.096292866986501
0.537667183949449
0.204060585600639
1.061201013690857
-0.543304145878360
-0.133259932374404
-0.099241269726939
-4.184686383930960
12.499761867123908
3.026059931427625
6.947180609538728
-0.244862420228955
0.453875666470889
-8.751058164570171
-0.680732716374525
-1.045677438295007
-0.519737802658202
0.552609711374848
1.427280973253285
4.000499727416496
-2.111347768137878
1.983376807367661
1.172288631796524
-0.505663907478848
0.796930718702683
-0.805184968048488
0.818597952276925
-0.033991136979918
-0.946178114902594
7.049973086969564
2.006181193970348
-5.125098617345184
-3.730824273991176
-1.662322826956660
0.018006547303471
1.428334442314571
-1.440884610497893
-0.449723613713836
-0.077664339882606
2.313325014339696
-7.140547460578558
0.665869523672767
-3.286866092046455
2.453565978116713
1.588595206197023
1.287191416749796
0.650081081373046
-1.562484436120293
0.424584568467564
0.333863831344934
1.873088770037124
-1.144254529951241
3.593771490323228
0.452683145230540
-0.340959208284052
-0.046737701277316
0.044857065124922
0.080054173795986
-0.240780564772397
0.168401682178054
0.403486337757471
-0.649310746282456
0.130176842830130
-0.510551389057188
0.619381283540020

2.336159738721737
5.392002660264898
0.520218081154757
1.520182943513068
-8.044762501368957
1.045326544410098
3.893542785241245
-3.139074694663771
2.730736430676027
-4.567483617155636
3.555046720200924
0.128684811257843
1.003897797762390
-6.261217551157606
2.286156621073257
2.649083541140150
2.313618693868379
-5.487798046274822
1.144885262621905
0.505528183734888
0.090848391578736
-0.823802193500750
-1.831655673565183
0.538433509142326
-1.115341200134395
-1.532982561042381
0.596321400594216
-0.773895133618958
0.698323280080032
-0.135545503795649
-4.498875570694235
4.214407015700179
0.289187998474375
-0.384219604920729
2.612284318838228
-3.553351740916623
1.660664257301793
-1.198524597057733
0.088798840876474
-2.811224104152144
1.999023878980571
0.466763007112881
1.097467516054107
-3.106564966692094
-4.634690703668833
4.398624778468181
0.575432877266951
-0.367916564366073
0.085028623814508
-0.194703748903167
-0.955558262598728
-0.256359586357531
0.573360099297289
-0.991373070361563
3.472576165440616
0.823860627117186
0.596354852344346
-4.622468372173218
0.669608555275541
0.681336041530416
0.549285368063824
0.397155221563623
2.686996315410120
8.671727786782874
-0.378582883729824
-0.654966423618448
1.017320957749734
0.815615195179711
1.764514596590379
-1.252355468722000
0.830216018652195
-4.000411474681040
-1.383341609356747
5.381826047992599
-4.406601859034132
-2.703784964933213
4.730099946321208
-0.879615893032184
0.565049779623695
1.796876098451391
-2.423115633987420
0.102009257344874
-0.090587687377277
0.570498658782550
-7.884319033001307
-3.818371222304829
2.725712328947792
0.364132791320893
-2.877640686532554
-0.571664785142988
0.904223415333207
-4.698933755456075
3.473527883875920
-1.747699701541990
4.556180424499492
-0.265888982359745
1.260235029692464
0.521161706147051
-0.179319264689890
0.241081189415524
0.207626623440370
-0.107661658056485
0.352974094652396
-0.171297391738778
0.230200003611317
-0.010715891545332
0.120149643397100
-0.262581023098728
-0.031326414115804

2.772816511374641
6.510430132694372
-0.178715097602138
1.942217509271247
-8.500663259347043
-0.851434478557207
5.328744162739383
-5.270958254173787
4.546998600430470
-5.802660831815528
8.263760145183763
-5.449853559568808
6.242807521126508
-12.337560650104376
0.609511731039246
-5.349098533893825
-0.721548573200216
9.398016764639317
-4.247588081501538
0.668830402444331
1.172742670985247
0.165394565504618
-3.744775430497834
0.913606597300245
3.836363687115489
0.254891831913754
-1.204351440700445
0.377342817326375
1.657212122974587
0.115402603354599
-0.202621158969998
0.057340659213445
-1.027873165735898
0.910873438693551
-1.117235407509452
0.876533322929256
-0.180691253382899
0.373588351274764
2.772779936287250
-0.892584458632329
-2.244194317857502
1.017721628758965
-0.516578485054266
0.298934776090190
-2.015228253029277
-0.313806586055517
0.368017263274489
-0.023621735508141
1.927086956972812
1.497386252641588
-0.323862116005445
-1.123141720977936
2.301134015766443
1.102316648582275
-3.178084503488779
-0.319926894932506
-1.323885164328732
2.990835147052743
0.056852718583853
1.040285022497566
-0.736190943694957
-0.264632457097074
0.306999079170790
-1.445306477325639
-0.310932074238143
-0.975143363777739
0.350318215026563
1.542129399456305
-0.501207958609114
-1.519485829311019
2.047335107627210
2.425941823752813
-0.645812978747003
0.601120848018409
-2.601675268503853
-1.152059749423747
-0.323523697809529
0.186900224574865
1.528932173882525
-2.283758656923402
0.423090359455395
0.051721408712554
0.756333386585595
-0.164339845221789
0.376803885347865
1.172215677665560
-0.774518111710091
1.049791608072870
-0.168851177080007
-1.136105058869380
0.425774501390994
-2.048840527946513
2.121850444941299
0.049959003683688
0.736332768649275
-1.626515421346088
-2.010171745593852
0.505595035044974
-0.135680720049635
0.664298506891594
-0.305636991015653
0.052649457186970
0.567391518994572
-0.258193677112773
0.494224238012539
-0.672155426139782
-0.143796417971030
0.257771314049247
-0.397178550225085

3.302381270295861
-1.053417301137468
5.983087584424667
-2.685578762154649
-7.189200981511228
2.652460848082929
5.298004467321187
3.614024276232262
-1.892856729407024
1.817633710338507
4.800667720363482
2.103847863628644
3.317307462159010
-8.206610217249541
1.162950413507470
1.206823482044097
-1.199866886369421
2.063140002452088
-0.930843557925633
-1.035003867592038
1.967157728109173
-0.678315978458242
-0.292631687341061
-1.252877034988132
-1.708508660166872
-0.149040993379373
1.338947679468035
1.773655658239481
0.837454382948662
3.938024470972901
-7.067264754474012
5.301992797353346
-0.469424583655777
0.138065956484594
1.832985730352779
1.822652629222774
-3.438382293414494
0.752724195888205
1.102842826537407
3.936188997647230
-4.336786953952837
-2.212301915846652
-1.818506203692793
4.158846799337508
4.369324845028131
-4.770542657171652
1.655730462267221
-0.979868174054152
-0.414308657553729
0.878145102842224
-0.082386466499892
-0.553965992848700
-10.587591456761896
0.756407606811724
-6.151774536410132
0.085539230464338
-0.404342419837909
5.313077622824435
1.125143407355028
0.019203891226649
0.334352143704612
-0.101119895216385
0.974139659617163
-3.216288230992472
0.251438100198278
0.010201234514817
-0.388905585755202
0.595330824420330
-1.054952511652773
-0.158221780220906
1.667860565673655
2.532006497677921
1.186430935272294
-6.293908633637765
-1.362935302353887
4.555043643257700
-0.949985977291108
0.699671104070940
0.602400790145591
-1.253170913845870
-0.437207409614648
-0.070822634052059
-0.240056277943177
0.815339501740311
1.285250173691745
0.712487465193972
-1.286931472799688
-0.319315199135516
1.424851403403316
-1.022703786805540
-0.506715724783498
0.256673320992787
1.047167951560153
-1.251239571894513
-2.221990702320432
-1.585806304406860
-1.915230545198948
-1.868715481409742
0.346788872778501
0.332428364649038
0.100757910037248
-0.471197197704359
-0.019666415085231
0.087369661109156
-0.568306528209915
-0.398589964143202
0.511420247556161
0.170675431771846
-0.400343172017478

-7.112784554163513
1.110126644952908
-2.081979020153192
-3.480754164217542
-0.862288206789252
0.653870113981617
-0.623542369028264
2.939481438558284
-3.973940948356199
-0.539804755572153
17.270996220161152
-2.221240950128136
7.844732118930863
-23.579133948081889
-4.334521208854683
5.512088905920067
-3.311114276210941
-9.233594173107345
5.950069733455271
-1.920231692225605
6.718260225477750
-4.213432475849229
10.131044932084103
4.544980118738958
-5.941360771645270
-6.062520625195637
-0.885320948099715
-4.277353550926798
-0.434600869105217
-0.289913387692979
4.368650110587961
-3.687026928133168
3.165738799812087
0.120047979720701
2.383577628703306
-2.754174949073656
-2.133694861406613
3.085463328665753
0.063185638840788
-6.657959777085758
-2.378123945318129
-12.521132948610976
-1.176402465528888
1.535501997805221
17.355909564807149
-5.347223766342418
-1.292686393876791
-0.469753613273019
-0.221496472081933
1.306267833883356
5.341725717379753
1.049670378703781
-0.451484124909851
-1.408400285403135
0.503477603681701
-0.349421706983963
-2.468807306414001
0.351340486511039
-1.932281108197110
0.424384505077357
-0.102119839106193
0.364866472510865
0.254586553175726
-7.592996303287718
-0.290355410123107
2.030676778197629
-1.145725932721751
0.850247114969539
-2.240364411801713
1.103707978559871
1.823896916114613
0.100757796472007
0.906942448406367
-7.707861442664001
4.634863721977598
8.473272458535039
-5.819102272198657
-2.151243305336971
-1.297796265029283
3.305676369810154
5.205747863380998
1.018220922735297
-0.842837559780286
-5.642090021254711
0.904977547253946
5.864879854216630
0.421987132188145
1.113755727761321
-0.440570986034174
-3.694551732609980
-7.746124105043392
0.179175573148815
-1.321529943781030
-0.153701186661672
8.496576021977241
-10.608579802978841
1.668654632784770
-0.506382052613972
-1.331197276807524
7.205028339409292
1.834921494416402
3.454914872954641
6.835309344958738
1.823479951900962
3.476027516575093
4.161405121743923
3.913833193282953
3.133126005895723
2.972525696647813

-0.192811488916097
0.708562744784049
-0.010808418036234
2.999990126425166
0.271526171095029
-1.031273387846614
3.775724952036478
-10.489703591463634
2.351345300142898
-7.563112667241459
75.790473459151542
-21.461045680671063
51.011636065662913
-113.710018887102190
5.163600903725719
-10.780745926562556
-8.352206156449123
32.020016336076047
-13.899369087523748
-0.820279375045924
29.923673722312440
-7.695304403008450
13.407088233444556
-50.844922444566933
-8.049906882727614
0.019396558875857
0.341959389672723
50.697905739233747
3.869298363951724
-18.446638854336769
57.092750129003910
-54.973381171750695
3.164259618387150
6.403521142694130
25.612180744903409
-11.259349165166702
-7.278336517393925
-12.133123038049323
-3.554023504094186
-7.570532529008934
32.738688963643774
18.500957165462278
17.901891395746379
-37.680941901653540
-21.973928985578027
13.848061596578939
-2.260434991154973
1.953427300727335
3.421551129592276
3.757046157762173
0.065739736215292
4.192891211449164
9.576289911664563
0.242263869388310
-2.312820261556096
1.173770418454835
0.049920672508139
2.381777235105310
1.284854054905450
-0.610941282296036
-0.037549037071934
-0.726043808115272
-3.063406277830445
-8.252270432511223
0.356793951093227
0.778463126637474
-1.454302345963437
10.450582504800476
-7.502820179483071
1.637004196166200
0.028938027820326
-51.627588325894706
-32.113662082414919
35.644702931142348
-26.242107060537005
-5.959178122580258
68.110572146863575
-0.741339241327140
2.304845171034099
3.331622430294837
-3.371073829242414
-0.982923234370564
1.399144092569751
1.569741459010426
7.684049640503980
3.826386533974562
0.138945177567270
0.153079779965125
0.596175965105928
0.073332553100226
-0.068928235743217
0.086024062552853
-0.101762381451934
-0.917240082711877
2.293875993214352
-51.809117496069597
-3.029775483068672
-1.606972562912156
-1.641200127260697
-0.424987885593839
-0.370456317496427
-0.413767301720588
-0.397186329956655
-0.065965519768998
-0.084581934914118
2.112018314152945
5.126224081676309
6.023216167575326
8.522387443850343


0.054057  0.150382
0.085855  0.120874
0.083484  0.105315
0.117876  0.093114
0.068488  0.122855
0.148088  0.139792
0.152508  0.107373
0.138811  0.113732
0.181036  0.105055
0.158381  0.097397
0.215383  0.101347
0.209924  0.113668
0.222921  0.097005
0.219391  0.099063
0.336054  0.070855
0.300787  0.096892
0.273690  0.079179
0.296103  0.086546
0.277138  0.094850
0.411814  0.107060
0.367343  0.090443
0.487676  0.088309
0.336637  0.096794
0.535014  0.092236
0.331552  0.113131
0.603945  0.105379
0.540145  0.137619
0.542216  0.094062
0.589060  0.134353
0.623639  0.156100
0.648462  0.138921
0.657914  0.130442
0.550008  0.207202
0.587235  0.311000
0.486011  0.311640
0.493780  0.302444
0.507760  0.317511
0.456766  0.292577
0.348757  0.258047
0.323449  0.184014
0.385534  0.265766
0.300205  0.192147
0.414424  0.227651
0.394418  0.250683
0.300601  0.180796
0.292276  0.160085
0.208231  0.169815
0.252761  0.164005
0.217579  0.131398
0.256075  0.133293
0.184834  0.164366
0.175329  0.125986
0.151730  0.117859
0.154776  0.158129
0.131388  0.192530
0.174142  0.213343
0.095670  0.198867
0.133153  0.190364
0.144322  0.395105
0.172237  0.656814
0.168035  0.709972
0.215505  0.601412
0.224935  0.558597
0.250613  0.576615
0.254768  0.508647
0.236817  0.522063
0.311380  0.520244
0.376338  0.484300
0.476352  0.542415
0.413432  0.506118
0.511122  0.554424
0.482233  0.503633
0.437618  0.434644
0.475721  0.467856
0.505429  0.520181
0.489064  0.469129
0.493574  0.514425
0.359957  0.720334
0.362775  0.642982
0.364149  0.697641
0.314378  0.688290
0.307916  0.796991
0.235334  0.798998
0.298615  0.701002
0.239828  0.568652
0.260216  0.585635
0.151585  0.598428
0.161153  0.583533
0.155920  0.618174
0.090956  0.675797
0.035275  0.581349
0.083195  0.612844
0.081613  0.626269
0.172011  0.341605
0.334103  0.194557
0.352347  0.085146
0.586591  0.093817
0.611491  0.196689
0.000000  0.000000
0.000000  0.159800
0.000000  0.319599
0.000000  0.479399
0.000000  0.639198
0.000000  0.798998
0.131583  0.000000
0.263166  0.000000
0.394748  0.000000
0.526331  0.000000
0.657914  0.000000

0.352861768628132
0.329974441566382
-0.082461784142771

0.609448426776501
0.413106303109834
-0.106147700091593

0.991504968571197
0.311781608517364
-0.042084603720631

1.266215733506247
0.191553740557206
-0.028828292327760

1.597656770804250
0.252463269634073
0.144704479582418

1.858992690369675
0.134709016837335
0.236796179964358

2.314483890210911
0.065598650970491
0.200667004206511

2.647463296235344
0.041708421469790
0.167346590589876

-1.477544169677986
1.630294004110083
1.392217838847343

-0.813050030886950
1.528575770442307
1.168922328270682


