0.050000

0.600000

0.000000
0.000000

0.646394
0.857094

594.911436
0.405061

86
10

-27.585721988586769
-7.305707446511672
1.940912680507814
11.277833562522055
7.937105805154189
-74.501709345099272
16.105834717112234
66.308225538152229
-1.639940335208035
25.249893111863262
-0.492893982797269
-15.207904655334008
-38.287462201932712
5.760973812462996
69.417690677022790
7.012413143833632
-0.164713712740505
-0.316094797541221
-24.431005223184908
101.984607355725320
3.190175675894930
-0.149760110641248
-75.045911531803910
0.621764231095701
1.842966190405055
2.239425132457934
-82.919069725679336
-1.224592450678181
-4.006717721575446
1.137816409415035
-5.029192632331969
0.568033716355952
17.539952157975872
-6.397095410248919
-0.057083037109792
-0.419368224427125
0.059968706005778
0.660063340532035
-0.041757438395921
1.839865925306115
-0.845650534606380
0.547194765452303
-1.998794582771122
-3.343858453919173
-1.299831448847797
3.064728823100948
-1.438696550677299
0.528268392124929
1.678731830831099
-0.166857076090627
-0.300278495106611
0.448767849655307
0.034549297089988
0.616655410268076
-2.036702001585101
-0.004293934107885
-0.127360072268865
-0.642508759003449
0.751584760067439
0.058969368030180
1.746239012977377
-0.967785357418028
-1.125092225464869
-2.606527155817030
1.416807793877405
-2.107556196407338
0.791473346437371
-0.623847990938859
0.503925669440903
-0.030162067082022
0.244735920409195
0.401683291825128
3.833208625617438
-5.505323413604420
32.592538825793781
-0.182927764348494
-0.165374031744384
-0.209650372614550
0.200409187375810
0.079508039082177
-0.284316780138135
-2.129251317659299
0.655577187080403
0.232898596854375
0.095217819137414
0.147152843931682

-27.132797803217379
-3.761594224328087
1.922062471926392
-57.712611237038914
-70.060904325192482
-211.591214134483270
-75.237697053475998
215.117051285302010
-5.342988808991157
18.939178631755702
-0.606567123120172
41.419769683149859
-41.176350020573253
-1.138275830636851
48.112940559485963
10.431076848906978
-1.400735141753394
7.167122904589744
-4.145144668260614
15.208938600468784
-7.711142022696810
2.046652048690327
-59.947650036004447
1.600981396304975
2.395557145716139
2.209941160970554
-10.134240737427149
-6.200769815412826
-4.759471162508557
1.120232202890094
1.386599680505885
2.537861672945545
29.344521575343460
71.913336201502176
0.328485943445262
-0.293373233418944
-0.021994859930341
0.349415009789277
0.310901556984550
1.839343898631511
1.219572578333947
2.423811765390251
-5.873827641972230
2.829952200685704
2.462117672149371
0.159526381324366
-2.803871709859257
0.907354269518806
-3.150336244082103
0.448581423612165
-0.598046819425259
0.513469854916870
-1.200145563088934
-1.215302973933264
-0.056687092240655
0.014709660494994
-0.430992733302339
-0.114586755128543
0.425902879347067
-0.201029643987769
1.171975573037739
-0.904863685016897
-0.506911323717247
-1.279509904069558
1.075785793762994
0.403252489037743
4.520919842664278
-2.768146159297873
1.873934531223934
-3.436809100943241
-0.416214798325990
0.376710877896106
1.256514722434260
86.671598875996423
28.986525826961500
-0.224184572233725
-0.018092119085623
0.020194353855043
-0.116041348782244
-0.422736346476859
0.001055699538207
-2.023984299166553
1.023315323683533
1.264196093071047
0.225510282958709
0.159383692860634

-17.063682632744605
-2.221970885261417
3.425267366119168
-50.825676063509945
-125.090865360915370
-100.699534836914320
-63.600561373035625
78.587995293886976
16.770169423294519
-39.460849900022367
-3.265450500458849
64.388890704061552
31.367705568803512
1.261752467719993
45.458738823471769
-1.922439300831911
-1.573294188510476
-7.015586784088474
6.354138772760226
14.055499036688909
2.881591556518690
1.543729354339470
-44.045906308391217
-0.722320081725808
4.492366803370063
7.631507976783184
-17.561419668909419
-2.884471122873795
-10.282764218201875
1.357363604364591
0.000000000000000
2.679828849063128
-4.732117367754142
40.040267413303347
-0.560918448773332
-1.535178519813941
-0.572276069522524
2.066537370390934
-0.735211343943121
1.150082010221616
1.565230181277793
0.123714771815280
-2.981277332799543
-2.263324567873396
3.503862913391226
1.538794488101500
-2.091798509420998
0.123823046481066
-3.293126830910099
0.757491549625618
-0.489907908871337
-0.201748413713237
-0.745582055744229
-0.426981525473717
-0.476971958522976
0.190754506022241
-0.652907073224071
-0.203346558476740
0.356277948872882
-0.047208462360584
1.118714696842561
-1.406087291480175
-1.051393323143436
-1.699854361581613
1.975091728330401
-0.678793785117992
1.024467850529664
-0.711963180538564
1.057849475959282
-0.431184801023853
-0.599135483442851
0.264326257785751
2.087892458690655
157.062851869821740
16.063970763770261
-0.153678877888550
0.771920628126434
0.250870220230668
0.096472612247878
-0.299573695993692
0.229795211644238
-0.575233217464041
0.772767299504202
0.974111482238553
0.250193701050429
0.178896981104339

3.171141418628727
0.711703857718061
1.647560001515232
-92.577699063823758
-143.713063735465510
-5.134828796400846
-82.748948506433493
6.725850935165511
15.504763250854520
-54.091285180018140
-3.475191773485717
77.820768082050421
26.146383593316951
-8.357218403041665
-94.383599381076252
-9.498939992114361
-1.403016368045919
-20.224201736376614
31.784950513164532
-38.322251736815886
14.749434952891223
5.027799839362715
103.161289273000340
8.007278372429605
3.324844619730379
-4.176561662402253
13.394181253506064
-10.147546003975446
-6.166492042118546
1.854503822723916
7.070192506036805
2.591897609904006
14.614399738641035
49.826700392002230
-0.084317801287505
-1.067346334192727
-0.664678532316159
0.655397542996485
0.645608013969853
0.467252968138556
1.291520275262313
-1.605899066153168
-0.208775652923667
-0.512749043293923
1.583184011029633
3.561342930674745
-1.789299191978381
-1.075311803047478
-3.593024478770448
0.214078132586814
0.235976706066598
-0.284615957260736
0.195123756462466
-0.614894368657895
0.302061869728910
-0.144791945684410
0.151084562848486
0.011201973774117
-0.529572132664678
0.379734350548261
0.235280552624171
0.006598683846402
-0.380290978894088
-1.291845237594757
1.794368243990402
-0.193516659237389
6.263514708875850
-3.141530311207915
-0.211108142580419
-3.404289260468588
-0.023193700414076
-0.142985517901069
0.849449499094722
191.013511184887390
-5.053809737334263
0.072604393798077
0.167402615048736
0.585796714111169
-0.088549279140643
0.122795860688637
0.162406046783853
-0.732341532927283
1.927084600913609
1.116160168936503
0.127913427808940
-0.014516912986015

-2.122547624077146
-1.855031882957767
-2.275442010658608
-129.849590958288870
-250.537043869321050
-74.578381268218394
-123.990249666880500
98.815756484349578
6.497347575450615
-29.950536488516558
-4.668117610276769
79.880699812782012
2.837459955425635
-3.683790690551010
-23.862786414733161
5.979467631138745
1.383924446228638
-18.756509339853196
47.943440211772781
34.443033649941135
8.401332287975796
4.994392480122133
21.261412833794807
-2.176680463603893
3.246362307438307
10.066183038452056
-74.092009282456445
-14.130639450165406
-10.227687587191316
8.274747570251467
0.954395231988532
-0.446391399536987
23.245443107377202
85.357708434194961
-0.050491209074495
-0.370951380265207
-0.682527485383135
0.247946216980795
0.589304495945888
0.719764724653672
2.010598660021737
5.761828342210958
-7.644904148390710
-0.283847962030323
-5.768559243294252
3.713412824171867
-1.831272347583010
0.630223857332598
3.586007412547644
1.465944659646560
0.761675223832084
-0.183629090990688
-0.234179641401324
-0.883370517856522
0.642349488389260
-0.144805163417321
-0.262118581612134
1.469859678327032
-1.582519830405172
-1.146755072226938
0.413342349122150
-0.072999402208876
-0.771626105193579
0.801055834647481
0.511668615108846
2.892327233635377
7.268096661114171
-2.922164259347790
-0.284574863829093
-7.052481219168686
0.027009106110956
-0.147880834886733
-0.540173394862718
317.794784545690620
4.773388132984334
0.101376940445566
0.274969187630205
0.421685909876240
-0.383096466164565
0.000948338599741
0.268915052673278
0.205952470508518
-1.376379369379182
0.995785748067514
0.014996549531278
-0.123581714257668

-9.907809534668241
-0.956116067057727
3.613642071239634
-131.683621020267220
-393.465238024408730
-36.753046587988500
-75.369336391563536
23.440981732389115
9.320905659562714
-42.890911909093482
-3.287817132418271
68.040279149968228
36.332200308384593
-5.078573041830718
15.002903234137962
22.771441243917710
0.362644349136786
1.756395224851287
52.469414099828555
55.763765178686981
-11.571380762069460
5.078028890276348
-33.422030452933406
3.141833329102927
5.292035155093862
3.164762460514513
-100.615665927160850
-8.863854022298536
-10.243608893107051
5.744906138835950
3.290477534978728
-2.821851085230240
-2.125443200627482
62.625503783751213
-0.136672529274788
-0.353405959452421
0.290751696449260
-0.700776088569629
1.063790825754918
-0.236994391127028
2.192389047536711
15.837207471214889
-16.351148485976172
1.919387800624132
-4.750466250995556
-1.053789988940953
-2.310521513230568
1.365785070295116
3.842514487142387
0.218777072217826
-1.129396717632508
0.524870287646211
0.852837758380534
-2.426132764072129
3.488992238608693
-0.149461344865825
-0.138473663301238
0.516836352526880
-0.444237249590518
-0.122822854613996
-1.220152677290131
-0.689655172335151
-0.671764250729171
0.064140592066368
1.996384238675073
4.565895194869364
10.336804377005937
-5.473233063395388
-0.143112344123773
-8.912335111859370
-0.315361026199837
-0.239284781910304
-0.689439737565848
481.453428284575580
9.563688885514022
0.019908661793567
0.576145222875971
0.120991496797659
-0.059058069205657
-0.134199489973896
0.357283586890308
1.206684391587662
-2.505108819491928
0.620337210790254
0.274269255038517
-0.068912651264380

-12.002268238431810
3.335305693109790
6.631577541441539
-38.958591319251063
-324.983000600232970
29.657545619428973
25.674798898759509
-38.659308784151690
6.293848870880423
-13.410217315509071
1.449320569806476
-16.356534396612556
1.269804998295788
2.217807592676763
-56.336931187870057
6.856962230044932
5.621501115012060
5.011038129852380
10.631422605203158
-18.839941033517864
-2.914061807417066
5.388346939577765
53.284288426788933
1.653000255333962
2.283039827441306
1.425276501472820
7.651641398660600
-6.784117738328666
-4.311178831577296
2.985887018459068
-6.774927741881136
-6.948066361903925
4.107306225966477
-26.466375001430837
-0.352600248520394
0.877819166349506
-0.028018210086028
-0.737646337036734
-0.628148432450881
-1.402440685738017
0.979220093445539
2.552705649669883
-1.258431006836990
-6.545570501774680
-2.555396785357055
2.186114687990242
-2.021588540873830
-0.584981598695191
4.863452263239983
3.219519462123706
0.529622745996886
-0.265095410873043
0.836726036062298
-0.811222264177968
1.745249813055666
-0.094594131966353
0.482707843249583
0.426740567944150
-0.815721888844137
-1.871404343738468
-0.922829022473074
-0.862449351253382
-1.644836866711423
1.286859209195579
1.688219527270778
2.242473561301686
9.375907817196925
-4.441311142914132
-0.628690512236799
-7.835652433373721
0.598686099377623
-0.226225212540514
-1.386985450841437
385.762784500001030
4.774910076422530
0.160325494011159
-0.087667895904572
-0.385343542274205
0.344996771198776
0.522575069792141
-0.053862341898581
2.307366887223747
0.023751209474903
1.030103104404363
0.082953923436916
-0.137277508342687

5.335989807146445
2.209409831526114
4.401873394209575
-22.347784449555842
-165.822078455353760
17.434952755896319
-10.994913204205968
-25.430325654214695
0.748744673382342
-16.470187662848300
0.104756092031980
22.434565902286163
52.607828774582110
1.143004214740943
28.398068096093777
6.199310840827309
0.629590969717050
-11.047251499949628
-32.283680165112095
85.080303646718122
8.183609258021589
-1.017845202090028
-32.237915711200571
-0.723108520394426
2.537307761719234
3.491898580743889
-49.935942530463826
-0.074668915799494
-4.346846894089818
0.061326668103640
-0.731293245025022
-3.814456256936763
-39.171958768523865
-19.354944467243946
-0.002640894025327
-0.261937647836375
-0.252460749098235
-0.081156654743592
-0.114731563020188
-0.866001473953907
0.045422824096308
3.789418129880442
-3.230915585782118
0.183003062526039
1.318326824749274
0.592908762668609
-1.752770357921653
-1.842645615016039
-0.664289412739546
1.652277814941051
0.645574619701782
-0.089299458928166
1.842522751320825
1.941074018707271
0.229302180380273
0.062609618580295
0.695445375310366
-0.593100729600758
0.347229427232793
-1.090566042562436
-2.466216971798108
0.602401017337425
-0.652026838971671
0.473872345273545
-1.133645590968664
1.520634614004600
-0.187284389116605
-1.093392702148992
-1.298033839166977
0.143208007167807
0.345387294977159
-0.106522126492280
-0.082692443191448
201.298159058004220
-8.957494410375748
0.144692342347584
0.015686395283792
0.307397203796492
0.117296507410774
0.269864431180852
0.079626424833331
2.120894182251252
-0.000259890584293
0.941688117776070
0.051693779726699
-0.154871380389359

3.608205487152728
-38.467090588219790
-0.741884371733481
6.280872464848312
9.263500910480857
38.280737204642456
-39.666406368994174
9.391518280497447
-2.087753089374053
-30.339920104276786
5.566053578136460
5.643811238773766
-0.381233403087555
-4.569431413705994
11.085538026066128
16.918455018774086
-34.090627321237655
-32.949593165561801
85.520803328951089
-208.758673173127450
-7.655475368135367
-9.252372075148479
-31.677136933191697
-31.102472400340083
-3.698729535292756
4.158541498241791
143.335166732129550
1.124961845113134
-2.425320912794987
-9.645415912037475
11.293361233373258
2.028481810533917
9.088257581360036
-15.136814933843850
-8.638477746780668
-9.503498664167383
-5.355959704590037
3.340876610075712
-2.896274347235774
-1.114816154200653
4.933495445878781
-11.703061618436980
9.682640974527379
-8.005318140679005
-1.428561970800286
-0.793255073588925
-0.702367942563840
0.323450600619977
3.823840430998815
2.206765746381203
-1.117786795693539
-1.362878877123630
-2.741716975664509
-1.820567595535105
7.068588044607687
0.824580966687685
0.979981646131386
4.446142173500813
-4.282133961150568
0.312679882404831
-5.829839579801468
1.526585490958164
-0.579379578676788
1.441220352289756
-2.071298453958981
3.743583103663478
-5.971544547643456
1.845925453101121
-3.516313277395045
1.700523185567018
-6.753631882318496
-10.403476863772042
-0.453853488027063
-15.000882333186215
-5.615060098867138
39.500953161934987
6.589861347114735
12.711600029837024
6.739208364886395
4.255131556019322
8.828284093805372
46.859925973093340
38.009815771100918
37.174277410247001
7.722182335658243
1.127920307775803

-0.000001524066629
-0.000363630136650
-0.001143038918998
1.114654704130371
4.514721730157325
0.060871778287156
0.022687241609560
-0.074947952276984
-0.112018967022154
0.291765012022556
0.023335110256546
-0.019095939398620
-0.629892790910868
0.102010496029711
1.558952786145039
-0.352799515928578
-0.233746787649075
-0.017505088121542
0.298180706834488
0.845766954308189
-0.177856904998148
5.382446054603201
-1.322423638792774
-0.570665385542165
3.390244062624375
6.504968024455177
-1.158874507048893
-10.031440052018713
-9.739044217108184
3.505607995835303
-0.090244845126299
0.109358712901416
0.381144005149876
-0.015688725598533
0.023016844431940
-0.004728321117674
-0.012654209606619
-0.022141047258831
-0.028608794804548
0.745980568601947
0.646477612558378
2.874027182032148
-4.352387325665033
-3.450842442981407
-4.167505043118049
4.033385941241940
-1.642519314472848
-0.015860825302815
4.367516042256813
0.812318306245327
0.099481250793569
-0.652842217363734
0.412304933849169
-3.217678153466364
4.179183962327661
-0.056044081200538
-0.610530885389542
-0.866335213991170
0.931797380798555
0.177915711186306
-1.214415227650653
-0.134208693076960
-0.626776885198368
0.420166564438454
0.611180876015491
-0.055821476087209
-0.055268570171195
0.059254435921259
0.007431473800643
0.017406319508527
-0.030581969338145
0.293428085412592
0.056033611291314
-5.617995254121573
-0.003710244502031
-0.231411671524895
-0.088289055627458
-0.096404754077936
-0.094175162526865
-0.102872562575181
-0.059966231181674
0.133932612517102
0.622677047074250
1.350698296411566
0.598190565966268
0.479808271771391


0.026403  0.000000
0.010337  0.000000
0.042656  0.000000
0.057571  0.000000
0.054287  0.000000
0.063140  0.000000
0.065167  0.000000
0.063900  0.000000
0.098305  0.000000
0.102688  0.000000
0.086810  0.000000
0.066038  0.000000
0.105474  0.000000
0.168489  0.000000
0.202306  0.000000
0.197640  0.000000
0.148031  0.000000
0.237363  0.000000
0.231513  0.000000
0.230107  0.000000
0.240041  0.000000
0.340096  0.000000
0.201523  0.000000
0.408882  0.000000
0.459973  0.000000
0.417938  0.000000
0.229276  0.000000
0.321805  0.000000
0.433822  0.000000
0.289189  0.000000
0.159818  0.000000
0.186710  0.000000
0.106875  0.000000
0.059002  0.000000
0.042034  0.370770
0.028718  0.300935
0.056302  0.204556
0.088352  0.260914
0.101659  0.076504
0.197421  0.095175
0.239099  0.135334
0.216304  0.060016
0.224931  0.071515
0.319612  0.031932
0.323829  0.079101
0.333274  0.039719
0.414566  0.050737
0.357963  0.136007
0.316060  0.066035
0.329913  0.363820
0.498769  0.163288
0.539739  0.268050
0.291761  0.191253
0.370956  0.609730
0.401173  0.626749
0.646394  0.814903
0.544206  0.581807
0.471040  0.484187
0.459362  0.501194
0.400545  0.292435
0.443189  0.635862
0.280088  0.700191
0.285495  0.446269
0.232090  0.560258
0.245487  0.605587
0.125483  0.552144
0.103543  0.526924
0.117935  0.509928
0.104043  0.604132
0.103247  0.546216
0.027992  0.577374
0.046553  0.857094
0.185936  0.527233
0.054919  0.000000
0.022159  0.000000
0.000000  0.000000
0.000000  0.171419
0.000000  0.342837
0.000000  0.514256
0.000000  0.685675
0.000000  0.857094
0.129279  0.000000
0.258558  0.000000
0.387837  0.000000
0.517115  0.000000
0.646394  0.000000

0.226730898904409
0.330188235658306
0.044482485053596

0.462158187695957
0.200747012244935
0.056280635575541

0.848501788975411
-0.114101838658664
0.184256971299894

1.193355395783301
-0.212497661293580
0.243843417141275

1.658156920539820
-0.241539395276309
0.161065843148166

2.027889307601759
-0.383508932291085
0.091591418646731

2.287823557276313
-0.245023632902750
0.281539064090212

2.675628108524286
-0.247068591518049
0.144654603278276

-1.114240730141773
1.520663079727332
0.800336904896275

-0.115938418159591
0.370159038177332
0.255447997555116


