0.13000

0.600000

0.000000
0.000000

0.583049
0.871439

750.044489
0.749207

114
10

-1.828551830402062
-0.092514553990697
-8.757380976962457
-6.648877699577029
-1.473701652464987
-7.260028053687909
-6.154511646615995
0.638411904208867
4.152413341529724
4.968214097130500
0.469766253778112
0.165297289531594
0.294246584316081
-0.377041569401625
-0.831068779840682
1.649851402617419
-2.682811467387514
1.850341831929461
0.463152276737126
1.964408073567319
0.251038232406671
-2.229432395581501
1.516193123822490
-1.275486138280887
-6.041894370113015
1.025044992830314
-2.159672618242037
-0.399347341723964
0.696089625638091
0.595756448552384
1.286204826624635
3.080580213037483
0.329018952982063
1.155363436747351
-0.338134911084830
-0.309973658345885
-0.951267421734412
1.020892522669916
0.449469737920856
0.539440784771117
1.951025677956046
0.182592717134411
1.471378951009022
-3.100271495335715
0.231381000394789
-0.311691999456284
-3.841855012695407
-0.169177605596275
-0.498167668944688
0.533174285461272
-0.042101106292232
1.796065066434177
-1.713801069950784
-1.003723275556236
0.068277707918992
-0.550933114108100
1.133535222359855
1.559077225165052
-0.325945750602525
-0.519324491040432
0.405657228082725
-0.758572806028742
1.142688244727773
0.014505816068913
-1.696934828987535
-2.843258907872881
1.789510656028841
0.747482329502854
-0.222826937519076
-0.166513012780785
-1.534354651615388
6.007706378678018
-9.199996143117755
0.660947076339027
1.316559865687647
-0.684711195565449
2.783498712680135
-3.289242751332948
-1.346685266503768
0.470613873372619
1.707635440852575
0.819298113468140
0.713005832239111
3.696906102869522
9.587702250030056
0.508982864555105
0.654682146584245
1.773152988018738
-1.780932919460496
1.269363412583321
-0.971349341349906
-1.447599694062338
1.233247219312432
-0.026400718108534
1.530955223866402
-2.665504224148664
-2.756664426182159
-5.549664779665551
0.016536913338114
-0.194067052063324
16.011126625324696
6.202994319627943
3.074509179694962
0.264111272648402
-1.040804419495145
0.130136258551590
-0.979688648219354
0.145323638999649
-0.383721089825474
-0.489027479175845
-0.135083734121776
-0.120850091984700
-0.147952868321191
0.154553905378176

0.540312470912288
0.311214129791808
-2.979505203720701
2.175930043607582
0.076639868395253
-0.862660357278343
-4.937601631637402
-0.076989618847797
3.708793601455346
1.303814982156102
1.191554850814691
-0.044244030473667
0.507665360795936
-0.467703192633168
0.461047049848186
0.050505592816648
-2.466151630760552
-1.098057790733663
1.666858557639538
3.897429730232811
1.772348405223959
-1.742126333057384
2.063982876449659
-0.118217449041879
-2.331405626964004
1.855337248037611
-0.332104580229678
-2.883618701201890
13.021849934474130
-1.242486322152245
1.755645530865485
-3.879349394065821
-1.236820135823177
1.202433403686090
-0.858781913087125
0.143740121974793
-0.590203631819569
0.953567204638270
0.631056132227835
0.009961563479131
0.584661825564493
-0.775160509586746
2.075159973928143
-1.075158890676847
2.604065133338823
-0.815038400948616
-4.471821036458713
1.834565685487527
-1.040469332676269
-0.037340359569567
-2.881887729426052
1.279781787155918
-3.905034317585481
-0.481406377104707
1.448407760944413
-1.046386875889068
-0.536652205160916
-6.107943129692103
-0.667157404933271
1.001230958226386
0.437317573495866
-0.198137287687544
-0.563395256112068
0.857745406455081
-1.695463078245149
-2.891487699829344
2.981655803935378
-1.411418868874961
-1.044629342602168
1.676745866692451
0.913657571464192
1.149800704246559
-5.001427616957066
-0.037415701334316
1.165269862573665
0.067075316460377
0.078443044870181
3.563460426752997
-3.375097311561450
1.112775694785325
-2.530433406474715
-9.713607394039647
0.958669695418748
4.758336832420974
2.962350587880676
2.053854463028610
-0.310491020702176
0.729077263487450
-1.111125445436302
3.640805977819821
-4.660823893681418
1.383361394147167
2.618272686752952
-0.276978685078921
0.305300120713958
6.167425547073416
0.616165372973016
-1.221858362053298
-0.807880189456382
-0.064312309846317
3.358026173911525
-3.874916884612324
1.743445739963146
-0.171925636647092
-0.979952815563027
-0.323479325700124
-0.895880158557282
0.226070930093920
-0.461053960566173
0.470888410118764
-0.478668193827518
0.236360931501841
-0.431940660093463
0.161363452662271

-1.789634938368132
1.589788391518471
2.839114024731730
4.699084420267502
3.146515608379490
-2.172735312490915
-0.521490409564861
1.477092693506242
-0.347843721626296
-0.343948870624969
-0.613860110964691
-1.151786254601557
0.395660344699014
0.382197747584175
-1.049636114539600
-0.767229309884226
1.290214390067053
-4.741602642542524
-0.596667933353096
1.200276516673589
-0.256079471670886
-1.513257606661684
1.294424796062204
-0.740238749896271
3.285963012517722
1.329158606311405
-1.556372280684518
3.677781317899563
-2.753678283658835
1.563398377603517
-11.456343396242847
2.364817314481383
1.711300596282083
1.975245349506057
0.362060035294642
2.154106158282974
1.831922132713099
-1.805661108241664
1.380357137000679
-0.768166661788159
0.782963250198616
-0.959899293194975
-0.052864555373380
-4.363201350908710
0.638573717342154
-1.314002163941038
0.286804203536839
-3.052474225958736
2.137162460917600
1.706511856355123
-0.532968122269890
-0.182283340462175
-3.310062720322780
0.700320735118870
-2.800369427607499
-0.333124006254759
1.932527783112431
-2.693061092273699
-0.500579759619788
1.676595849889074
-1.422683793488020
-0.549304963287361
0.728172850984046
-1.025007827293091
-0.086793303249868
-1.688845774813410
4.609387638037960
1.162310507762426
-1.102151142886576
0.526668912177217
0.713184833455789
0.983222957624114
-1.045686789759791
-0.550784468758372
-1.205819060337300
-0.291427149728123
0.703384730840964
-2.372510092332088
1.475108901263675
-0.818029635314051
2.579747695349233
0.142089508562396
0.977086189694345
4.098033021945749
-5.560799955366798
0.745867155785960
-1.160518925767655
3.310531842626646
-0.194146528714911
3.087002475985582
0.214812651184465
10.858415643826493
-6.468274738498428
1.333146780699433
0.200284671493216
3.059977592755184
-1.313104797960536
-2.570634874742538
0.577609641534967
2.176936971932685
-5.661556367623208
-3.110899246890858
-0.377186645561265
0.188180255427568
0.091790817703056
-0.502419622085059
0.090330924356542
0.348500333682401
-0.280251748192759
0.022440584765388
-0.467041647636089
-0.109571731885950
0.218994898112782
-0.058585732852372

1.579866414303251
-0.707657609215076
-0.777991429568580
-3.501552907002649
3.570468602352989
-2.097285272425332
-4.115495457607050
2.660597388629855
3.436264076474832
0.253505468316074
-2.070433297187063
-0.065016679293342
-0.431976240612124
0.565534607938431
0.490014138014393
-0.405448526401567
-0.587530426433282
1.231998898425709
-0.184876001298024
4.322513732894203
-1.216668861699732
1.225434075513298
-0.133911609538379
3.398208569649778
0.806039712245582
-4.719898082909428
-2.001235550430677
-5.010955186301629
4.683897314580614
0.117058033352388
-4.940080590409487
-4.030403935694643
-0.224928840134509
0.291866362911153
-0.693819555408119
0.202484661712754
-0.090498363143581
0.009968694981278
0.027142976145926
-0.830657100375854
-0.884604106229841
-0.584266655639355
-0.709127911802990
-0.248059965671227
0.429282664429737
0.150509918785724
-4.693687575922947
-1.492573898129121
1.484132319248709
-1.979997393150319
0.865255287436877
-1.977802795951254
-2.153263040854757
-0.382678640324237
-0.442362946572461
1.912423076633155
-0.929579850120127
-2.701391764371290
4.025120667455655
0.417241947696034
0.742352264798227
0.053958833273981
-0.346845563021709
-2.608743558387629
0.585351697624569
-0.972469640761699
0.128327592316645
-5.146830547576879
-1.019886366653863
2.187897016057391
0.208006688213166
8.402461916312655
-5.145307177381215
-0.081360367822443
0.991046931906418
0.979857909579129
0.174823216319904
5.945298439976154
1.844833043608932
1.282765758995504
-0.543618613503924
-2.144061185795659
0.943122047181642
4.054989216101184
-1.904967705837000
-0.352160492830802
2.213367734547701
0.676000013579048
-2.582959661459451
3.621763988179310
-3.989053240007905
6.710860694627774
-0.079601527246667
-0.212870113772294
-3.123640021745465
2.385636491935083
1.788905020043659
-4.622252212564091
1.009929587660614
-0.192218841171548
6.891037539103589
-0.285346833852634
0.710658820530312
-0.218720898824949
0.811108897784846
-0.229757837630888
-0.161352467932925
0.172204195281235
0.070996780680236
0.420703146110132
0.402563691840043
-0.549369724995308
-0.003835093185563
-0.032711014994503

1.014792685047774
0.289689802568664
-2.755400937914903
3.452331709162433
-4.522204800235760
0.272278336013354
-3.361122199160215
4.540794458496229
3.409952072662002
7.354700536656852
-3.616761928634951
-0.863119325846077
-0.353108472815847
0.065637036166404
0.135982650356352
-0.968370545597007
1.280211535014289
-6.756035615235272
-4.339807094678271
1.488847723274631
-2.982300037013284
2.505676126325185
2.064312197093885
1.391638431524321
-14.693875375265607
0.637893003213403
-2.709879658940820
-0.355022214264538
-6.114938830193205
-1.407402962484972
1.924828078018809
-9.301791484424776
-2.353513368446897
-4.161166652796776
-4.630150161290405
1.762730032818316
-0.017234671020514
0.290810695969548
-0.678745517344181
-0.373761264049981
-0.004492739185936
-0.605962152776903
0.306158752612923
3.542781395205357
-0.623997447011568
1.900726012895289
5.975123880919074
0.023326577165393
1.500048213539950
-1.514387933812264
3.718241960661576
-2.454457536345467
1.157183983272762
-0.000135447337294
-2.929464416570353
4.001274940948581
-1.105712297890990
-1.495373474307850
1.029643718971280
-2.991399958125363
4.871028677487492
-0.387802183298157
-0.766718456228808
-0.719999378821181
2.518271330270284
0.422824155154651
-3.959087751820848
-4.547042395239562
-0.089271969391069
-2.783495160614455
2.846595051907879
-13.389368014673881
14.734797323172028
2.665202061278262
4.205391986136027
2.837610592154471
1.610719315478118
8.536223999251662
1.565405947141981
-0.003897203151619
-2.435125838339701
4.459898935168434
4.390438404572364
-0.082313332379381
10.245889133231350
1.590865370165973
0.946331416403407
0.449490261973873
-0.018944244907348
-0.829403898851619
1.896438178192315
-2.279701921522165
-1.236434187881618
-1.135227945753275
-2.210532153443732
2.195963101264441
-1.245340027235361
-3.530113178100435
-1.565760476528224
-0.726396393604949
-0.132881940065072
4.626602106832928
-0.017520462893166
-0.051157290486587
0.178765240509816
-0.271237126034508
0.549024093217461
-0.411060045326287
0.238670503468940
-0.638802124771389
1.903872708293706
-0.450379327658797
-0.736584649059934
0.168759165661585

0.056646013105959
3.458326115484224
-10.211725481347557
1.454873458275823
-2.789677055452932
-0.278623570031695
3.997108884372079
0.470690363549551
-4.717390801055486
-9.797345983744872
-1.539157495711645
0.962640994410868
0.154769060631981
-0.189830180864595
0.286816155008521
0.590025595261859
-0.237079994325728
-3.205437223778027
-1.497677492018695
-4.154983182755702
2.109841964577386
2.550764650313730
-2.299514659530488
-2.221362494383491
-6.969899457822335
-0.087733262420930
-2.621907367035233
0.770564279240226
3.191877665831884
-1.887348198197903
-6.676097066296497
6.210277600826523
0.616535129435045
1.051339258248046
-4.203649967508573
1.291296935280064
-1.072953544966981
1.094077782512641
1.183702695559575
0.045404406917332
-0.172348235620533
-1.591946240753948
-0.145313667975308
2.534298012271671
0.526032864430725
0.205580309733382
-0.782418531994940
-0.084084559126203
-1.036800603132063
2.267422674504128
2.099372592700037
0.118835728163433
-9.538887863139463
1.406687806629912
4.631326126097815
-6.487734573679412
0.501098695059789
-7.215139217786106
-3.566907550545195
-3.042183706620119
2.493076203505610
-0.078321489650236
0.168036446546479
1.746627381216060
0.754284912318885
6.126179254601034
6.790723940763416
-4.356650332460691
2.071388646325147
2.538184969093109
0.044657370701750
-2.734141432786469
7.850181211680734
2.677442782425511
-6.610461015503274
6.225347544168163
-0.214574429123961
-9.243126603440944
-1.128073772700554
1.967040975691177
-2.841047950468803
-3.921021954592397
1.240521622148663
2.637387218408552
1.792006904397271
2.200575413709935
-1.779704105958625
5.398380657667919
-2.988293584434608
5.237359313981497
-2.153652581405448
6.360834654226242
-4.243715437742186
0.534591558649364
-2.751254998725747
8.557746195086056
0.113246061950081
10.424279521717558
8.198306716816735
1.713522537120317
9.038964187581113
-3.907175740804720
-1.821810883775129
-0.023318439389659
0.097438337560503
0.140753369063716
-0.339877075369521
-0.025851255110718
0.207460317222176
0.113925085845582
-0.390128145715090
1.556473258837372
-0.961573437241929
-0.018244485508755

0.375086064771108
0.741430898452440
-3.019177806274613
7.792883792545129
0.309241236257127
1.917536616107303
2.919144657162397
-1.718767093026957
-3.625123698949063
-1.115431019829927
2.544832598097073
0.300044940477562
0.124306218510385
1.130492062903455
-1.565767976203018
-1.138652265109713
1.882189898672753
-1.971729444779873
3.704612015314694
-5.410149891484309
0.513878880676361
-2.018787140390836
-1.197222789754007
0.309383429113815
-3.285742551035980
2.495683816237543
-1.798450302856472
-1.204752272150083
17.586804773080733
-0.663250915508062
-4.014992708096291
8.373369931860641
2.690838816935527
2.027940475090732
3.880759818053538
4.036198749830163
0.678023676297886
-0.410243870367837
0.029500276609513
0.277478946894709
-1.082562744123982
0.079512859724753
-1.970287404572308
2.324716914571958
-1.512897266284036
-1.293413177532944
-8.295342055431634
-0.350067655638385
-2.325734423283056
-1.945002389472219
-0.077197993882030
1.568976614007212
-8.515800665272394
-1.386467870152933
1.442663266007903
-1.675511594164194
-1.569898416761557
-7.139790390990055
4.650908322121585
-1.147819606334506
-0.004843611906530
-1.621318944207277
2.024467221892035
-3.278105726357467
0.461482546199346
8.331872922519269
4.911249924248916
2.593828273522016
0.071292630469763
-4.084329929375048
-3.020591818934583
-4.084508301327686
5.696667554921437
-0.673906162670252
-4.804218091787538
-2.194037303747319
-2.191683805699056
-6.245054130659382
-4.722008014414876
2.095955230542869
-0.160270156345049
-14.004304073728143
0.784960254075586
9.690130780100818
-2.398397293475193
0.818459701339783
-2.384392284413805
4.166169924009394
-1.162349708092060
2.879473707323848
-1.986163517540013
3.901884468066050
-1.271670879607167
2.198302076300112
-9.633376430563439
10.521118565518021
10.787522378522285
3.990658137051609
0.086419188249020
2.399449920578757
-5.728860379303148
-5.145758691241736
-1.324923577300426
-0.197953516501126
1.045636653538532
0.136916161939570
0.050904150382744
-0.050943604171817
0.125326440421799
0.449736167600206
-1.312838421309307
2.219063566484834
-0.964037657357283
-0.050507656722726

-1.585615717082193
0.794406768832977
-3.528602091095463
6.057413969715805
-8.169075676855064
1.445024851917501
-4.276932415492954
-0.082484485013459
1.955771099058395
7.168805281035179
0.519651494832389
-0.546092112289916
0.835712423088204
-0.873454758793628
-0.575682998791862
1.370944723480799
-0.906152859780668
-0.616970075326336
-1.542804365632664
-3.812452000916490
-0.795872760592817
2.931458593071157
-0.264239339651952
-2.415748823829823
1.163089869835110
3.855473406135423
-0.043873599276337
4.212631749388486
8.506259613838878
-0.138390247100418
-2.703874314105732
6.249403424570717
2.068187523333070
1.960970699748365
1.792649167281512
0.792096293343883
0.312868305883248
-0.449292597373199
0.565804555059383
0.088203062874097
0.558315353767548
-0.054023110253681
-1.676675755284884
1.348570867883908
0.175877313131976
-0.638571342404473
-1.285873904574618
-0.003747428140661
-1.229519148455149
-0.311535527953118
2.376919109638210
-2.253539218262447
8.714838126928312
-1.172440831389863
-1.961655385222272
5.087904715993346
-2.050119245885487
10.715052532235138
0.973238246125454
-2.310294607043977
2.782458480521637
-1.159472914763051
1.095521235829522
-0.750095180005430
2.135414392195472
3.236280616946379
-9.108819648433201
-0.507427413431889
-0.300177527807937
-0.127029788057848
-1.023808221615345
-5.980644938082364
2.594098605435395
-0.715080029017961
0.982940280597624
-2.419230545537883
0.932563016767063
-4.976239424973915
-3.466965391428841
-0.922775067768738
-0.958675478451101
-9.782727866637451
0.544398149081128
1.643356710364631
-1.173891177572330
-0.417951805871252
-0.316047174277731
1.308116591845016
-0.405395029760761
-0.975353923213049
0.680551135253791
2.350690723127927
1.178680819214591
0.349731986208952
-0.791323985135712
-10.154041599999934
1.985023986285096
0.843055088600591
-2.249988251556020
0.250511830770988
-2.467281560940112
-1.053352070461026
0.215534562674395
0.258585879052994
0.569379988603106
0.227175525193133
0.213705088899558
0.139632846937319
0.080342851347170
-0.973350237471697
0.647179097222680
-0.626774678237296
0.365514696219618
-0.128459648483183

-0.974691483939120
-2.522218309615915
12.550330365982635
-6.210364254744888
-9.373456330441076
1.824046901708344
-0.966385005711148
-0.255655776751500
-0.871114563346320
15.873650376096361
1.563374514400694
-2.091156507194716
-4.631906701569123
-2.311088525673336
2.726165035227675
2.778581127233377
-5.720311058589934
-1.526332903423028
6.482483830136496
6.609584468481994
0.556086885276872
-1.213242052887115
1.069190690343044
6.843478479196501
-10.267340059328147
0.328958279776263
-0.200680844983587
-1.426108036202599
-7.888538853620743
-0.638157288654991
2.440956509218232
0.531388840225695
-2.808808081909037
1.002272180145964
-0.406417096247737
4.785124606381194
0.372400147301235
-5.599502833553967
-11.394195682476699
-10.232133489486539
-2.859692429518760
-14.885584769569649
-3.958764676635434
1.127886127604662
0.366142884623141
1.333469563204925
4.309056376975009
-3.229181409092885
3.202743898272813
3.023724278446847
-11.043845548687839
-0.979860352934805
-3.392726268658335
2.443435732441065
1.220942583611895
-2.453289269937298
1.342590571627240
-3.365373264928394
-4.223880524108592
0.701245676307813
-2.144500469523174
0.591473675587566
2.206172100864589
2.191738471159287
-1.027679742662416
-1.592092680186157
0.449391933917238
-2.580198023275331
-1.740113317106525
-0.791226593131178
-0.372832461782855
-9.878185402505100
0.823928641696237
0.939392036990932
-1.277956735481063
3.857420499336723
-3.138148207586490
-1.105057031573965
0.062776618410405
-1.628683860719615
-2.433558540009531
13.329978565137404
1.198803558093969
-1.534822984487492
16.110620888764373
-7.558237479202078
3.688669192152259
-0.300541354986909
-5.088175963264343
-3.183846611070963
3.290028473202117
-1.995190283418359
-2.635044033849955
-1.156253763434951
-1.313161210225650
3.256482848052373
3.491258875027282
1.356557088540388
-10.911170345180464
0.577428884043947
-2.095405723618182
0.731930218474677
2.809302758053856
0.151124379020578
19.043569469843096
8.856288972097032
6.423374558368461
10.541527454552316
4.329199041321124
2.788715776041177
1.564635178305424
0.775169554934955
1.001091487085059
3.556724925437424

0.019992927102848
0.015051001414832
-0.063587147665489
0.613118805096793
-0.157288015886122
0.694829279633553
0.079926702418572
1.163198202244626
-0.274106299979492
0.647349564891619
-0.839711762583637
-0.167642753957227
-0.606735275162092
-0.243888953554139
-0.188450703538104
-1.161256266888398
1.397714270057008
0.296782643579022
-0.401102364044432
1.798254664624770
-0.924566909135347
0.365390676239272
-0.233207379319501
0.086950986241591
0.061872071127520
0.078697341289024
0.070715520727150
-0.030512149085323
0.105176877780068
0.029344197275277
0.047214973741460
-0.155636819736710
0.034574374014498
0.185397931174429
0.026662193194661
-0.088142752578166
0.091313762939839
0.023565146669125
-0.011109478327452
-0.004753294179406
0.001308989707338
0.001512592989793
0.014264985251683
0.155542819827016
-0.172727351754751
0.147359822263366
0.132981474787573
0.160235032247540
0.231534156384886
0.329211263919347
0.207995007495497
0.752172763696997
-2.845058401661075
-0.242015729316785
0.248616396872882
-1.270555642854437
1.108190423016130
0.118072548786879
0.193339106039650
-0.949824878398057
1.016055370883028
-0.958504593960403
0.936082837982190
-0.807737055049526
-0.147047281024374
-0.395134242659354
2.118486192326264
-0.288605567161294
-0.153563370185821
0.000213790830720
-0.016873232132207
-0.013685703837349
-0.159831160292502
-0.004959545509594
0.314535857345886
-0.020736962700261
0.125835087776043
0.156981704956284
-0.042975694603303
-0.043310044810403
-0.038883117146503
0.013010177420967
-0.161976095797714
0.157301931553377
0.141184741759155
0.009830045967159
0.022343481454779
0.008265776603536
-0.004631321267708
0.018923447098477
-0.018725328433813
-0.036318916860844
0.012398492197855
-0.188823994416877
-1.626745511356290
-0.267320084423578
0.991441509315922
-0.733847157115760
0.116482075640951
-0.003665926194027
0.109077617895450
-1.281959888984203
-0.129211539514692
-0.140052885068871
-0.056501418804164
-0.051130531377796
-0.053781633426385
-0.053294208572523
-0.033169276691852
-0.044168506220858
-0.002779906875477
0.060740703826367
0.193578962834292
0.753630728119291


0.075855  0.112558
0.109555  0.135123
0.149379  0.147581
0.149907  0.156668
0.181570  0.167447
0.163305  0.176707
0.228369  0.194374
0.291986  0.194662
0.211855  0.195099
0.199496  0.167646
0.261516  0.161903
0.278337  0.173931
0.577909  0.113284
0.583049  0.187480
0.550960  0.215823
0.533644  0.270606
0.497222  0.267870
0.257191  0.497738
0.365613  0.521898
0.346751  0.464058
0.313770  0.500731
0.250978  0.405572
0.283562  0.411831
0.210697  0.388780
0.128193  0.360283
0.175029  0.365180
0.167126  0.493011
0.163889  0.604602
0.154630  0.596352
0.156032  0.708446
0.072223  0.639497
0.168489  0.311961
0.150062  0.119608
0.124833  0.184904
0.141903  0.247791
0.141750  0.388326
0.117929  0.871439
0.076313  0.861430
0.027271  0.674219
0.029040  0.301741
0.032506  0.086203
0.021111  0.154048
0.041778  0.203837
0.119075  0.673475
0.150772  0.680433
0.223926  0.677579
0.274187  0.498337
0.303275  0.586385
0.312036  0.558663
0.372671  0.617396
0.358680  0.503084
0.410305  0.486551
0.352164  0.441314
0.402533  0.467132
0.416633  0.403027
0.432534  0.419436
0.457272  0.412959
0.438424  0.357529
0.413160  0.636767
0.482269  0.561640
0.493464  0.540879
0.550356  0.497129
0.561354  0.599105
0.447646  0.654403
0.399331  0.522537
0.331033  0.449749
0.348311  0.426445
0.234065  0.382877
0.206524  0.444379
0.205241  0.350570
0.126461  0.276692
0.153523  0.360543
0.150314  0.354036
0.224525  0.333270
0.213826  0.130069
0.165010  0.233572
0.222696  0.253867
0.172937  0.318745
0.138567  0.565486
0.149695  0.632558
0.094673  0.668081
0.148962  0.602453
0.214946  0.522963
0.277504  0.487790
0.134679  0.353397
0.102245  0.435467
0.112314  0.475022
0.106149  0.523492
0.065153  0.533455
0.067056  0.575915
0.086873  0.589329
0.086021  0.633491
0.097585  0.568381
0.246531  0.583490
0.316032  0.232639
0.447357  0.360232
0.296510  0.245650
0.193859  0.154443
0.214534  0.159155
0.231835  0.166601
0.156674  0.151855
0.149607  0.171060
0.461000  0.259782
0.000000  0.000000
0.000000  0.174288
0.000000  0.348576
0.000000  0.522864
0.000000  0.697152
0.000000  0.871439
0.116610  0.000000
0.233219  0.000000
0.349829  0.000000
0.466439  0.000000
0.583049  0.000000

0.208943067031626
0.446201105690541
0.057117085466980

0.461355239593021
0.517512650397719
0.126259711002004

0.944219836648961
0.032494285624677
0.074921883210746

1.297635595203608
0.006221341842338
0.127291739027862

1.599170070452226
0.214118119904804
0.022235957940510

1.969013941207507
-0.044689887038280
0.024993630568132

2.428457973524230
-0.142775648826359
0.028564713926857

2.719959422831499
-0.254707007125404
0.043764761130915

-1.380882556285916
1.895141047063424
1.159230461826987

-0.060206173447535
0.196229861326151
0.095094057327826


