0.40000

0.600000

0.000000
0.000000

0.510471
0.857354

789.520827
0.654964

109
10

-1.206118851277301
0.835413698250385
-1.770970409974047
0.509478825051040
1.151299522586219
0.816962910846342
-1.151006616372780
1.604236276604747
1.561594605867967
0.227562085678878
-0.762510741433715
0.694793144934132
0.623083032761894
-0.343591738721891
-1.227989301415873
-0.580237263954342
1.396319004798727
-0.777717159264474
0.548515921391848
0.644809064213048
-1.451515021569031
3.296091195386965
-0.020471464736318
-0.429732235938986
-1.664554509183460
-3.750523201400942
3.317243731872389
-0.426021362235601
-2.069252722755835
1.939271751827343
-0.564705865542112
-0.690224825525730
-0.497017591273254
0.488219466716620
0.283618610267133
3.653702156920894
-1.956139911402191
-0.635819071774427
-0.090229572107818
1.362382239655743
1.627179720509212
-0.928881759296212
-0.017508365326583
2.342164045134970
-2.554363567283844
-35.474300181252772
-0.956422820709466
1.072181452022711
-4.763480437101018
-0.490582220493812
0.329148326758082
-3.708507020380783
-1.712982629306483
2.202249692624198
-1.262381721208486
1.079530944470194
0.257782803546946
2.631519895585190
0.083370410173460
0.100663817137039
-1.858975924194735
1.781500168902872
0.815166362284602
-1.771782756637833
0.815122731657859
0.379721102596916
0.527893101434415
-1.239926688776811
0.367231092018551
0.061366411684082
-0.369706597079740
-0.125718505651661
1.674729868338927
0.699750550458505
-1.260770937527741
-0.105404895226881
0.315942269327453
0.441031997968395
0.758377389954138
0.288092100544341
-2.318451572108026
0.183027870256378
0.810230155577668
-2.359996877298424
33.451369325349880
-1.021479438813962
3.566681675349779
3.382418663090997
-3.256366490579699
1.591326094985882
0.717524674538436
1.654336746084753
-2.429923020870111
2.988488297485172
-2.240675316053821
4.249613663991537
-4.093403032749640
0.250000131551164
-0.350604465816136
0.480665865081543
-0.677440824905132
0.098477956370317
0.033270953857210
0.063090089337107
0.035730532324946
0.750196525396701
-0.944387134563039
0.242398188169501
0.205613728622989

-3.419122891151905
3.797292061959852
-0.570544601388946
1.785105522572340
-1.076457683520388
0.337073356764878
-1.304992077697528
6.102351804028312
1.785666281461915
-0.485468553227725
1.249280742380216
-1.047336526490095
9.746769635810169
2.450967634082014
-0.625439537622771
3.330450707539814
2.053835929725923
-4.908421259315220
-2.584382799719982
-0.349803931941581
-3.355741611550044
8.185574286762424
-0.783588613864276
-0.567530752787421
-1.420270586569828
-6.969266583603016
1.452545373939061
-0.693358943092283
0.466149402150971
2.464263488962928
-0.222771508066528
-2.275814787921245
-0.457389913314548
0.236031718558939
0.687611466532036
5.854608245365884
-3.039606805461568
1.241023835791735
-0.183814861796949
2.100899340565911
1.719600373820093
-2.648079296108124
1.260850710112469
1.388310567932134
-2.017015220317998
-60.192466303874745
-0.534729453993522
2.122454192751634
-7.242935807195257
-3.477991215019161
1.099851552672198
-4.566921595157965
-4.430753688081843
4.037072311823550
-2.470754728688103
0.429547575481315
0.641504576734925
13.655262447025388
-3.900412702921676
-8.441301697014048
-1.091371700613199
-4.353240314408955
8.686503842393680
-5.167759760711627
-0.279084070155631
1.033950206460664
-0.744354874300359
-1.546534613428138
3.489759396907583
-0.464131091947773
2.701050740660052
-8.466401260901389
-3.853534119130033
0.598448747973836
-4.678646664714903
1.322399377042813
-1.107859618192563
-2.200328678536127
1.894789901788817
0.211247249051370
2.962005568331907
0.024957864581986
1.231638113060173
-4.397246004183948
58.701287344556405
-2.071284715275247
4.500386914843222
6.191786918193877
-3.372415749455691
2.254743360325582
-1.566776692051517
1.901232975333710
-2.200673210609769
1.776949598299967
-1.846197738242267
5.116877017796402
-4.856428808765299
0.260170664566087
0.227841888193033
2.289723530354643
0.407585538117981
1.324721349593841
0.174131071037728
-0.238553772207893
-1.411263919240138
1.597668319907124
-0.338561503177677
-0.179631373382652
0.132954142655522

-2.930238402411010
-0.007171947368513
8.783362679114799
-8.438963895700605
-4.243257375847215
-2.214818412730213
1.729299036217769
6.899261220276372
0.460478358276734
5.375321873938147
2.694979103551586
-1.421311425125238
23.243236653067758
4.435354852405398
-0.185478569435345
-4.409762544170345
-9.429808889723297
2.436002573991090
3.708210454157948
-6.366508887055638
9.818980638151777
2.577842488918630
2.141195585826198
2.145236676772113
-1.449346415940162
-1.211113568273244
-0.935297985930298
0.161912440536247
0.749397377769401
-5.313567955788625
-0.335121446215850
1.806623083910741
1.194980037142065
0.081696391882091
0.218769258179822
6.386849448193677
-4.110575738512631
0.423212284628662
0.873383886504230
0.063371653977904
2.921564571216739
-4.735478908909987
3.276821320930230
3.893444170406515
-0.608584054005672
-21.237836721681589
-0.102065978319949
-1.281771931277888
-6.059284520034797
3.300400920710440
-1.178833710389378
-3.472433444086406
8.939726152370749
4.287409095818452
-2.259471858846707
-1.591435292147388
0.610613852142437
5.406252609614982
-2.947742104620225
-21.547528895716479
1.629990536086486
-3.686261229393010
-0.221098736289266
-10.720169288771629
-1.410164451656095
1.454933190877825
-1.067767183871964
-1.822402956833189
6.216766759360946
-0.280574848635485
6.807238035885932
-14.664404322077791
-8.160648230716131
-2.917560965031532
-6.413018932649790
1.266564592566691
-2.649835809141755
-5.795467099192520
2.921722934282501
1.957364937316630
11.384831624719869
0.078148089445562
0.762091901297621
-5.857476235133889
19.010732562560161
-1.735974939992934
2.192862249015049
7.974339401812800
-1.847509833264925
1.991353835760002
-3.200115985436092
1.082485762774007
-1.872551219382062
1.967279729460912
-1.598618793488250
0.386484201937344
-1.114577707446275
1.107709341538570
0.735594480701750
1.836489261846793
2.662740977642823
1.589822565103264
0.379075306192360
0.049587948430991
-1.147350862694863
-0.641415695506819
0.487761367229347
-0.086507619075442
-0.042878502162668

-1.184416803009486
0.365746679557091
0.023962629239579
-6.989462722058829
-1.671881479612449
-6.569759412673906
1.654226372473165
4.476876216690890
5.523155841072439
0.882803787842408
2.994377391974002
1.244530238609851
10.871880426994791
1.584248815225511
-0.454646899591884
-12.073369406974420
-7.129658447661976
3.009434838857261
13.365407230561001
-6.153834406332660
8.211105269631016
-12.269464261301534
6.792402507251739
4.327644683745382
0.412018803954885
9.175384166754412
-4.774906716334743
1.722941454815586
3.969252709043130
-6.079305932592477
0.958365036384715
-3.706038449966675
1.614888780282196
-1.008039472257677
0.024494931115385
0.886974797215139
-2.630083795883559
4.245015487402369
4.550717036990230
1.854488198805001
-0.978723628543971
-4.392642678159665
4.028931304770373
-3.903120622475709
0.511313792602598
33.520209595826671
-1.708173848617737
2.964116494203585
-0.274520153689862
3.958888680790320
-4.951008153384379
-2.955497547497045
20.910527676271464
1.812686505484549
0.375122716538481
-2.608471511229264
-5.266667102588633
-17.644180090050263
-0.350194506986408
-11.837626936403383
1.659371414747920
-3.128279639140300
0.150800073253971
-4.797536885983135
-1.595530881184109
2.449838061186067
-2.973164324634096
0.294490948984392
5.821748872455324
3.954253744656222
1.154369061309868
0.568837537306684
-6.601816643216171
-2.210087405328814
-7.229530392230460
-3.727909672965748
-0.254083542006517
-3.058206154682066
3.245626841263666
5.639487681547946
10.411335288517396
0.507854245134470
-1.635219721097017
-6.002070227472173
-33.816039989132030
-0.116376394313107
2.882535017287103
1.022304756818624
-0.968206835750876
1.837502829114194
-1.829350210357862
-1.567006154326923
0.408697235089155
2.480205607576207
-2.124938565955559
4.300066722979181
-4.787253823816853
1.240957565177872
0.804015252328793
0.806650925152567
1.469921006635668
2.058121681485433
0.071935783674344
0.946563468129582
-0.901617212739211
-0.950752891621197
1.730138594834740
-0.913611071545480
0.012512314996007

-1.011270578152243
-0.666166736686178
1.541223098691965
-13.141324190976485
-0.496178881993676
-2.494706416045831
1.217398040444874
-0.996260842303879
11.016588204656511
3.059439092661354
0.705654734289622
2.750176510922014
5.094776677541619
-3.998441378698875
-1.407295152623182
-2.403458732203636
-1.924416923642161
4.833937904704833
1.415819977745703
-2.756802405423902
5.497770810079887
-21.416907336942057
-5.974340784646413
2.217334234163219
1.211839832705660
23.899531228956423
-4.956447102364548
0.645980381529000
5.339605319054682
6.635796003381127
4.602084827241400
-7.520126078820790
1.370628214098115
-1.207167510670146
-3.884964162903016
-6.242018698445247
-0.010339322467855
1.846713325831056
5.054140514294470
-2.271807184335873
-3.559082595975951
-3.045354643444932
1.068697149416719
-4.919723336814029
-1.706660637726665
76.499094462541805
2.610506841474600
4.417534858436459
5.730138978871717
2.620883242928116
-1.028009434463150
1.781690418213340
10.171900731538162
-0.337971702044643
1.987482695433937
-1.583214686747282
-3.764385192891439
-6.904303985450120
-0.550707971683331
-7.723092315841915
-1.358019926174219
1.284770311665460
-1.624877794269805
-0.439424608561206
1.480951849130344
1.373515260610494
1.166059822349363
-1.113709598144922
3.161702294648350
1.762804428157556
1.734864015263655
-1.576304727677095
-3.690412061351051
-1.044903015499477
-3.416353464665566
-1.807205204971967
0.155296665965504
-3.446920444082947
1.456031214347981
6.536185386894673
5.085342980927713
0.309902019897434
-2.061186614186486
-6.089634803163650
-74.839376390127015
3.014376627576441
0.851897274893163
-7.038155348879054
1.986174801349097
-1.757130603348345
1.699304475248574
-1.207095869784044
0.668067051418366
-0.225771680701897
-0.585429223705895
5.635751794182948
-5.544356417009974
-0.897520883840606
0.434812169692515
0.885187683879162
1.239255912184959
1.412042934159492
-0.512394644498442
0.592310243805779
-0.281090067798388
-1.004114638597004
1.604185302278633
-0.795813247821589
-0.115012522961736

-2.342597150879389
1.185293560802346
-0.832301697355239
-1.562430950838572
0.155506588018103
-1.462720185752454
0.045518191300725
-1.128763606155099
2.942639637691718
1.843746638232938
-1.085986954744672
-0.126923705444258
-11.469034380471209
-1.756809702323874
0.748366601078376
-3.154657342700605
-2.219897985153948
9.257614871132306
1.815601974269504
-2.214451176893711
4.841052787285063
-7.191037011502326
-2.510980279484662
1.612548593124786
0.503461950430509
7.926316185412700
-3.143863731108823
0.598154081743697
1.855059350580791
4.281973210940360
3.523888332513633
-4.007369865788037
1.562824054060145
-1.041371374367496
-2.889635048500803
-0.583218543197225
-2.670628756663887
1.014405829568353
1.080065159336543
-0.720919493233009
-2.576409641493263
-1.958259463843059
0.796555109551218
-5.414404611570270
-1.694509478353193
83.846385370211252
1.312158731432594
5.550430329570324
0.912138223548315
2.557699407529252
-1.550602601285562
4.613060668659443
13.221791695569129
-0.454697042485142
1.831501645825181
-0.963583234284509
-3.706009534589092
-11.151432838216623
-1.057135780368630
3.644830674093597
1.859629203009319
-3.687405817533200
0.885713256253184
0.418401401559143
-0.786964229525140
2.605235925103300
-4.449677005120984
3.225084131744274
7.220743494105068
1.234267545555583
1.429582089130879
1.132782946087640
-2.763986573811720
-0.621381732322588
-7.279416814704837
-2.192743380070413
0.490606884980494
-2.340346914382673
-0.257343823742948
6.449505230944506
3.513843000189951
-1.776595280744060
0.005972018550441
-6.379171188644721
-77.096772572200251
4.521722863657194
0.580268362650299
-2.622226121551408
8.042433575239672
-4.646215014366543
-9.251468219308581
-5.864413591166430
4.311072003661089
0.665174988072411
-0.263498033613248
5.075453688981658
-5.354775507811717
-0.692927644923682
0.763163469903671
1.116924795225450
0.712159902366377
1.676843067433904
0.086095874738548
0.652297075717754
-0.786433440961151
-0.244299454923225
0.670866990271241
-0.290534157916624
-0.135193497012018

-0.450017758371808
0.989149192245278
-0.881768212262046
-3.276013940031140
1.082355821337392
-1.465022839333028
-0.071638488130768
2.514412514682632
1.112450316300244
-1.752360480763725
2.135549109178750
1.541190901011178
-3.061862225866382
-0.736868040220254
0.566164427862441
0.914556977005397
-3.114005187020319
1.266652790708987
-0.886467526670885
-0.395463565905079
2.363090978545081
-10.897541581334888
-1.453962611656542
1.357552172425877
-0.669274577030169
10.670455151190836
-2.342257886088889
0.698522994138057
1.347313145817152
4.287475393127806
4.347864561184607
-3.686314497876412
0.578598095814703
-0.934190362388394
-2.823753416958394
-2.491209118936275
-0.573978731546705
-2.664954218179155
-1.064831238654899
-3.215093772679087
1.140573022027896
0.633327884336149
0.563599909083044
-0.025557239178823
0.073574711355690
23.172948127702352
2.279702338439048
0.020083606174069
3.049875060510736
2.094153591387005
-0.312847446577815
-1.826928488223030
1.562001785163206
-1.837183905929090
1.295812152855375
-0.525253070922570
-0.627593726965576
-2.375870168048713
-1.245680384023577
2.697027837961574
-0.265964693821294
0.501073546600347
-0.569429685133439
-1.174108057342571
0.087447397680959
0.693757786856546
-2.877439885760343
4.181906895329799
2.260560899403595
0.491532211382540
0.963898050061193
0.268044254680431
1.191101632733341
0.179998342602724
-3.544785638304264
-1.131241939731016
-0.705486848482703
-0.067859210963650
-2.277976786820208
1.166046209028257
-1.368402713182878
-1.434548862133630
0.205763880965197
-0.059659999802432
-21.287197622598168
2.921555443737002
4.211805860506229
-0.997309308110589
7.121306994791122
-4.620383690200144
-4.154397474429117
-4.948438979651355
4.474817873783640
-1.697564068568559
1.204402013382447
4.794405614159035
-4.761614121618823
-0.629483744574997
0.198058754722445
0.460207759575282
0.260555438480790
0.716513298059155
1.236270095101393
0.197703111867884
0.311226033071764
-0.806660223923913
0.624047542308079
-0.046416524286105
-0.167906718971191

-0.978533669673219
0.611133959461651
0.903922249615965
-2.363679974952039
0.369182513291372
-0.692953828391052
-0.468053339122208
3.620888456494551
0.599591503524994
0.528079662587090
1.890176810620587
1.566443894103464
3.463346307164980
-0.953877926243436
-1.706395972358329
0.074352163368469
0.058454365556667
-0.350076178412196
0.065047490077275
-1.219046176387318
0.585720782632783
0.551230270591525
-1.131810518457334
0.497626665267951
-1.228225721584440
0.567059703886249
-2.294079544391866
0.326503782039282
2.936214081984108
4.650303594622014
3.474755792457460
-5.321790355173629
0.744092315385413
-0.740859453878445
-2.105011882614503
-2.141518648549849
-0.764094186466105
0.380365710712132
0.351620422759155
-2.166764299788917
-0.631076482645892
-0.499472657538588
1.537455128610783
-2.944944123859279
-2.079353388212540
16.143979053928330
2.650201113274542
2.438249327646439
1.978961136184858
-0.067910138473930
-0.265236496486466
-0.096380970420161
0.652655221517114
-0.552358177290835
1.161801499293024
0.080032159117239
-3.007559178606750
-1.609930238239045
-1.516490393536481
-2.370548330120543
0.610799969797726
-2.182535733166293
2.129970020655887
-4.257383015956364
1.803136902479898
-0.976534789012729
0.983035962048398
-0.376802203277185
2.510380309370708
-0.341514157039610
0.691229524798059
2.672001952095422
-0.934819780721669
-0.238363060427616
-2.089067948662592
-0.154512087258335
-0.560139073109932
0.200192090075975
-1.094559265068689
1.271259597313298
1.782053305512390
0.035456741218380
-0.019025615141402
-1.205568888046236
-15.717102972553512
1.906949813451652
1.094625743128854
0.465705388529644
4.815076294603776
-3.576218167408706
-2.731712917717064
-4.170113801116036
3.030876277565202
-1.326704782808236
1.666781111171302
5.117829797314863
-4.908870332909169
-0.385159713029887
0.304830647101307
0.592872559011417
-0.312982503417929
0.306951356027007
0.549036405823245
-0.007834887693232
-0.165153328432064
-0.182957649837498
0.618144380365996
-0.335660360135634
-0.099314094241830

-2.601058140470727
-14.350070660146308
-5.912603329672678
-14.246243938336425
1.193887443319740
8.414587802128741
3.112042897683606
-15.379192240803848
30.769675564953644
7.968469987619952
-7.354267300082613
-12.354576740821624
25.108537480901166
-6.310794608550244
10.216981821939335
11.042432862244278
11.440836451041310
-18.375735075256905
-17.633162564821511
5.117234316639165
-7.807101280747085
41.235534527778768
14.520015372322808
-3.318543814968591
0.534460451963912
-31.558421295826115
-7.877323709326573
4.609358159275926
6.873334013330630
-26.342300715310078
-0.555183419155844
7.401417631777144
-3.039437091559072
-12.077873143350413
2.955896977607833
3.421139606927697
-2.526993239043014
2.544402239691703
-1.708840663636818
18.207035582761780
-7.393175683243205
1.920026547266650
-5.947419074314767
3.062048532392973
6.415600475579669
86.908295998701774
-9.103179952027757
1.850010803546693
-0.150640538170280
-4.142691040999377
-5.137769337395943
5.918124221521578
10.729997660840276
0.959064969704259
1.905553038197677
-11.691121065844428
2.849327966059967
-14.201626795287188
0.522078300360257
-12.607286246224472
-7.608749313976579
4.365892413241659
-9.264517922769707
3.349143514463793
-4.310971947304509
0.723687710839649
-0.217190622803508
1.189605994208741
8.088544230834602
4.419903594357748
2.313501001406237
-0.347692364711401
3.832005073473908
-7.872140666261431
-14.183151315566802
-7.591151076320159
-16.348745156542954
-5.633016596817374
-3.945827901774440
-0.223888015788524
-9.537525753130240
-0.425583539761349
1.089852922245340
2.161016559383503
-92.136988759601891
-4.585046594440064
-3.029072416074254
5.338667242382441
-0.922594143385225
4.635084623854837
-0.173368427360366
-0.059576856044059
2.836450085884656
0.377861427522254
-0.727855252825851
-1.282436844585180
1.497435368350663
-0.413089782632986
2.596383942004166
14.305792040108322
10.825542008710690
11.244370517715053
8.820332407483653
18.179905940916594
4.432707639533823
1.546578037657626
1.806498151802746
6.762975027774728
6.077667102010605

-0.024575642126726
0.015519898895904
0.001838612673250
0.005726434321744
0.011705709459946
0.013523936594644
-0.020011133027817
0.111679776593135
0.003988657659671
0.024584761642802
-0.000983557610123
0.006861372554081
0.005792902247608
0.020796409812626
-0.002257906348104
0.032013939362907
0.004888283204680
0.000018842890176
0.007137360439205
-0.043040205993061
0.009591430770263
0.073677720862873
0.046354316673467
0.028809641525550
-0.359471644929536
-0.078103453888475
-0.180110547905541
0.113350905567948
0.145405794432438
0.065439348250695
0.362792928165457
-0.171307223846706
0.027569442059222
0.100591033858706
0.203206953063769
0.337729895743567
-1.379855710065146
0.230752115913010
0.077463009723921
0.044021090679582
0.212069659300418
-0.292968820704354
0.047685161495639
0.266699250255731
-0.532591650796949
2.823155174859987
-0.017401034904049
0.124249672365611
-0.537794047670556
-0.080882890925029
0.008636492604061
-0.056301064933175
-0.024326646780469
0.135969304007145
0.033735302806270
0.161600614442541
-0.197451204120906
0.149026834643070
0.041328015482611
0.008196909827512
-0.008673580686846
0.029972332911838
0.015777639846454
-0.128825274772467
0.285171023870661
0.214212405623765
0.257754194264509
-0.062602556321454
-0.079886976819377
0.374278388506325
0.010033235388328
0.040539473537886
0.024630534678697
0.012253552537867
-0.018814006144063
0.196345850569726
-0.149105098725680
-0.015141707336454
0.072065641217110
0.396421372694919
-0.033493610615658
0.099308865118788
-0.044904230464441
-0.332459139522946
-0.259435867123907
0.297590446858819
0.079481320509067
1.697001446055335
0.120930712987109
0.494740731616010
-4.620044091924751
0.370277464388337
-0.253576077291618
3.510773778068849
-4.087606331381995
8.251300312369695
-8.595536123180283
0.257848341731950
-0.242197841125509
-0.103295813613382
-0.101430559304013
-0.117327689028296
-0.146380050064520
-0.006541074118784
-0.034175980687109
-0.037284105923153
-0.052249400923924
-0.108625148676731
0.385152839319496


0.028904  0.117998
0.042791  0.166212
0.058592  0.147653
0.086641  0.131319
0.078818  0.168206
0.122452  0.195208
0.100691  0.184806
0.125543  0.178822
0.080310  0.130252
0.115167  0.149699
0.101037  0.142930
0.133091  0.106732
0.068040  0.098687
0.153324  0.115372
0.099455  0.098825
0.194081  0.156624
0.156722  0.105662
0.067239  0.090848
0.213278  0.153351
0.186696  0.128178
0.167356  0.112557
0.243642  0.138707
0.272764  0.141618
0.234951  0.112757
0.333914  0.166769
0.247530  0.137566
0.328247  0.119135
0.328915  0.144616
0.303926  0.105488
0.276093  0.129039
0.400511  0.174381
0.281490  0.112249
0.362621  0.089238
0.453172  0.048537
0.369869  0.202226
0.247947  0.263991
0.261827  0.365245
0.241935  0.303157
0.206778  0.273997
0.187981  0.205980
0.228954  0.306927
0.226003  0.276055
0.128417  0.229867
0.274152  0.305633
0.076387  0.307128
0.277763  0.435319
0.204243  0.234238
0.282930  0.302859
0.262738  0.272882
0.183208  0.180687
0.271301  0.205202
0.175597  0.323886
0.065254  0.359637
0.164040  0.426158
0.121389  0.392272
0.040483  0.306069
0.074561  0.387121
0.058160  0.366327
0.054148  0.194605
0.064563  0.104222
0.032733  0.053709
0.047165  0.054341
0.056808  0.069948
0.128330  0.171552
0.094655  0.331450
0.164531  0.587417
0.140772  0.641314
0.126681  0.650221
0.065843  0.598790
0.086789  0.832066
0.056994  0.779398
0.048104  0.373582
0.041161  0.438895
0.045256  0.488549
0.039744  0.591335
0.055264  0.857354
0.013940  0.834180
0.039044  0.740480
0.091932  0.663313
0.201648  0.447811
0.062321  0.436474
0.229454  0.522957
0.190821  0.495155
0.178889  0.446086
0.278135  0.436665
0.323235  0.378170
0.164629  0.337691
0.280279  0.413562
0.322753  0.459474
0.331095  0.425789
0.287937  0.440196
0.340887  0.603865
0.342723  0.633837
0.404315  0.619274
0.398916  0.656784
0.498619  0.471741
0.510471  0.450535
0.335161  0.271627
0.000000  0.000000
0.000000  0.171471
0.000000  0.342942
0.000000  0.514412
0.000000  0.685883
0.000000  0.857354
0.102094  0.000000
0.204189  0.000000
0.306283  0.000000
0.408377  0.000000
0.510471  0.000000

0.098230333170117
0.365554480512676
0.136741075179049

0.446156431762341
0.051135652123794
0.050534477972533

0.978638491597176
-0.623854170110057
0.057222309300090

1.461149841096561
-0.547503231451911
-0.106265527666282

1.830571233953996
-0.606509537774853
-0.178036240664287

2.176461054490921
-0.576007608823789
-0.246343876715753

2.467065675996441
-0.360119778150935
-0.170204914982625

2.794616989336692
-0.248848157797344
-0.143886326999595

-1.643301171783560
2.232150918779726
1.500509832265856

-0.059840186058835
0.458772887160405
0.212604022060853


