0.050000

0.600000

0.000000
0.000000

0.413733
0.703792

640.606767
0.755698

90
10

1.426330284537223
-1.737828857938833
2.870000979385087
-2.976231409221783
-0.994027622288339
3.472596824726003
-0.482761096881332
0.950886849859798
4.352338787061543
-15.540523215581651
-6.749552181051721
0.020780229750558
-2.559925248824225
-1.446604676682092
1.242114865729453
15.921159293577141
-0.066910483924658
1.380231840667047
0.049591222396747
1.630038691873827
0.438192279796670
-1.647819836980044
-3.396450077413948
4.878748990464469
0.147974602849802
-1.494031759217297
2.012217067842602
7.301057457945435
3.605470757464431
-4.151165915125601
-3.280415342022398
0.023765730393814
0.895386495588218
-0.747000159590380
-0.989744427211604
-0.805527411416137
-1.386290478967756
-4.884399654501015
-3.718789474523240
-2.378130733252988
-4.155765966189285
-1.247359863714688
-1.044125185385576
1.422184911650900
6.021877702292845
1.886977339661670
10.051571924543552
-11.538570231025734
-4.151516860386608
-0.618949467786923
0.472851247508121
-6.952793540145811
-1.855443943828685
1.604335031602220
5.172546158593001
1.915806979280536
-2.280905399624583
-2.453536155164879
1.942078876045007
2.360294308606126
3.545424446607839
-2.199789167295506
0.388574878082135
0.449898919291081
-0.970777784264710
-2.252584936440757
-2.247321202288241
1.602447181575491
1.950533636278697
-3.273296071762227
-2.165603661726447
0.448999749814089
-0.532813329096023
4.177822541941742
-0.657992759438426
3.541448934018384
3.573587803243223
6.456502031070487
1.218862305647583
-0.595139302704887
-0.148300706947046
-0.074793639332279
-0.003053183047168
-0.167628288342508
-0.663985185910889
0.756448877728982
-0.044837345219304
0.643798694247131
-0.350692800552956
-0.142051636035932

0.046397212449380
-0.920836562632190
2.159614704649976
2.469649914151883
-5.174057645484194
-0.180017216076396
0.388887007982510
2.149729264445445
4.122785295352152
4.555092873841427
-3.672937617535360
1.595727168226709
1.326043825800317
-1.482707440976652
-0.882495080208198
-3.100845879707376
0.978416409726986
-2.386265547014264
0.705767353566753
-2.032034385988522
0.443262669403270
-0.139002482660760
-0.234575722096695
0.132992172978089
-1.247326897846016
0.161934267101313
-4.068237668101250
-5.689474912904477
0.429499911997076
-15.878618439301826
1.196591850331293
-0.339402919293954
0.027743536448975
1.771825487523211
-1.071154462776369
16.006342830905961
3.436870267718685
-4.857569801699850
4.116133488683547
0.539877449292799
0.855848210251032
0.694233842074478
0.303495154401027
0.815313269353224
-2.664367718254883
0.983450797037424
-0.555913803722504
-0.928389696119025
-3.240344274826775
0.539297026523246
-2.025757831239440
-4.290603758732294
-2.013521399287658
-0.063745698157237
3.581205995850007
3.562429362579750
-7.272621353740887
-1.577831255377542
8.526053477197234
1.729097445253257
1.735947357854595
-1.003615367649057
1.871927493563683
-1.201181624183694
-3.529142590451375
-0.500602382550746
-5.595317942739825
4.284649096513068
4.463966146920113
-3.143611009166465
0.638333262150608
-0.915823495086982
-0.686843167895121
-0.188834456808855
3.848580400722853
5.810046895949929
-3.193704701554236
5.769697343003897
0.209015658917121
-0.030665406730463
-0.338436973113876
-0.523557304695050
0.545867924502279
-0.789427568873642
-0.334026860259876
-0.100524529068740
0.337303608576891
-0.145604813085016
-0.057848523170181
0.402481462788206

-2.207976318949684
4.943317176479082
-1.176354454540926
-2.284049285698333
1.776553871184381
4.299199814045997
-0.892118354326831
-2.868478440310666
2.658905302872640
-14.775701436079675
-4.554585740559683
-0.395665195295007
5.446805446856591
0.608569075582465
-1.491123333393265
9.182248129699707
0.959166982632278
4.336728325334676
0.335698034598198
-5.197733942580084
-1.170811026175668
2.383452520591642
-1.606636075469869
0.038222846832397
0.424809860497480
-0.918014208112394
-11.054317893214012
-3.288434141954998
1.559577768399007
-13.452253956544771
0.858509292566816
-2.869002308602301
0.727301359873869
1.843009348753085
0.270734551117231
11.365155112026629
5.508555286585988
-4.295170654598309
14.380640768841698
-1.380136873862730
-0.059799957232250
2.429827802239930
-0.181076926250725
0.514420739172546
0.968002326190135
3.727266307471423
-1.320391991699389
-2.766065914794584
-2.465290124984517
0.908575047406800
-0.475530443055308
-1.622255508713567
-3.229452999318231
0.189650058584775
-0.615212026560672
-1.152209849646328
0.451884989837118
1.954876069533935
1.545171044373996
0.140934431028617
-2.319407735124964
2.088673885623213
3.290101055379317
-1.291026619887655
3.500553379308275
0.665320863970449
-1.389500227506969
-1.276596598090831
-1.890933302071263
2.079486021689249
0.280600367933539
-1.397005017654433
-1.392100252950977
1.143442225478536
4.549962735263846
2.060241930153155
-4.493292597980163
0.021176103890842
-0.713121036325043
-0.010312930117265
-0.066783610500472
-0.545109493955626
0.801722377602937
-0.791479030721438
-0.092551012833857
-0.639498431064814
0.537358347156881
0.104120242128885
-0.275389736192990
0.489427687678749

-0.689655219961375
1.565249236751539
1.986321663867629
-5.601137768892814
2.993540384455126
5.351900291261218
-0.181381022944578
0.075446577772803
2.518839352825362
-2.852497884751742
-7.221169157896741
-0.821975357322762
1.144983357823572
-2.409345471477383
1.611333641568178
0.358130712364710
-1.555514850177091
5.178398237602583
-0.880440188684290
-0.928118498012685
0.528338715819502
-0.691365411096846
0.574850696321790
-0.674489208447284
-1.950557993308649
1.225773669877311
-4.561252380546710
2.495336379132642
-3.865567039802873
3.224547621099463
-0.676783106991354
-8.324237946345320
1.092444205287587
-0.305274084021042
1.225440035968371
0.084474571198751
6.802365502735412
-5.905396075546846
4.823198811423108
-2.457978492853230
2.693745475057344
-0.546253750750379
1.270103691883943
0.861380345282373
-2.182813188412552
7.441031207610519
1.436943340365241
-9.179619241692514
-2.133528502113514
-1.868554365920557
-2.211338924411487
-6.752028713220621
-2.414836889803162
2.462251695262386
4.434374571749818
-2.146031817242311
-4.899653726848260
2.204357055265152
9.136719288719903
-1.099460200704978
4.275832787050756
2.280168846108690
0.148428832582215
1.968865241893276
-4.695176267249376
1.991202927138958
-2.337410138576551
0.067647625248295
-2.100463177976525
4.959217568418771
0.446684312326715
-2.601936813915204
-3.824087764723034
0.535448167529749
2.163830270610414
3.699179997624089
-2.766852233515204
7.137700994247727
-0.438185411502408
0.014124966399798
-0.042293928448084
0.218387461599599
-0.679296754622421
0.482750839888921
-0.159186417349789
0.290606678998887
-0.981594814231856
1.732388158137468
-0.962803664836335
0.363257847938372

-1.597230265628829
1.319279881068910
6.274180282983468
-17.600110827545208
11.614941389691314
3.447076386749570
1.691377777358081
-3.745088272386486
7.151091397374656
3.207037923493086
-8.211036706415722
3.202329637241940
-7.738918432857159
0.098995262293639
-0.380098489007383
-1.315725564506476
0.799653177435828
-6.465081126926093
0.141324798515059
7.084058193472735
-1.234549490320640
0.528070552149002
-4.594262884002574
4.726014280809774
0.896914435221276
-0.118651713168113
-7.445877867720249
0.745735965458206
-1.805170704965501
-12.242951997909726
-0.565260303049862
-2.066124268977768
-1.045796933309211
2.297436004904999
0.312693986174720
11.223078842516021
4.010690460774851
4.431415792170390
8.061427755681676
1.144966687902389
1.414949254595345
1.273996804074249
0.469151276057791
-1.213855890165476
-1.749776894861200
-1.123144350442963
-0.168030095115425
2.329797228355187
-0.332375489334144
2.287326350773940
-3.139104356577511
-3.073388852862531
-2.991771626514952
-0.729196508451166
0.335444118278758
3.063529658976129
-5.614533748207133
1.326849269340325
6.566874799043540
1.380761893388320
5.997718036648151
-2.596078247388123
2.094533232860768
8.779517533480762
-6.530799936550191
0.583721246985954
2.202528115761027
-5.991680459595353
-0.286764324583363
0.369693605172226
0.455284498978200
-1.240175546621521
0.734878245073162
-0.839983493122167
-0.130055026447881
-2.945651217229590
-0.437247579176743
-7.084462685288444
-0.204046813726601
0.278816062415386
0.247212200580248
-0.283768888378117
0.493499032622234
-0.920023432964887
0.205587270827867
0.101694139308417
0.822716687700101
-0.492904930209015
0.229522948059499
-0.164638130406789

-1.347722261459942
1.451812858237332
1.656587944020697
-6.586278628647458
5.301576260018172
1.982792004560217
0.391274112776396
-4.345809274568482
5.205302633488875
6.833602308791172
-5.516814869958745
-0.817127335791883
0.202217582110026
-0.628405386496931
-0.305935954676560
-4.132262493755056
0.818080005448765
-1.808385629261175
0.592314045220827
-2.177099545870494
-0.930123549551664
0.760652833547567
2.092265082349242
-3.099771695923293
1.381570424761122
-0.095900178652007
-22.887077269947795
1.364484786114430
5.794945746460683
-27.449361950751573
-2.478459571099695
-6.584638094941210
0.384982601191383
4.423175151096311
-1.300868857892685
20.715141067306956
10.205654161675008
-4.507337145901719
24.207486561249816
2.286158541977401
2.663165387343718
0.325689268670004
-0.533861919745567
-1.571493082420844
-1.548255523990766
0.228077816103521
-0.113388017909876
0.480830268144656
0.452466756313719
3.555056147995261
-0.846996709369623
-1.765790643791035
-2.542981848053607
-3.029330574353968
-0.523029304606496
3.916842282423849
6.154955692004324
-2.107152404724843
-7.617424329688995
5.706567304143236
0.084182259486319
-4.136418537780467
1.973788788631845
4.526497647620049
-0.756643464720714
1.371060122624176
2.978138910853374
-3.624913595336383
-1.392104011738516
0.832921005799834
1.488365054237740
0.639531830020700
0.730042790099743
-1.902128284988726
0.301333461669125
-3.855715265511040
0.858210565305504
-2.637018174431616
-1.462229689473486
0.116347263928491
0.191458330107559
0.132942728714289
0.380694879134351
-1.034941332689046
0.723944112582038
0.034449539171203
0.424521230433447
0.253349587648527
-0.120282144482266
0.543970809017863

-2.347334529484475
3.344925935837702
-3.384276199269892
7.297342294721330
-2.623764538760052
-5.455960038026886
2.633565505573985
-2.229206080662676
3.394101540956436
-28.474961911186437
1.690144280997466
-0.289095057969311
-2.778600148788180
-0.838357641749843
-2.355799125641533
22.465433737589706
1.113301091564486
8.165482660388458
-1.182493304421704
3.269534769357927
-1.697110167553313
2.151319526085321
-1.436098537886240
0.196851993636939
0.615538930501328
-0.906340810435963
9.799867213908831
7.726529990134691
-0.542361824376068
7.468368075259412
-4.474120693448726
-1.917146558348199
1.687416799791386
1.509883885237840
-2.465990828135080
-12.542892603563772
2.430819864861162
-6.668962076289839
-6.701351270352340
0.410560590070901
-1.142418563701375
1.200664667887047
0.704705376925214
-0.946047377980777
0.402530957334415
1.042115268245639
3.936621771515829
-4.275092879257874
-1.206692014445096
2.445995739978256
2.294427983734454
-1.246446872939625
1.731810430783423
-2.426934680593392
2.262615305833478
-2.232778834864377
13.225347668374047
-3.099712091786146
-13.242913978993991
2.347572423807574
-0.915755083623007
-1.342293325059859
-1.935959964609383
-3.357411109314068
2.332473442395791
-0.969920521792373
-2.476902157013280
2.417499930756832
-1.496815530957969
1.360332468473480
-0.965366821971123
1.726830376459517
0.579477973526684
0.579090317524860
-1.160635331686471
3.551924569113551
-0.587017282369577
4.500016840971705
-0.377444945370285
1.043088881239343
-0.104820227485857
0.208652153925856
-0.297772186214993
0.319488492228031
0.263102642759444
-1.178017230354702
0.227881256462528
0.006564788597267
0.089880955740531
0.125691565806549

-3.018996520648829
4.510960798645598
-1.820786503641465
3.020803476751051
2.159662054455252
-1.994236515866665
0.275966173811215
-3.542916635346451
2.174179876746468
-6.797093354147386
0.737054018610494
0.275279784003649
1.287139130178523
0.716571587172006
-1.732202764361791
5.759454204849011
0.904278421672050
-0.272051153402828
1.304889315027406
-1.700844846677879
0.125096049071604
0.552438810512163
0.384479911121477
-1.341205404338367
-2.035467150136723
1.266406162658922
11.637468664332124
1.859555093631830
-9.010352229582246
22.604602711735872
0.592790563833734
-8.227246305375346
0.095126286118472
-0.148320663795159
0.552258917430835
-16.025802791457185
3.966553097731298
1.511704766173329
-11.864877360170563
-1.503510082291188
-1.456984579629123
-0.100972874198633
-1.223686389953820
-0.206960881486601
2.495258887678480
-3.254740461823040
1.284934394533683
3.270673302964448
-3.035294920645872
3.695772082924732
2.235780367470094
-1.611463127940370
0.067443732838703
-1.579680357189986
1.683508617147396
-2.009142325305995
5.225236158657219
-0.620586938037991
-4.793169797790191
-0.749644828821502
-0.278319296255835
-0.031905320553585
0.723392389475488
0.054130193280846
1.862922715027942
-0.409976757025110
2.744210184591700
-2.661468956089719
0.107756174694459
0.792075278772122
-0.386467227249649
0.326767364572710
-1.115915042300930
1.016591581157664
1.951122834363364
-2.731173587945568
-1.108300029039874
2.605202071565184
0.792305092065658
0.496633417089407
-0.093705436299000
-0.635806661279313
0.767130573551756
-0.184802735436991
-0.536852564041262
-0.667421348168799
0.460338555485256
-0.725255027128815
-0.000000000000000
0.311733682823011

-12.567492271988163
5.111058946255684
-0.451641698666952
-1.221080365920187
2.548489539220323
1.792361401216985
-3.728231151226655
0.868931524493117
-0.486488136119444
2.069084508972445
-0.930516166994010
7.261038388200731
-0.785366209821212
-3.482224451132443
0.107791013197491
-4.134287370518273
-5.896945129794375
0.355935899333796
-3.062377379666525
-0.079795787201055
2.326300622097429
-4.104037442455288
1.156649530368855
-3.318224861855877
0.622119930532575
-0.041124782349079
-1.007055903253972
-2.611433512680943
7.604358082149810
-51.311632859370064
1.259575494172841
-0.279960380188352
-0.543395465492552
-3.452637579796507
-1.297691544536304
50.732345894922481
0.442095691352383
1.252038982372224
0.965653647968028
3.150418159518526
4.486325230556002
-2.023969298314535
-1.635637326136958
-9.979602952023267
-1.380419712777572
-2.966578409484086
4.577970318788910
0.119926890266606
-0.849186547583934
2.302940177879640
-14.093114319927089
-5.495360648775011
-2.070209115878141
-1.611312065247928
5.068110418222118
3.107720387359343
-3.027011013707575
0.882101405905103
10.058138769243707
-4.261461336245373
-6.411195307994606
-1.088443482455462
-10.168061508217223
3.972032707648816
2.545732724317352
1.830392231040769
0.612711547393104
-2.681737572706513
-0.418705422980047
2.463425939329820
1.473078629696086
-1.725023256822697
-3.667800270938166
2.036263929040312
0.649997657456137
-0.366410615879612
0.132253962131205
-3.202854704595353
-1.464705309654269
-2.827716331261475
7.378012914679728
6.826374681247693
8.865906208323260
11.299680625692318
3.751863340485504
1.817295972643103
3.729086585764319
2.763087290773503
2.179934235123116
3.653544847478420

-0.257913661633242
0.251439558051143
0.723391562368449
-3.932261683059575
3.299774853459583
2.356912503544561
0.572083013032075
-1.298755602266065
1.673651747479775
13.307338371785203
-3.873012533093776
5.344180664811002
-1.636740898748365
-2.812382723189777
0.766684784316169
-13.334831937746355
0.625895027579855
-3.287754558904341
-0.468867350473754
1.339445802975358
0.352891739545867
-6.212302519748113
2.330105709951233
-0.514514221062972
0.422170476585225
-0.128146740570754
0.933534821931089
0.984855665321433
0.350850320408028
2.049711823492486
0.117399354602493
-1.536948290751896
1.848205226303036
1.019622022173916
-1.376473636704065
-3.518699827886570
1.325667238129539
-0.575740077776171
0.707180571688824
-0.046450962754899
0.104846975616274
0.385589226528240
0.027899170136002
-0.016365604689436
-0.020639532563987
-0.050103262113336
-0.060085665475195
0.493694824504867
0.010849673163435
0.107569263269677
0.026662495084373
-0.065163904812637
-0.024356465889435
-0.036747881693562
0.067789178761210
0.004144424169672
0.050919900184220
0.118456677469247
0.040525471934572
-0.163740762458172
-0.096348041770250
-0.011959062794219
-0.009530611114768
-0.519400751193240
0.296805491367887
0.129037842926529
0.057846380920037
0.316994090797162
-0.824383565287576
0.686792759339336
-0.399963430648098
-0.050748710104198
-0.596758773998517
0.920500566843115
0.591496641131739
-0.000323948901167
-2.310034898680210
-0.465733161427811
0.067284109281028
-0.215961240407776
0.041089255228351
-0.071351720206172
-0.054500570732483
-0.057192345589717
0.096738133874367
0.024726771971158
0.317610712188569
0.629204139374934
1.363453394953865
1.251670703397052


0.052228  0.152261
0.076547  0.151473
0.101385  0.161240
0.121309  0.143952
0.128491  0.141303
0.124611  0.114108
0.106324  0.120278
0.137479  0.124849
0.143884  0.105138
0.212648  0.088218
0.129828  0.102251
0.205522  0.100652
0.236945  0.098196
0.190959  0.082538
0.149290  0.088603
0.213494  0.090989
0.176002  0.068390
0.209254  0.081405
0.282418  0.088136
0.248622  0.101308
0.358057  0.110197
0.367021  0.085483
0.397266  0.103238
0.413733  0.111145
0.338645  0.312700
0.333787  0.275781
0.209553  0.249174
0.229364  0.181490
0.196795  0.196849
0.213485  0.190177
0.247412  0.177094
0.226600  0.198644
0.293345  0.154676
0.207638  0.162941
0.204775  0.125566
0.215664  0.188355
0.222695  0.210341
0.188755  0.232182
0.203856  0.247470
0.092453  0.233850
0.139805  0.240931
0.159029  0.220294
0.125364  0.285370
0.054040  0.269621
0.125243  0.246758
0.145288  0.324787
0.161402  0.320287
0.152149  0.316323
0.182220  0.361728
0.147691  0.380620
0.033003  0.589890
0.107028  0.601534
0.063548  0.455715
0.130847  0.373758
0.124638  0.611908
0.103336  0.551291
0.074830  0.573604
0.120369  0.628768
0.062679  0.584485
0.074889  0.635543
0.095596  0.525879
0.118827  0.548490
0.026325  0.460813
0.128158  0.492561
0.116730  0.509077
0.188873  0.531125
0.209490  0.433018
0.122515  0.474484
0.283786  0.512939
0.296699  0.533007
0.309421  0.662669
0.207008  0.591823
0.291088  0.554108
0.291989  0.582953
0.230816  0.333046
0.228061  0.414358
0.218689  0.288891
0.179319  0.244253
0.162598  0.703792
0.000000  0.000000
0.000000  0.140758
0.000000  0.281517
0.000000  0.422275
0.000000  0.563034
0.000000  0.703792
0.082747  0.000000
0.165493  0.000000
0.248240  0.000000
0.330987  0.000000
0.413733  0.000000

0.503469907492232
0.512717977964663
-0.372940294788138

0.662811811493118
0.619010436558686
-0.306330047723885

0.982158827756151
0.375356082238702
-0.067539403882612

1.291813371729510
0.406326989221276
-0.005930497689457

1.749459873563198
0.181864631982201
-0.331267195387376

2.108536359700068
0.154790798975042
-0.479550975423456

2.421073520294924
-0.050253211165698
-0.018051980608385

2.657186742166634
0.111214135164429
0.132377818592007

-1.328303611960468
2.678065229338040
1.341616195987332

-0.108573024318503
0.143624631063975
0.184651897650343


