0.080000

0.600000

0.000000
0.000000

0.535470
0.898661

669.069845
0.566139

92
10

-1.379136414868297
0.174093002528029
-0.650280055206363
-1.859937317583550
0.896223820206783
-5.889550516304412
10.273325963050942
-7.373249801059155
-1.728832231253717
-13.814917336831606
2.541250894599714
4.810452422011203
-1.150609384635457
-0.191315097800920
-1.831113916416519
3.075620095257858
-1.166714405319185
0.627837574122977
0.158965406434812
0.555093362581431
1.272297511824557
0.117100176089351
0.754112214377068
-0.909209187980525
0.513541489378785
-0.833679010621001
-1.183562780888352
-1.534378531029242
-0.795155909278078
0.241137476477806
-0.926693527001673
0.822017786171183
0.832182908691213
8.061912403970805
0.516437845339594
2.532439311844816
-0.843508120463501
-0.719994089220877
4.019978233936057
-1.152480134113795
13.574743346188249
3.204776526333363
36.957754294393688
-32.046006272023440
0.126643827853281
1.275049567720089
5.442461001858432
-3.852348488586195
-5.185490577793047
-0.275179303788303
-1.528588675768792
-0.431704798591310
0.095987972538138
2.162115014945334
0.599795943836904
0.609105546930674
0.647174483170283
-0.139404502123490
-2.000025952675426
-1.284175550646672
-2.154562135807733
0.055052971253760
0.249876926266649
-0.341256813304590
-2.658545902034613
-1.444978255239241
-7.680156400031300
-15.839375849821350
1.186046785470044
0.476930266300027
1.084947105347434
-2.891352956614504
7.612961233635263
2.763250228365828
0.608713052987794
1.926743081464310
-0.444242790927275
3.076574099922870
-0.084448458681093
4.210899596722799
-3.307092153559326
-0.143222723434020
-0.611278151605222
-0.218746601329123
0.553014620108582
-0.645483532427653
-0.111981544396997
-0.151152113023753
0.316167156399051
0.175620538829608
-0.311303617909941
-0.072003182629062

-1.185413594371127
2.439751749510680
2.593456839470318
-0.362002940532483
1.707310514917343
-0.197956841101258
15.007603211681145
0.087836205776683
-1.958995135897456
-15.099733883931741
-0.187884389382707
-0.749565380332366
-0.693360004333441
-0.116817633072733
0.567581991758480
0.879439630154071
-1.412859404207138
0.262317709718981
0.599816705393094
0.099463023817279
0.817719331961389
-0.587165285087771
0.365807024576705
-0.786640075097036
0.908206317107171
-0.765803103300146
-0.370795988126267
-0.748821646331256
0.142542364163359
-0.020507259506785
0.534122639849045
2.131779137784279
-0.686451320411064
4.298373084210279
0.051265240342393
1.863533350581856
0.151873393962656
2.531906559797728
4.525998590563141
0.780418605214024
12.888290869564690
2.192356957127374
9.304390662248586
-6.982175470852813
-0.888055453755070
-0.935700254200367
5.244792082981251
-1.951859359475307
-3.717193271521796
-1.160572037843546
-2.257746965725914
-1.629595312145493
-1.295595821170684
4.290201013600971
0.005068308672252
2.016559346053088
-1.345447593242608
0.663790906343664
-0.518478179544985
1.037994099249217
-3.426992930901726
-0.395505333500792
0.790194961127276
-0.242689013579802
-1.614512647644522
-1.561114336427845
-5.991659691246435
-17.724718122351028
0.515020729409017
0.475040438901395
-0.932447799614887
1.499929418988979
-0.359616716470433
-2.964112128187389
0.959510772959890
-1.245008018174613
1.140964885549220
2.082745921699055
0.292941776361828
0.752337896287673
-3.764423862796723
-0.241626906044122
-0.022445977513916
0.068927506824464
0.282358446042594
-0.723075318071339
-0.105598059019728
0.001501312847840
0.513920881276387
-0.236303136827585
-0.092422644380638
-0.109496312252042

-1.068761109765024
4.965563525295811
4.583769069604001
-1.044026584091827
2.577432001290803
0.444545557533228
0.793827045817557
-1.352249764544500
-2.239855988951575
-2.888518403210570
-1.061733909277414
2.918256769561438
-0.983517537368906
0.500015360706901
0.463874072625020
-1.204440184214903
0.728609729629804
-0.203547673610411
-0.243468882297618
0.770550137095174
-0.616419740001175
-0.079689298511623
3.964831676251854
-2.383385166358475
1.138469932435652
-1.356890753219177
-1.718354336743565
0.317209274812968
-0.938214303691232
-0.431009497553896
-0.544266630873316
2.418931238494870
0.926813833299205
5.627463503523878
0.009476643061811
2.385971965376290
-0.851766016594403
-1.039640304397955
6.920459895909461
-0.377073307502419
14.859227803309313
3.936759906188691
-14.864215621311468
19.449122775491901
1.026569461282541
-3.065665056003493
-1.753417798066299
-4.856314328021146
3.574479359557195
-1.176081554698850
-0.195429935994313
-0.292915741356728
-2.978480693507709
5.396402084389000
-0.838072724483568
1.720662372958873
-4.121150079565772
3.239135664672576
-1.896963540307941
3.017088777413227
-3.229888429556492
-0.156651792720041
0.441398336840214
-0.205828696408348
-2.425330618808943
-1.619964318787216
-7.628145911880839
-19.489542777772058
0.697360288370897
0.230988281053218
-0.546109062869508
5.292296128685549
-7.002530328791105
-1.686906817968672
-2.956585191729601
-2.379545220498755
4.164422737920766
-2.270461631887780
0.566673799817985
1.608706643231082
-1.429546566388992
-0.827788617561903
0.490166548188160
0.070315506511982
-0.342410034773228
-0.130379229271985
-0.052999833071876
0.544848859758027
1.140165262454576
-0.941934456173608
0.014020556503879
0.051203618496489

0.139884762875754
6.650686029275435
3.427346445886512
-0.409980450543835
3.038890521368988
3.240141904078594
5.710141241568971
0.023595924235502
-0.054639241030212
-11.427572006026999
2.330569671550991
-3.019425195960813
2.167333585316864
0.874011045374738
-0.539159923267467
-2.109760328630454
2.237661770442878
-2.016435844317992
1.296843982772336
-0.963503434530451
-0.996579367900712
1.251154094793964
-2.558252475834379
3.035256936899916
-0.625999039498781
-0.054126324044824
-0.640634628171842
0.711491750128379
-2.276332193152993
0.335251182246978
0.611340813871417
0.847526291603860
1.495847780460896
2.318573603192724
-0.395447327339471
2.605555530018877
-1.685129905947985
-0.707827437565661
4.284844860597833
-0.934446401960829
16.860633316189389
2.080548478169460
-10.586455494168037
15.488032287303703
2.581464898758704
-6.467251372016407
-3.466239306933616
-4.008932525394632
2.512507884137248
-0.477824794605393
1.254903624817866
6.718908361145106
6.860986941431111
-8.476586226779817
-0.341905597240438
-0.687012830274627
-2.444237831390368
2.534332994099804
-4.663549169004424
4.728572523922670
-0.607581988528715
-0.334312745010899
0.326016535611973
1.094037999825323
-1.586670313583827
-2.625639586389444
-4.381547437978053
-19.759163666221855
0.630827713731151
0.772173578985846
-0.822360393992496
4.316632595543067
-9.881755506905506
-1.016988527074313
-4.050219035536722
-5.545444060740564
2.399637386992985
2.591365384524687
-0.153311808272414
5.682103544724938
-5.528004564477203
-0.815053432133711
0.781118016009641
-0.098525726188125
-0.211667382604047
0.191643378774960
0.004081097531205
1.242466139546516
1.317217325054941
-0.817893831871890
-0.472915293312351
0.140140256440400

2.320845013016450
4.929609836239438
-1.276342529873111
0.963844873517784
0.166564762448264
4.877247288879442
-7.534176733891643
-5.068414231398406
1.202481379428856
3.796622023444387
1.347925182188253
4.127698853735528
0.325829646145702
-1.355287940279710
-0.005048676232957
-0.239747974812890
-0.844434620886149
1.188400499707607
1.719368966025568
-2.106621799584952
-1.194807616814267
-2.533290870467514
4.763301394588805
-0.542165724122322
0.020180143349269
-1.071442381952611
-0.486528654735727
-0.366294401294116
-0.461613586551638
0.162539241990584
0.534321729410635
1.773742941105521
0.921422466692584
4.110465960489088
0.596835125023001
0.804623851730608
0.799450335408443
-0.249045943244370
3.794176606624289
-1.138263087655007
8.551469898252538
-0.363006886742750
15.466645693731088
-17.559946507413873
-0.285320464198297
-2.384835666121541
0.799499191307745
1.342147253312879
-2.109657330451647
0.700448934614887
0.981074513723736
-2.844512650902663
4.557221379669569
-7.168883103330845
-0.595132949627928
0.432030269465417
-2.165982326299849
2.641374552078187
6.243096265438174
1.155566695467051
0.575777196753031
-0.393366670688931
0.262277132473113
0.797245184118071
-1.096933405020554
-0.870746569035963
-6.479774998747973
-11.614978934546027
0.226039332080722
0.877480109312241
1.132632483043092
1.861639056656708
-4.599980778775769
-1.586172468399478
-5.262709468513792
-4.243889199693627
1.256771750470584
7.471110168023983
-4.922027428998639
3.866697478961019
-4.100106457619282
-0.522204627307931
0.891501128068618
-0.439447212830822
-0.112227491915783
-0.101173327791084
0.070387035487689
0.693766888060323
0.141339881697619
0.567403577927759
-0.674008744692346
0.160411357364224

0.491955719655292
9.046395460075731
2.391590334508542
-0.482627996423982
5.408255850543328
11.621206804391457
-4.839726650006126
-0.530430918047206
2.580405129779700
5.835765025310018
-2.413774594907561
1.897835853169815
-1.007909776674610
0.005305009700457
1.913343226377576
0.414854771455493
-1.600426079010375
0.093674724795584
-0.633810962643023
0.079284796353336
-0.703995833951677
0.386789930276513
6.236284037035687
-4.123542754117474
-0.018869478108277
-1.623241781511617
-0.801488774694414
0.128876737233585
-2.025863120249339
1.326705325504223
0.007785921769580
1.743842935823249
1.351522929128460
5.264744615268264
-0.059137766032352
1.122000309491379
1.429240441030351
0.317308364604760
2.918437314019662
-3.679159844417141
17.549389889345171
-5.318996005208081
-18.464166909697621
14.155598002047300
0.961455964521080
-1.438993628117902
-2.230301218397203
3.447747471156228
2.793089644151258
-0.906921258770734
-0.512891505265653
3.250750132015325
9.593328943611574
-14.124369676379636
-2.396203705935793
2.414486222101516
-4.136512476159772
4.457702557075776
0.740002408720688
3.066896874114673
4.573123055982946
-0.290054798362080
0.285874614980411
0.149050083626889
-0.672894836875913
-0.788687756393587
-7.416062514181097
-19.411487462220595
0.393460605536275
0.813126926492950
-0.147610868933652
7.382743736213378
-14.546630262568796
-7.982246110096880
-4.677611798714451
-9.162635379335452
-5.013658873582489
13.077863389529403
-8.271011035290828
-1.705469230350031
0.886742838165191
0.004938345266296
0.796879496001254
-0.516678737248417
-0.649361280878103
0.628399715102203
-0.077259075020423
-0.671501524494147
-0.832729878516908
2.391138224591579
-1.275075244041561
0.354828697878622

-0.499620123580873
-1.631400462430735
0.986603182358382
6.437751754557364
-1.561983604125037
10.166047704316471
19.313456014834902
-3.995117723172811
0.915722758427963
-16.693906111860034
0.153422254416505
2.657787066430379
-1.447102681092865
0.849245808484542
0.654655331786434
0.913643822067109
-1.765009721100465
1.123830099144758
0.128589419087582
-1.309327863782576
-0.250412693815860
0.607848545014829
2.726960302304195
-0.810724700940900
-0.167720286930123
-1.455291730567221
-1.441132957150522
-0.787672640063593
-0.175134724288367
0.860525284462134
0.594694339963610
2.692609281191220
0.806121144792032
4.157943642661980
1.025692164759314
-0.375654225931390
1.860214559933243
3.083412533999176
1.788848256701889
-0.742816867605230
1.390376590365925
-2.351814642582502
-10.314204386174932
2.067992809409180
-1.462002588656254
6.933285103257918
-2.947460372605119
6.495049259859704
1.998859913658348
0.870803573762556
1.365912293648896
-2.553157309615532
0.728664391274975
-5.010719900663857
-1.764626382022072
1.260252307140730
-2.741790274820080
2.642352283198382
5.893103615095281
-5.365234878725561
-1.854504453533344
-0.054146620592784
-0.452652239321126
2.179087604197645
-0.776494879707774
0.391059907567813
-7.463978068113728
-3.850917011118504
-0.490815438750720
1.677709853958528
-0.703286892135133
-0.124685007184633
-6.182192472035695
-2.017821098907974
-0.335097275221896
-4.803839096915118
-3.131973513009536
-9.550958488548121
5.468188271962774
-2.218149086744088
6.537562574621350
-0.138440532889378
0.090896820576134
0.180626906209172
-0.546387368433283
0.270676225448170
0.216584824301198
1.142764238297373
-0.288436040139507
1.033587905678337
-0.867134496029324
0.131927348700932

0.956675066721230
0.309669678538504
2.547640017490522
-0.981065516931177
0.250690519487013
6.522527758078413
-18.267394182836913
-6.955028078571583
-2.362599699183210
24.185626202603466
1.510177135947503
6.043256710513551
-2.586051185308042
0.345087137090418
-0.223862213026796
2.681824990308473
-2.662936431135927
1.806516505173233
0.534127696455142
-0.199934831866700
0.182847334814518
0.263464189214576
3.214669551370784
-2.542541976676419
-0.641440738101302
0.263488729085583
-2.180340385493932
0.152319345404958
-3.023701348554746
0.737479409676511
0.519576057357809
1.806771927358865
1.872711030050107
1.549173671387832
-0.145142226729850
1.329376670740260
3.536208998573610
0.765880465724232
1.413642211542660
0.253058542186036
-3.453597361446424
-0.448537055816525
-6.574077470653400
4.305520684027218
-2.848794993541758
-0.924898991648669
-0.488941195078204
3.510931758129617
-1.635393373391860
0.149062657497651
0.643537373661272
3.112363709880092
0.214235581953141
-2.338251055964347
-0.269501395354871
0.678506608935958
-1.273225755842892
0.849867257169880
-1.312480989018281
0.417273488016499
-0.898428930161230
0.374472050859066
-0.815887239568750
1.953163337527247
-0.937083455080614
-0.759574025480605
-3.628186526710521
1.208165242805656
-0.132723127008241
1.602200727839800
0.287409601391749
-4.361071436279777
2.443102411059546
-1.861306695517042
-1.161031196932601
-2.835692014743303
2.281210646793856
-3.000456257847525
3.081570179761438
-5.874403559466901
-3.333337214044067
-0.257490994437755
0.267723026832188
0.020572612526671
-0.571159074659632
0.461213853220101
0.112858854978365
1.607872306926803
-0.948983131826786
1.684771934654670
-1.234179306474472
0.128639165602822

-7.482401797936773
-4.569347509886826
4.132963983956429
-3.079026401892518
-4.358308234805477
2.168021363029878
13.947654818607413
11.721556466656267
-4.646470176024442
-11.890973421110226
-0.297587658839842
-12.356660596876456
2.244177841326632
1.066701847577022
5.091305371050947
-3.499053053407197
-6.238084239109738
0.137510103566102
1.958916052098062
2.375337568028745
0.054199918358592
-4.732904976306888
-5.657308841289660
9.574412228897629
-5.451887338766878
0.382080925985379
-0.865567259376126
-0.412580896025317
2.403671667460176
-2.591337488972517
1.208217626846975
0.161074945420121
-2.384820180899418
3.592321264796667
2.090654938862161
-0.830847385274241
0.011890104203794
-1.049443657223877
1.251208850614026
5.725083136526334
-0.991296926474691
-0.077871856872266
-28.845663510304231
33.295936197119140
-0.291585246166139
6.330474674954187
-4.299863061464982
-3.975149051281833
5.069297185596818
-1.602822167692640
2.290226558422316
1.375930708681329
1.607576179765862
1.561093039102622
-5.638599594058504
-0.852190299729283
-8.466967336848883
-0.273262028615171
-5.527564699887894
-5.964755138833615
-0.065345755280963
-5.447535858154837
-1.176918290916213
-0.531460258383129
-1.286428883884780
0.581630432722537
-3.168506021423992
-2.828469856010759
2.459338923584485
-0.258104118854851
-3.448895702683093
-8.054926852340293
15.548803714225185
0.921167720061182
-4.818894202018661
-2.285228004140127
-4.806793252798365
5.070079352693949
-9.684850325479236
3.370126894511417
-3.780393407165332
1.803592358523968
10.060539768010980
5.992736613069606
7.687064328296056
1.860415060470382
5.012899979583364
9.042486845068938
3.599022107671778
0.968140509723898
1.132629398114271
2.904783080679573

-0.054505636257643
0.077471713891025
0.219477933743449
0.154053998977815
0.013890094177449
-0.269552576121412
0.342133958388191
-5.972440855321998
-0.163340748806483
-0.787813118630274
0.029091015742904
5.767412636003193
-1.691597799603547
0.928895781198917
1.392782275984382
1.022585980967559
-1.743533007649990
0.566336021433535
-0.479445262590031
-0.254470958741051
-1.896187029598030
3.023255715295540
5.740870400429987
0.988147831273014
4.085043245993716
-13.619973232477015
-1.349576039996415
-0.356910809329447
-1.312212159998655
-0.317299654829114
-1.194755716163928
4.156637962948187
2.354869955641701
13.448050824134656
1.358215402492582
2.037186346851982
0.122549819610323
-0.203750510236862
4.437025480339650
-0.542255254436012
11.448757860711426
1.045712014991740
0.479830375596909
-0.350654430344257
-0.185939367675937
-0.444494081257730
0.310038414753551
-0.258137539042051
-0.312818385476093
0.115525592994206
-0.239200953082095
0.049447675181225
-0.023240216757213
0.041757848536225
0.019785900199960
-0.017981019637988
0.000786109742062
-0.003648834460472
0.004830065841554
0.255881288654441
1.593657990927331
-0.078734932804706
0.152276478131580
1.091612607141709
-1.249273342394374
-5.005236488354801
-17.785612764924799
-14.695780507547191
1.589772143456325
0.559834016086162
0.057400230630776
-0.018393846588751
0.042101865924465
0.071803589240302
-0.031078434223967
0.105617648361953
0.052128177999679
0.203209179488563
-0.106462953800950
0.655914284051049
-0.197683040244064
-0.353266013205947
-0.148017872175405
-0.138097649838957
-0.135954643697251
-0.140329767926851
-0.007424676604485
-0.149871669031932
-0.126904918447951
0.254336956965338
0.815993356537156
1.129862647973869


0.034755  0.137167
0.056126  0.066714
0.080508  0.124875
0.073350  0.145440
0.054873  0.148235
0.065903  0.085869
0.136820  0.105801
0.171980  0.142135
0.101870  0.140278
0.135052  0.104959
0.156136  0.145632
0.176560  0.137686
0.209152  0.153135
0.155391  0.199971
0.272250  0.151663
0.243567  0.126936
0.300311  0.154525
0.308574  0.188145
0.364372  0.168317
0.343161  0.235369
0.534062  0.245454
0.441969  0.186986
0.459914  0.192812
0.471867  0.186922
0.518392  0.131477
0.475118  0.161344
0.412691  0.268296
0.510199  0.434641
0.389775  0.549791
0.368575  0.466961
0.535470  0.522912
0.440192  0.611303
0.438316  0.519497
0.499107  0.565490
0.438482  0.403541
0.326614  0.578940
0.239041  0.502475
0.201750  0.564274
0.252662  0.550129
0.285616  0.491113
0.272463  0.529094
0.191766  0.595157
0.152566  0.538131
0.150210  0.538050
0.210859  0.517359
0.141823  0.591951
0.147222  0.469151
0.142650  0.528034
0.143497  0.457886
0.117544  0.470368
0.138612  0.495937
0.091802  0.536917
0.092880  0.512484
0.085206  0.521458
0.056984  0.396941
0.050729  0.453046
0.044037  0.509248
0.062868  0.516253
0.096179  0.546993
0.131935  0.601972
0.213630  0.580268
0.062133  0.872085
0.143662  0.898661
0.205707  0.695220
0.304185  0.634032
0.248905  0.620079
0.484470  0.582579
0.268773  0.534578
0.344861  0.717157
0.273429  0.363103
0.078376  0.228638
0.048742  0.125199
0.059481  0.126511
0.043037  0.094970
0.024774  0.071112
0.078662  0.069776
0.120228  0.062414
0.127752  0.048559
0.139557  0.037442
0.123701  0.086941
0.113929  0.051355
0.000000  0.000000
0.000000  0.179732
0.000000  0.359465
0.000000  0.539197
0.000000  0.718929
0.000000  0.898661
0.107094  0.000000
0.214188  0.000000
0.321282  0.000000
0.428376  0.000000
0.535470  0.000000

0.251392520658270
0.306481694690724
0.225602275555307

0.513108470179625
0.190463253217130
0.182463574715500

0.954324573318256
0.136227464746992
0.031241554417652

1.310860779454311
0.054755003319431
-0.050234126776685

1.751675514368053
-0.103521261325222
-0.083898301447991

2.191099614918803
-0.061302455881445
-0.409606225970802

2.503622241943909
-0.081090752959668
-0.110725515614258

2.785414093131948
-0.042093566791513
-0.113274823840097

-1.451542892657513
2.066156303869660
1.333058467458215

-0.155548798950897
0.456469616279280
0.238940399537039


