0.050000

0.600000

0.000000
0.000000

0.283151
0.964201

943.415488
0.730313

87
10

-1.678506649024327
3.870354445991208
0.334187028573644
1.146572012871391
-1.049476221898586
2.396842602913747
5.221647684240195
-5.889279265731741
3.643406744737574
-8.890071319522940
5.596510229801257
2.076160604996642
3.667785197744192
-6.723990915708925
11.100664453438297
4.115216911051637
-2.370855403282820
-9.725973887870962
-4.502238750228036
0.662407553754017
1.580320572301607
0.513590855763032
-4.881286329774023
0.429381469075073
-0.830482217028348
0.488146736610456
1.885323171269544
0.206645753652316
-1.911350479372996
0.445110686668219
-1.663699659644490
1.196619364371452
-0.648303370897079
0.023374525591516
2.978315171852617
-3.773084492564209
0.801486851723447
3.135854711175233
-0.086431453020394
0.014836552540734
5.538066436701038
23.234518424187090
2.512000350528092
1.536125275427120
1.159153487218730
-3.198412691960602
0.014391224189864
-18.408103164235186
-4.195535028193315
-5.130365668434677
8.076627527330651
-0.826313672327699
-0.225539472580228
0.548666361603021
-1.022869188501257
-0.223246854751660
1.309296769237566
-0.610969181110407
-13.143143504865384
-0.628024109581130
0.964484308434630
-0.895500137850544
1.308810098714205
0.024345712361989
-0.604728013466532
1.386319095011416
1.510467154121791
2.181809875004736
-1.828596328960608
-0.681070030383872
2.165339143223552
-0.137364613419968
-2.522379009376068
-2.274540330621789
2.935157157101022
-1.189440653611333
-0.631641575322606
0.282665542491390
-0.614838084994743
-0.037405285450228
-0.819780444363131
-0.420566560814009
-0.085759954743610
2.265830418555227
-1.962854504719790
0.737796304052235
-0.278614078478350

-4.739643905724801
0.908111209944368
1.011779372475122
-1.368777844253058
0.350835791490379
8.435565346213066
5.781414104460662
-6.712296976020110
2.814954653024766
-10.924766167373219
9.596706637771256
-0.728199712709528
1.034175353770133
-2.689208733608242
12.731119514694104
4.825886828621479
-2.901603434047010
-10.015439740508546
-8.407096272207143
1.018338376422334
1.599261284872710
2.478850176687751
-3.208125279874959
1.808800456698700
-2.355304225193314
-0.175586044460023
0.149844683034138
0.353371012511285
-0.118606513597059
-1.046727041399355
-0.817892857716845
4.928651809544339
-3.699524382576383
-0.196471415834456
1.160387392928902
-2.684594768951995
1.279992982140045
2.564330768811363
-0.024165071269074
-8.679615920168349
14.253061734954011
19.801110964965989
3.096324671269938
-2.434880558086657
1.185273623435996
1.320727100344026
-1.061654553526395
-8.573902213186868
3.495509340743217
0.509666738122544
-4.574381819676400
1.892554769715716
-2.406811578918849
-0.134869093717630
-0.820728963472128
0.225678017753872
0.449323945021887
-0.656120183670965
-27.930185208912004
-0.215298539664999
1.322594334960990
0.364792091046611
-0.525132275323322
0.994248862610466
0.076117894886051
10.510567327142125
0.201772904499263
0.219861624558834
-2.020915328792483
0.552092334648834
0.772819274966418
-1.489668243002957
0.081810305945423
-2.424950309099304
2.500138125390404
0.084503862118813
-0.657355776537661
-0.108268022733545
-0.275898392308769
-0.630064801186196
-0.406937264040571
-0.533246889668496
-0.070715868622191
1.646413118713945
-1.533549290117020
1.301039657501494
-0.711198902931362

1.533913358565506
1.192358505353622
-1.388098351072259
-0.091949969341328
2.408987110045437
-1.669928796948706
-2.849213580180461
-0.193190269193086
1.863561492701352
-4.398223690809918
13.201133373974859
-6.779489618441137
-0.601500722324993
-1.950404166694418
12.560622315279550
0.765062759922199
0.479581246398151
-12.015241410191637
-0.367496598965226
1.756555764728584
-0.692823164192789
-2.137098433388387
-0.960562452287966
2.566131313403294
-1.609130051454687
0.547852966838857
1.595426095072194
0.856326983452467
-3.961291148991734
1.231933943476995
-1.029339270510400
2.568304542885626
-3.205496106521220
0.068792866172473
-1.411214076114456
0.355643900214204
1.696803047759194
0.806024320823584
-0.495814202778208
-4.906233150672040
15.869379905947742
21.891624916369075
-1.461171626423933
1.294956520222544
-0.073248249583849
0.742748619156592
-0.246223333178607
-8.851402935743755
1.325921036722515
-2.940629766250325
1.310727213034150
2.904357605696770
-3.350281959345248
0.671174075178942
-0.990232679502984
-0.218491487006818
-0.019904964153613
-0.267115130195601
-28.054273533346596
0.035214315983409
0.731888785625247
2.553847408925081
-1.122142137831970
0.595729419918104
-1.406163374464745
5.800829988619372
2.114455155845517
-0.100833874961938
-4.126306266037412
1.863991436605838
0.647419979959977
0.054250110676212
-0.909064152341638
1.518082550250044
-0.693466130240853
-0.187790092023377
-0.125651320056088
-0.847603246724059
0.283170125320573
-0.506244544703825
-1.023574812507744
-0.437801063540676
-0.080555118970006
0.984203438034856
-0.929308765325121
1.526407857627070
-1.092176572408268

4.940759743396223
3.098677061130029
-3.179672255058879
5.099674029890866
-6.750096821008771
-7.682648769467531
-1.186555397385538
4.346788674282395
0.825571616853111
-2.376523446784455
4.563856084305109
2.524643712387321
-1.419616550165679
-0.964348029725869
11.091292463780896
9.256616310242650
-3.359168020602563
-17.155406145867826
-4.232773313954533
0.183797105182421
2.856679705280122
2.718136757070437
-4.218429812679200
0.644477574206949
0.236263955829839
0.606207119922084
2.362838516021964
1.981544505677867
-3.239180652357584
-2.913455133039697
2.110883986049478
5.671806326446292
-7.730011246963015
-1.929486445086356
-1.280700944260697
-0.444956183787827
0.068734654754375
0.707826651654485
0.263318046668677
3.565797682088812
10.795757070096856
19.352951679598952
-2.346982051431620
0.952890646762960
10.373955406853819
-12.175888446816057
1.872574294534555
-6.393068214746192
2.329988977110190
-2.844804774201922
0.976089461358563
0.522908051551872
0.102293061055234
0.419953313092618
-0.779619115409640
-1.452905837798892
1.040848636619699
1.146283727271767
-21.960282159901446
-1.377060785256452
2.177128614941408
1.350418776110472
-0.578035665166194
-0.059672866652082
-0.221596307705647
-3.352473488792568
1.808496130031864
-0.990454298074884
-3.419210678374798
1.516706166878959
0.897790482592907
0.431055624182516
-1.017866982232016
0.404175692988023
0.370482133890954
0.597381069769479
0.202885045525954
0.078362443052360
0.561592055385556
-0.127448533956928
-0.677531782738013
-0.318108902903733
-0.075115041845703
0.399263783410894
-0.509518675084258
2.207253238188643
-1.875004036250456

-1.456685999252913
1.621282194454274
-0.365065615921746
-3.310884701847031
3.780099523904954
0.427988488618457
0.630577646438334
-0.489571846276712
-0.693867871045811
-2.050990499330396
1.589275034053532
2.498350249365064
-1.697698429938427
-0.329261288160912
8.026755109873690
7.206268647928216
-1.780935367387022
-12.674046462565681
-2.784631938953301
1.157924903540019
2.432802693593386
1.050422235207241
-0.817171169963794
-0.399059421046182
3.354686150630459
-3.845209023956133
1.834271066899755
-1.329089738628091
-2.154185556986907
1.654014120683494
-1.396910048671192
6.075795402867700
-5.902055841476848
-0.761894376137613
-0.459441290121219
-0.649972268224160
-0.858382488247073
0.768195751560668
0.857636162809097
2.522564903397583
6.786653164241267
22.463365576002179
-1.187922094828344
1.759063088989588
2.850125828089554
-5.876716248194633
4.055525135372035
-16.269346180544044
-1.675112160844911
1.057728504502347
0.953048486437036
-0.156494416895206
0.126380947319079
0.788451126656819
-0.974848771864560
0.026013140657123
0.924142466391593
-0.327817030571058
-14.228529971137807
-0.115411875428956
-0.189692747428029
2.141890016067737
-1.019935528543934
-0.065044386940228
-2.637480879548255
-1.364743533477215
2.813560110893870
1.342990271398384
-1.495817418835771
-0.078404405168531
0.255511262992679
0.719718751333364
-1.179065623941275
-0.394183728773036
0.534777535108364
-0.013988409588794
0.160618460497766
0.348900629321164
-0.115905145381500
0.204694521671353
-2.146111961714701
0.024073426009479
-0.020021770911385
-0.169105109417025
-0.054943768816376
1.424354158285101
-1.286842426291251

-1.115638624107773
-4.075331651950593
-0.119514035986745
-4.785737245381408
8.021262927718304
3.800596174296442
-13.313419939717546
8.877616993608822
-0.996973500604856
-3.943584744443974
8.290767617991760
-0.517267375304502
-1.864800304616521
0.947840392859434
15.034133464294687
10.747840325877217
-1.545414850854270
-22.433733819269960
-2.596577292511037
2.161748978367038
1.318347029018986
1.402317639981213
-1.669004408624428
3.751255648416528
-2.405802408679577
-0.367888374156765
1.443655568250226
0.774100401634708
-4.578013331173374
3.283786634713471
-5.333849760446226
8.385472064801419
-6.894072285749868
0.942849026912836
-2.148311627721698
-0.106959861192792
-0.172503906956233
0.850932933765105
-0.117717712482222
4.138023217938970
5.391015121536509
2.462129469036180
2.246396908903574
7.471745500054529
4.334142928833970
-14.000570441778665
2.195548075739677
-1.571743698642521
-1.581773820194113
-0.105109219004469
3.047766683698948
3.240352610998122
-1.765017038676551
0.153047153345109
-0.535259667824937
-1.209612744119358
0.955271841018705
-0.715578803261870
-9.386763560948225
0.254760779513218
-1.957805088281308
3.243104542129445
-0.224501427764611
-1.005411857469307
-2.614781593806967
-4.920440538610032
2.481012284078178
-0.067550095122640
-1.346823617208323
2.735749878723071
-0.344953175618642
-0.256286314046401
0.451659813525368
-0.192020752799725
-0.855190030260645
0.831052093661809
-0.009465399729530
1.623964521018827
0.326099617886647
0.049099513531360
-1.696888095475119
-0.176148868284042
0.018800255782272
-0.647347333260190
0.311528146610242
2.375037669222209
-2.082672191541506

-5.079321164834228
1.589445470555440
1.222440146532180
5.770974818795649
-3.111117604409339
2.160338863508733
-17.230813301432097
13.302386536644166
-0.353834225880795
-4.356301736323521
-10.262013685863179
20.692651215172130
2.433258674643877
-1.686433208840832
9.645386712922674
7.651937019988632
-3.439776011555494
-12.756546916817198
-4.031099447177493
-2.628497987513551
5.436853208082138
-2.090757256641175
-3.215514228216092
-2.838404774730065
3.131556240731126
-1.273274264915832
-1.832938877652279
3.742933953120426
1.160135861661913
0.745922832070489
-4.477731587871758
2.946778435528146
-1.426686401272135
0.393613650325252
2.521274415268467
-4.820435459019659
-0.653013141820808
2.638496912972605
1.678304299101255
-0.770535543188341
4.787682474054371
10.038452574815381
-3.039320954405351
3.299750005342005
0.167838829087890
-2.763906225159674
0.991643099637614
-4.513582997888864
-2.407462051974916
3.015573102690599
0.692017188759519
0.876966388436400
-2.150456834849759
3.356575369642782
-3.318946118899218
-3.303054533081435
3.298479367857082
-0.763469747426150
-6.781298719362160
-3.009842709851328
0.460630291770006
2.364243561616367
1.076654215167184
-1.653231940490443
-1.167689181385310
0.028375538067958
-1.011346572243126
-1.216722391362247
0.277198204398668
2.015447321960150
-0.071055867081761
2.425313190874748
-0.483368299948889
-4.319785287255867
3.392966242434186
-0.745153114103439
0.176585809486878
-0.187354489480220
0.242925097283937
-0.802154040384629
0.251569890324391
-0.238847407262809
-0.044576481083735
1.041192695456840
-1.092802811790000
0.216138480848150
0.061567392481954

-2.806484413036129
5.440521743136184
0.792301776361573
8.112641839268656
0.677984626737163
-7.400079233013502
-17.498414882849364
10.390927319054107
1.085841304991422
5.822960952812515
-4.508128469488956
-1.735623619285127
1.009651845027426
-0.428970239647978
-12.664572774257682
-4.093978242072240
2.779924240704996
9.784450956858125
6.584362691091756
-1.438209602585744
-2.853535256396965
-1.738281365290818
2.828146095131050
-2.239363487899599
1.042773986931994
1.282381012165739
-1.995564997545728
2.468634359111705
2.969692862720958
-1.007335976506753
-1.240365203348643
4.241935816889962
-3.246995794851558
-0.915505116296869
-3.166296394915834
-1.437975211792498
0.548082225801488
1.831457562690437
0.875185322822262
-1.136389411317174
0.490494253339117
1.873086529971194
2.582471351200864
2.083397296547348
3.206497787431156
-7.014082792686988
-1.168638490748901
-1.486686458053207
1.051767322883509
6.425035926474427
-6.450895532531892
0.000000000000000
1.557383098233304
-1.329333274576577
0.044920638935648
-2.377737296546092
2.360162947599489
0.421831673173819
-2.384784578720795
1.152015160794591
0.351516313473989
1.219181987641853
0.706259842344186
-0.753773736351456
-1.382250617686380
2.017611214938098
0.575005707474581
-0.139734672159954
-3.327181643733329
1.720781371486747
0.142275226035333
4.432645036191271
-2.807064807710377
-0.890789112625675
1.538741163984372
-1.562736776818511
0.112514251453420
0.902428868067637
-0.146922305757081
-0.397550943087710
-0.113562360360119
-0.050162207261710
-0.160461378052156
0.751236034815355
-0.861990788268373
-0.101683770908196
0.170979714617446

3.947684995572367
1.196481738374710
-15.791232568794882
10.464357768360767
-16.326629357311585
-6.592440358985215
12.176338375343441
-8.374026298042329
-3.046577975798623
7.134448122814567
-10.367026818875487
8.494697915344608
4.120529853852637
-0.148749777692938
-16.814479306476862
-9.354679373687834
7.174596528799716
21.278098630208078
4.847807513293189
4.692113067143558
-6.154804968101053
-5.882708798568105
-2.559987328554554
-2.389955142641317
-1.268143718575077
1.135724467129767
-0.465797818741229
-3.467751102002699
-0.937136682493843
-1.441413321391524
4.764858468635750
2.642913187196682
-4.328521540949109
1.330044629241627
1.739202456396561
2.254073563101191
0.734633828709535
-5.536602245419363
-7.020122305002703
7.075869397428718
-10.542771670969065
-7.258176468174895
-12.119228794063655
2.518447817688783
-9.160820635785706
-6.936421698047853
4.895995005122304
10.288708830555652
9.715332994455340
2.664458865269190
-12.515133949461468
-2.140095495285797
-0.129227970077916
1.117227473273988
1.245833867070724
0.404246244890301
1.192789399296134
-1.249806833637194
9.863321538904375
-0.806239282867950
1.110548098980204
-5.186700827763960
4.657290908214604
-29.002531617816157
-12.121692791609343
-17.099827943440800
-9.435597731130235
1.028736286797143
3.197836310606762
-2.174881262092799
-0.398255238168696
-1.460517592056478
3.660482715829982
0.846817933563961
2.133953829163152
2.293876398372270
-0.614538991963182
25.165314048846227
9.274385727410484
6.908963339459685
19.574032460276882
28.299115935383789
2.165640497253159
1.969263169491113
1.450607083274737
1.071264488733171
2.702287812941304

-0.029435740833363
0.569606619154497
-0.323773427362219
-0.325604409907547
0.129072090445381
0.082465052796288
0.307775522802205
-0.269170141104954
0.602345387113792
-0.514484476954376
0.781086397123831
0.350485448544061
0.824213471052883
-1.113016115510006
3.551860045847465
0.793452136869762
-1.819856662372763
-1.246988332834067
-3.051670304905594
1.170706731683382
0.997940624648878
0.935341995122518
-1.709825266397311
3.614195543778158
-4.887099577783030
1.718841178610883
7.335464210349879
-5.096363394950005
-3.235100597408582
21.801524623349994
-28.295146098148535
48.399015809946384
-43.217160000317527
5.602668660102115
2.807536779259406
-0.496219943904205
0.864973627864674
0.191073090039021
-0.105849712884620
-0.037719879724659
0.201591335725119
0.856355604005381
-0.184657168956503
0.133756705855169
0.112639606920823
-0.120941660247798
-0.091683084878163
-0.502971665815382
0.018384368063127
-2.862315875035514
2.271578203536593
6.553415011522374
-7.502397575694736
8.012639206636781
-10.894701500636110
-33.325005152666719
28.564357402959544
-1.909724914566550
-0.641221536512144
-0.558129084926253
1.342789003729944
-0.355462306670516
0.666304590862061
0.407916515270584
-0.346791378342028
-0.228378999964148
-0.036188822115201
0.066787464740484
-0.019600509597586
0.597854705952534
0.056689106943589
0.011086252333018
0.193383162185996
-0.908041042510897
1.388805352072102
0.689184232407669
-1.166765642949369
-0.540780308085132
-0.772858755177345
-0.583219588987882
-0.559681285004014
-0.777661324561299
-0.122417804142180
-0.155279317159425
-0.159916305426312
0.403409499361893
5.120704323949046


0.037359  0.149485
0.060061  0.150910
0.008746  0.162729
0.048798  0.124104
0.050825  0.119587
0.049927  0.138318
0.052357  0.110012
0.051554  0.105048
0.061131  0.082840
0.064040  0.127898
0.069119  0.129979
0.073869  0.126348
0.081244  0.161702
0.071840  0.156592
0.106202  0.121893
0.112123  0.110185
0.122629  0.171675
0.108616  0.117536
0.103543  0.133775
0.167003  0.169354
0.141427  0.178641
0.103897  0.154715
0.094939  0.097986
0.182711  0.108861
0.169313  0.122085
0.150014  0.131984
0.232811  0.125525
0.253226  0.150507
0.206745  0.135669
0.261681  0.172754
0.273748  0.158588
0.281969  0.137656
0.283151  0.127273
0.211059  0.277817
0.123221  0.370134
0.093857  0.386012
0.123180  0.435206
0.070436  0.373140
0.050441  0.470141
0.033173  0.653889
0.036863  0.315687
0.043119  0.290888
0.028499  0.282175
0.041321  0.215530
0.033347  0.208645
0.030511  0.217364
0.054158  0.261277
0.047940  0.288879
0.097771  0.336150
0.119331  0.340488
0.106594  0.334023
0.174419  0.376055
0.153444  0.378035
0.209361  0.410704
0.238624  0.398459
0.276947  0.323798
0.276836  0.346294
0.266333  0.289116
0.036738  0.304088
0.086090  0.294099
0.162800  0.272204
0.027503  0.864754
0.057684  0.925232
0.019867  0.964201
0.007308  0.808281
0.034785  0.666207
0.040674  0.752863
0.044497  0.821967
0.064452  0.698184
0.079230  0.668966
0.087508  0.736182
0.084824  0.799438
0.092553  0.773102
0.099803  0.694068
0.118001  0.704398
0.101754  0.833612
0.000000  0.000000
0.000000  0.192840
0.000000  0.385680
0.000000  0.578521
0.000000  0.771361
0.000000  0.964201
0.056630  0.000000
0.113261  0.000000
0.169891  0.000000
0.226521  0.000000
0.283151  0.000000

0.282246509993523
1.020792749207197
-0.030331545250534

0.514287903824909
1.135219271361503
-0.043136778246181

0.953196194429975
0.660990611834217
0.021340035424818

1.319372367486634
0.357725491385559
0.116742819854717

1.616218957541794
0.024174004429944
0.108495015961094

1.924290327955148
0.138151839041758
0.168648376498031

2.437832082022525
-0.040555326012310
0.033001964179213

2.650248104253432
-0.004580265387095
0.056949220311069

-1.155255758773691
3.477526296248600
1.316388662737701

-0.154219720182921
2.234868614226745
0.280841917629503


