0.090000

0.600000

0.000000
0.000000

0.705278
0.897334

677.621426
0.903636

97
10

-0.668173369841074
-3.398033058571191
-1.810927812305443
3.227410578551250
-2.963835810562962
3.255437274188460
1.721188179645134
-6.930053527589104
-1.726741179991850
1.031529941622920
0.031189995542320
-0.454758713244710
0.018824695095177
-0.188809079075691
-0.126714968632854
0.405427509232147
1.029579989064630
-1.014268895060564
3.297351383688127
3.584039451126756
1.126855303059947
-1.248262091366045
-1.200307519330683
2.640388949357742
-0.175735900484848
-1.031333033341389
1.095903607270557
-0.168858304502204
-0.362629507628389
1.242795601110866
-7.279488822464488
2.083974518112409
5.501007404871355
-0.089913550592308
-0.463982525369762
-0.730308948218347
-1.964809134927623
2.012454830191857
-0.344322784915151
2.012938534701850
5.120370213780163
-0.071370940189985
0.119636896903667
-0.533707952158007
0.106474315600016
-6.148244152868636
1.217833048014064
-1.037353174475420
-0.649339737601242
0.274666088243990
-0.061377750956056
-0.599574249727773
0.833795446789520
2.367953334354509
-0.749502675193419
0.286359019537780
0.161350728006972
0.332456415348758
0.705554637870087
7.170503173484248
-7.282280586010737
2.539176304615667
2.626332828782089
-2.072142407888917
-1.389376386222257
5.011717865003536
-0.229227994540884
0.595995824027185
0.613238917993213
-0.936247849935786
-0.527453158360985
0.897555603729260
-3.660716075976277
0.044875089099654
-0.956539966005671
-2.719655825972754
1.258678712034285
1.738978831824644
-3.351970494012689
-0.602084178636049
-8.184813226983083
-0.998836405025234
0.112782850052095
1.750845933170820
-1.325031933299765
7.980272077078390
-0.205505145911850
-0.342217886331362
0.062872780054148
0.149034448424378
-0.351642356528933
-0.405841331329487
-0.069441222844161
0.404779972178342
-0.388551730434415
0.074512721530265
0.315413520837387

1.093350492213488
-0.127161054655972
-1.769876517086646
-1.086132563230677
-2.811184797101039
2.542842385972523
-0.260502255620316
6.541222520181475
0.676517794109022
1.060366641309520
-0.287051904754324
-1.837098628371751
-0.994948559287752
2.179352687171405
1.967401260847878
0.189167658866467
-0.850572524855826
-1.425497635934384
-5.662276639332407
2.051736172327876
-5.351845722294987
5.555252789809885
-2.215948440356063
1.073689583366111
-0.003342164582093
-2.384719171406793
2.436810135711485
0.457618979333482
-0.102477682203056
-0.032954467869628
-3.761800339690285
-0.546799237039011
4.777950826962274
0.199219890469676
-0.600392403544344
-0.243441461627475
-0.814045066922601
1.583673560580474
-0.366034562108737
3.500680629760575
3.590343993143073
-0.031060669273098
-0.842887496477336
-0.268957579817596
0.362561937703303
-4.430758947344891
-0.486906120600068
0.170465064163642
-0.392431780455695
0.439447694272485
-0.306989882712685
0.912926562879266
1.416856071381268
-0.229237691985955
-0.907162395863344
-0.034968354231379
-0.184027466022112
0.396919222032741
0.433939831023052
-2.736196672448766
3.186874431966249
1.992320304415621
3.007015572737971
-1.636840892709676
-0.954766641931937
0.233623695720622
0.143776234021630
0.667403116063243
1.349284700365454
-2.620797418254734
-0.635865463938642
0.542343562236548
0.623066544261548
-0.130101932065930
-1.666530132781425
-2.730176424863028
2.698880095487236
4.452946153941671
-5.758990098457853
0.027791222988332
-2.331690236822735
-1.194932455315207
-1.873847634350190
1.220858342983988
-3.216591175981306
3.444498015114068
-0.244744782117977
0.023453863081184
-0.289392257272396
0.374008353048910
-0.253170756605224
-0.197934747371800
0.000067685904200
0.482900575490844
-0.438507877622145
0.114268731098987
0.366874192711900

1.207401654738267
-2.478408625728805
0.113367564529459
2.931668781350498
4.019658501968492
-1.586534522215055
2.269896336639951
11.824125520078498
0.122139715471360
2.246250114232261
-0.196864396569328
-0.768281330606772
-0.143175644958421
0.925228256826927
1.246614673611317
-0.611936203605560
0.037940532828386
-0.619535399102919
-13.309170673219473
-4.505271015015404
-2.856088478416853
-2.071511111517762
-1.024595695003872
1.552931564008039
-2.885477883420017
-0.781432087441674
0.535681711305171
1.662968519695538
0.381502890566611
-0.948934863929611
8.127336376232254
2.828696296551618
3.887324486272489
-0.302883726004252
1.411449847788275
-0.692525922813247
-1.365596954851641
-0.778051511334986
3.415080100087607
-2.674212780046503
-4.337896498983576
-2.713360413553718
-0.300962337913568
-0.591192207640849
0.035249306568907
-1.677281840281116
0.100587464660697
-0.267454684578286
0.074037078588704
0.100359832809204
0.034617975302139
-0.343108606426973
-0.001781699703005
0.940706314674426
-3.176358877163740
-0.090821162927066
0.331858139901395
-0.169914873766631
-1.493988920262137
-4.709935190095761
4.819414033797346
3.481809770672778
0.916278845966285
-1.744965721110331
0.179537639262126
0.927731589261280
0.375505199325692
1.882911984733202
-2.150447108023118
6.038421254411452
0.462890281136304
-0.453247427834394
-4.331977026924855
0.082640194663016
0.589050799741562
3.785251021111725
2.694932777828026
1.577093338660849
-1.411358156022394
-0.078985745493243
-0.293091355135466
-0.562349035821784
2.948435903801220
-0.832588252698209
-2.201072230738515
-9.013897072618660
-0.080029315611868
0.532673426689103
-0.839479825210776
-0.434415631203173
0.681295458250305
-0.263092103057112
0.486161641782233
0.123261327021106
0.243219842235081
-0.126516606719665
0.098862875966419

1.082100703103017
-1.880133955759543
2.011732829668687
-1.795105872743105
6.323684683685701
4.246804215659681
12.719293869566686
25.056740425334549
-5.867947896922130
0.605170694122201
1.207370623144187
-1.987414459258692
-0.010575027489022
-0.435046143000085
2.727381704492623
-0.225849441051973
0.257773302030470
-2.579869315691402
-35.529147735058466
-3.433239902215065
-7.281103999169917
3.016976132001306
-1.852405662856641
2.414877313805056
0.113898460567737
-0.516385951624297
0.163743702162010
-0.551077247250101
-1.678869653866358
2.256682257102844
-1.637063765572073
5.325697229699048
8.274773908715305
-0.871782415428103
1.330227490878229
-0.973871621377106
0.005294019118500
1.812810314657319
0.571562142290839
-5.045677330633210
5.497848137822468
-1.359401771843528
-2.777796682562906
-0.947143289398131
0.419720083513806
-6.945959772743207
0.257886705534360
-0.393075005909254
-0.466441113152925
0.404887391826683
-0.210866905262093
-1.982811279065000
1.272887503861762
0.665770742423647
-1.554063571022784
0.435035173456120
-0.195444984492742
-0.169138473217941
-2.053513248027741
6.526549120309209
-7.085426356721675
1.587923666679081
0.605682159066124
-0.808517117141431
0.495570756751786
11.391380512576561
1.097885163782380
3.017899382227706
-2.952884725503021
-7.088794177061526
1.570272332627445
-1.123008790958811
-4.769749494387287
-1.727428415409843
-1.626289162450480
-0.621689060289524
4.398300212771884
0.910304488021786
-0.369012941628988
-0.451000403127638
-5.425517536654410
3.206227372918969
2.462979121708770
1.852145075448924
-4.142057651833802
0.780020383360346
-0.236999386637414
0.053506661193439
-0.519458343333845
-0.725566082804699
0.644408079081302
0.140127410430514
0.969369981895839
1.065010034304400
-0.447791665265215
-0.042598576380498
0.117819748589736

1.707016269599404
-1.307447255547716
3.728935141760851
-0.736868764961936
0.902122222962385
-1.002314146010824
3.635952146280539
7.113599020251624
-1.613244396693400
2.482829609131783
1.686172085133934
0.729165432330075
-0.397751725522281
-1.359472733293412
0.543045557393269
-0.449318950058405
-0.306871987923791
-0.974603390028832
-11.670309351349918
-0.626686999768876
0.154066448327379
-4.489279884880248
1.209126666600591
2.423062824844007
-1.125168833901739
0.351084301477744
0.051579448942906
0.059346846650106
-0.060297645808759
0.865335789538723
9.374188191283981
3.365412626220814
8.993258180493864
-2.390561650711956
0.204278855001262
-1.608503476508142
-1.309499929088211
-1.549057810444441
2.009554110011980
-2.204068769011973
6.496268537098500
-0.068883046672198
-3.677390673957495
-1.013084196773084
-0.569873624469277
-6.222478895011529
0.696063953778196
-0.521506362020523
-0.024010737105052
0.342548059899637
-0.422961789508233
-1.643888887807808
-1.263987439278432
0.637974781777375
0.092028155983415
1.347685227163744
-0.216710896365554
-0.070178670122569
-2.484331418958550
-1.095913474301416
0.446196915312949
1.199973698668333
-0.862928657881273
-0.021439413853725
-1.883112835126184
6.382852796483300
0.195610961527443
3.820081871489736
-2.521807549566401
-8.359723001413643
0.104092104990430
1.088108135430095
-0.577276416461487
-0.263946116852684
1.516305215699032
1.432507617295833
2.013470010703219
0.279383981331533
-1.116643009250198
-0.287187358894221
-5.238115109381530
0.829836915545804
1.066163501674568
3.329954995751488
-1.256449461842870
-8.617816664102087
-0.424368713538219
0.437625311179602
0.189426965395147
-1.789772501182633
1.014370127218752
0.184193929378899
0.803697717561464
0.170830434924997
0.203233818772339
-0.256836823587018
0.044333895143545

1.979252256150978
-0.747254557075268
-4.933216581481219
-0.916194508478750
4.213728348469283
9.464870226584608
6.131081439956219
11.908692727826447
-4.329206937847838
3.146800603950982
4.777599044814541
-0.694160056239802
0.299904456189569
-1.315712550423771
0.319830476739681
0.314260491449054
0.626354107242764
-6.208820399516499
-18.418671064228331
-0.950696573980902
3.417316083009894
-4.106142527529450
-3.259660503237762
2.059852773964325
-0.943235644431382
1.831055463394292
-1.466636292891905
0.515810174022893
-1.390326877894788
3.322766056655230
-0.417757583580001
3.451698795871151
2.772909167224614
0.650207656972238
0.145615810844840
2.018341450051116
-0.014349623605958
-1.592965341259494
1.641272325214666
0.463772908361349
-0.202381215883803
2.622180303413625
-0.220142739606325
0.138015566349752
-0.171143561679565
-6.689234676601924
-0.521880340360454
-0.320550921012599
0.356127647249807
0.051703364505523
-0.243053341538262
-2.055937179227004
-3.655190357890528
-1.356783875337718
-5.580941768231710
0.928111347663183
0.092222198024015
-0.302363773061980
-2.191147688078652
9.148818285651776
-9.354865605850604
3.124852424801590
-0.744189596713624
-2.200717123311355
0.374963646594195
4.813669550252255
0.486803870828687
1.216327546124642
-2.924784072942169
1.248522367408839
0.291244407564818
-0.258551527235925
-2.353580386677953
-4.890100333756232
1.119493368898395
3.396076445148056
0.213307356705402
-3.254358699937295
4.403243676149748
1.063149691989490
-0.997835997911919
-2.420654818132398
0.781078141942928
-0.432648501932844
1.040439427230259
1.517733659623227
0.127271962301839
0.845822550875614
-0.126578466467179
-1.484285781267276
1.219881996937882
0.088364366220095
0.586071592396117
0.557559098678490
-0.637529329695261
-0.040979653277396
0.011370253916781

-0.189549738922173
5.508365989657388
-0.097642705558049
-6.241777552581756
0.557705118886051
3.427120755413181
-1.282101742742690
2.502262613577605
-3.605630888604534
5.124630054212984
0.665898143583745
-1.348526622501636
1.521991535950753
0.480296004875793
1.344440406232995
-1.105265613119554
0.026983695759020
-2.219079318815055
-5.479163450637788
2.514425302140389
-3.868307108149243
4.536754951928196
-2.230214013160356
1.781110088721143
-3.346801766081438
0.531248953212273
0.383906301379471
0.597181769670393
-0.508456651868598
1.654970719805864
1.786652229496373
2.805023267715664
-0.937925169091718
1.771780167853348
2.349057796937291
3.171937237354618
3.126737113847003
-3.536173590743673
0.088781898935543
0.355913859902021
-16.468607992557487
0.884210831880682
0.767542333723101
0.822732371266053
-0.547027770151563
-4.042206308088462
0.842414565826814
-0.961993538560332
-0.055426607344550
-0.007889818564272
-0.249354264270314
-1.279865437213738
-3.867612400098338
-1.475880789258044
-1.256628196559333
0.231059281954351
-0.114891526417137
-0.292272943091365
-1.035557183670994
3.220875009243584
-5.070504906381451
-2.896013022282726
-2.894546113230825
-2.906944392093525
0.327898462930205
0.432110626613886
0.161503806742425
-0.439674460612137
-1.761249596151529
13.390201040311361
1.260365433520177
-1.377057612548453
2.926730463809934
-2.096667725611639
4.294007422977439
6.333104171133865
0.539739350443140
0.860680313440269
0.103891295937129
2.077730539421172
1.624314565907656
-1.924461398582979
0.168645585596150
0.992676789942645
0.300830096573791
-2.331121720087830
0.124863997658989
-0.077900948221053
-0.218620148028546
-0.596306626054501
0.323522780512788
0.276204940665313
0.763107070155808
-0.444642037226563
0.307538964136955
-0.283328812098680
-0.002807958494222

4.793215012659002
-1.853140398267825
5.051889619697938
-2.380714865058104
8.590268238425431
-0.031312552651072
8.605038536898251
-1.583659414010746
-8.052036329850742
-0.191796674344111
1.641517950204872
2.020358878426335
-3.143418844143114
0.694806748272582
-1.023766237415097
-0.874826236970399
1.512794529974349
-4.132397682249821
-4.878646415998421
-7.143870769404492
5.241366605132247
-8.202717248220122
1.023746094962650
6.343824119413148
0.536520412358506
-3.541110170007919
2.949821813192422
-1.198727303626542
-5.077959924429883
7.401678807809695
10.296882047871449
-4.646227260761330
-0.657814116824977
2.209609923408055
0.440541891946474
-2.117340399836826
2.273149761277001
-4.770653029113748
1.292556339126405
1.111243565838177
-19.414060312152010
-1.611056601104475
-2.082887601983579
0.741381276596793
-1.139405585199096
3.426665767350848
0.585822581508676
-0.694861927975354
0.214845743078910
0.082309457630287
-0.100297773850468
-0.509965342780832
-2.649133902634707
-0.602910847294689
0.657845845607550
0.235860393295440
0.148931077205389
-0.256895128125743
-0.141249807084097
-4.103079731985330
4.569741690032902
-1.432462548185622
-2.014675928806462
-1.032951343795878
-2.046893799809268
-9.057892063533044
0.641637317034703
-1.643481047253091
-2.362929480614443
10.552065243283570
1.403870431005334
-2.477017841214997
5.008330468239493
3.035407184147549
2.184525266094707
2.398488557035810
0.938440682383903
5.550225559529315
-8.428760177535926
1.495328484131627
7.064863337762100
7.756053212086468
4.542030758099218
-1.738145221851281
1.645409792528268
-10.812295324799125
-0.133203467383190
0.034815741490988
0.154203810323816
-0.411772205206941
-0.050821791292342
0.021930054730019
1.272588607912340
1.539254293805247
0.909018428863999
-0.313926798153999
-0.077552543722480

-0.030651212072033
-3.491912055586330
-2.770504113804044
13.163128878269852
-5.549359395766224
-14.121671872527125
-4.081349762370613
19.474942594663943
-6.751857830955209
3.554397274447989
-5.885568981850526
-3.572221060779595
-7.525766286232934
2.836751714832344
3.252703602457405
-5.317080176895508
1.636564507242602
3.841288414541100
-26.053228153522284
3.088738104017437
2.802097814263700
-1.344679566185384
8.948882094156701
-6.282623268103155
2.938402355210673
0.070265151668999
-0.728935173008236
2.465267546032240
7.045750440355695
-7.208063537556570
-3.323666800426815
0.653779733725786
-1.052895222692463
0.402737351439313
-4.361893434436852
2.468024646899702
-0.812623717528611
-0.800821732573574
-1.872029987173451
4.176749267585522
4.198526328817179
1.397126518714586
2.581870993738920
-1.482035086586985
1.264804579576934
-3.010952463087495
-0.219951666788616
-0.571744847118085
-0.445454342272938
1.046132296083245
0.705490061562283
1.138481203937573
-2.271150598977527
-0.134269176363867
-2.393871172637943
-11.966312780693714
-8.846280665302821
-14.460002028355502
-8.297996803990738
-7.128978826555064
-1.948381337102174
-4.319548255305334
-3.031862672572183
-0.091206121005167
-1.981535781006562
-19.314192835186038
0.626576311026136
-0.965806648752711
2.507617360455626
-4.134483491154542
-2.175742345348251
3.069520458392463
0.053137521505175
1.222596937145546
0.775774379055832
1.915997664110812
-1.966348728311482
6.384171832046018
-9.119143974440570
-0.561760809671567
14.143014328069562
3.450148789906442
-3.781608563499293
4.696525925831892
1.658872628815044
3.677491789418959
4.205131319981851
8.696891025747455
9.734434072844449
8.002227056804857
9.127560490642146
17.047830482863734
15.493626432010332
7.704775060761318
5.438673982373275
2.169235389648519
0.605290645945786

0.237949885598672
0.250729508771398
1.416333516102723
-0.581221777496548
3.007955778023615
-2.379003741812082
5.314237639975002
4.975736234132745
0.544253361011248
3.469361315533838
-1.041551750000730
0.750680627281571
-2.710994945655172
3.093719584276880
-2.292786921372634
-3.257962215627782
1.822219723103185
-2.579094720911078
-11.786723571789254
-3.569105170377004
3.686150335025269
-9.164984106779215
1.357483619693218
5.093354565678385
0.292319460246321
-2.839232562788953
2.147456412042935
0.497066245810507
1.200525900417671
-1.191051944418131
1.661182832472534
4.240918475024404
10.210018641859017
0.444730549018348
0.028583582591792
0.040356306676398
0.125330811524873
0.704137948156698
2.717677589307220
0.178688975067196
2.494231281611821
1.084190244945951
5.157714345779477
0.288367674157379
0.041429387835491
-20.729734951626845
-1.783882018570984
2.212691447464107
-1.370736096234793
-2.107218501792433
0.657788819671113
-0.797300189407455
-2.305386650059955
-0.042593905821596
-0.059083704978076
0.027733642347035
-0.154249012650185
0.757085598300441
-0.084894759434937
0.024131268116987
0.075931882522957
0.051175917599343
0.122600142102486
0.242071414216269
0.632722431451875
-1.046579225873646
0.625991948768017
0.242052549260098
-2.802640872852522
0.035428437437146
0.347493989660633
-0.113729163446077
-0.292447841420735
-1.989564110387962
-0.839306682783697
1.603159953109921
0.318718949093700
-0.900517211263085
0.359548253165318
-0.150365849662675
3.288461977275369
-2.577507209430007
-0.397614582856565
2.071082002488571
-0.743316873374141
-2.025181293431391
-1.079409122941393
-0.392796282811145
-0.260822824541020
-0.308759597599740
-0.298829661689766
-0.164344574038484
-0.083672070447562
1.108393921416345
2.318608239556908
1.674773212627069
1.923459892737945


0.117801  0.085705
0.120104  0.041224
0.137382  0.033584
0.141184  0.054344
0.188464  0.048250
0.141971  0.041081
0.235188  0.067973
0.224913  0.065928
0.162561  0.038870
0.236938  0.081789
0.299275  0.082820
0.400010  0.079920
0.355778  0.055477
0.328142  0.086982
0.416174  0.092284
0.494573  0.078127
0.345081  0.167429
0.271303  0.093652
0.227009  0.063022
0.203582  0.053052
0.208868  0.097390
0.201081  0.096244
0.191301  0.084711
0.189542  0.095257
0.183333  0.155812
0.211954  0.194530
0.219531  0.223310
0.156590  0.205231
0.144877  0.260354
0.152377  0.248795
0.161470  0.522887
0.206923  0.516063
0.263561  0.523661
0.143719  0.528744
0.071420  0.259320
0.069156  0.080993
0.065223  0.155965
0.130849  0.138682
0.147726  0.476425
0.197752  0.491006
0.194332  0.566443
0.251444  0.461628
0.265196  0.505019
0.367382  0.550786
0.394680  0.453154
0.246790  0.506576
0.541623  0.361919
0.487917  0.302708
0.650162  0.337785
0.705278  0.483331
0.647694  0.606441
0.226128  0.374416
0.195661  0.122068
0.076737  0.041557
0.037715  0.107362
0.017653  0.414589
0.011150  0.789956
0.030004  0.897334
0.034903  0.614094
0.038075  0.039206
0.044641  0.041984
0.044806  0.130417
0.078228  0.217249
0.115295  0.217039
0.162429  0.408033
0.181876  0.487142
0.185413  0.712839
0.109448  0.563405
0.146091  0.461996
0.192136  0.570885
0.184757  0.634975
0.185393  0.657165
0.204948  0.548044
0.170184  0.494715
0.119120  0.162569
0.170077  0.126912
0.163161  0.371795
0.148170  0.570144
0.158908  0.566466
0.221254  0.606288
0.182009  0.491325
0.185605  0.566002
0.204589  0.447802
0.197036  0.426254
0.138367  0.375014
0.161483  0.519034
0.000000  0.000000
0.000000  0.179467
0.000000  0.358934
0.000000  0.538400
0.000000  0.717867
0.000000  0.897334
0.141056  0.000000
0.282111  0.000000
0.423167  0.000000
0.564222  0.000000
0.705278  0.000000

0.211237613251041
0.550399451535766
0.020526994620663

0.537198128440467
0.493862284910511
-0.065988914334069

1.050114017792464
0.178195584536244
-0.041680592679425

1.258027019786349
0.070951929315736
0.130287853786572

1.625155594726959
0.054973712815432
0.174588452457905

1.917177796006127
-0.042789004507815
0.237734117313882

2.467681082051879
-0.135193157816984
0.117489039758286

2.728682289889822
-0.025552183557413
0.085551377917612

-1.676771952565533
1.564254752926255
1.612595803407995

-0.501700988868829
1.283639403845781
0.925212311265874


