0.600000000

0.600000

0.000000
0.000000

0.494941
0.852902

908.208162
0.428703

100
10

0.742706203419929
-5.282260435977422
-0.371889727873601
1.162407940986393
-0.839402401878617
2.645626141120524
-0.475152372213994
-0.805374163494995
0.110150623651087
0.605104222423987
1.288635078881945
5.242365605827271
-1.313644069554206
0.633699152701102
-2.931391956872120
1.481224037063535
-1.519635829406165
-0.149045807475737
-3.673198998267323
-1.851328161725193
1.222838507944302
-8.351684702738565
-1.610140921273756
-3.262809188843523
-0.206657058815106
-0.748018259120504
0.688300676431499
1.726023696685787
1.962020353435447
0.050533675121881
-2.663548599928026
4.015727399130338
0.399693335471702
-0.295816851426524
-0.113699441583502
-1.948516219994168
0.159805619500115
0.411693774316327
1.229416412033348
3.052822066415339
-5.484840647919560
3.814129886071071
-0.706461199378780
1.049261691017760
-0.165604634712906
-0.123414436461194
-0.239223733710779
5.343174341295550
1.379953200323533
-0.425992670242850
0.245441435075583
-0.590776911847692
0.547380984979783
0.504514447237564
-1.485773882483336
1.293310499640833
0.349272006476591
0.233740809147212
-0.839714637431400
-1.636580832691538
0.005237874219134
-1.480489539018519
0.583576799171007
0.053349348043714
0.537405252604690
-0.446038758621437
1.594478223956128
-1.152301375198174
1.272373651921354
0.280183598284075
-0.168045355071544
0.464972910635805
0.501020150931680
-2.199523740713576
-2.627498910189519
0.810541276169871
0.099862611752786
1.300141935477436
15.543192503188653
2.984274611851309
-9.947290272943679
3.090249177209397
-5.535045018307646
-3.094335473094914
-0.340815074820048
-1.918502029127709
5.748951627700791
0.525075855233242
0.408023483010547
-0.071327892618677
-0.134544779624713
0.068095438547865
-0.135475871524467
-0.282330544261427
-0.016460566478975
-0.222383734879962
0.328679562375432
-0.240028688041342
0.734133714683605
-0.400757009153857

-1.325690070874481
-4.847675354461883
2.888528804677962
-1.866086519023447
-1.228233254095927
5.082886509174391
3.902190196547580
-2.000286767549359
0.684149951602935
1.822850949572380
1.753934020114707
-4.108302159601010
3.533088322786951
0.326185751656476
-5.834716434721651
2.247113513201918
-0.214879226280658
2.097027797396049
-4.291974111935414
-0.725931098411975
-0.131960118701412
-3.725841270596790
-0.295140562752885
-0.862935483518227
-0.665138259388626
2.893575979744613
-0.157905971690627
-1.752363503790412
1.236063261204126
-0.275907513063194
-0.729474373247189
0.454963145843678
0.224727731890614
0.682658568108408
1.359706577997051
-0.796640367979609
-0.959971832348482
-0.526721269275637
1.613180608392839
1.028642217565140
-5.202332231156954
-1.909434896354452
-0.561488987804495
3.864750692346346
-1.510445316416047
0.047888054596192
1.660410911283134
5.381909533125199
3.691951213651460
-0.007389076534079
0.145017639158973
1.470892296936118
0.016233228075645
-1.360008894401261
3.165602043377631
-2.164744812154683
-1.251026933700704
2.844836731874196
-1.886805515841831
-4.832836932895765
-2.479086936452397
-0.552664295398290
0.983625418697993
1.582921756642234
-4.193997230579535
0.616176891677063
1.987031519834873
-0.536941099805009
3.936691643179035
-0.897533601194562
0.117806304917071
-1.519662934097343
6.943854974277432
0.899126360493197
-1.493797935200051
-1.242608675113333
-0.670024431873233
-0.646340596749794
-2.337550378132836
2.126400037237334
3.914456504939794
0.318912371580773
0.127482610983593
-1.442548224008860
-6.293170887060566
3.442573924201287
-4.023564058679005
2.478927165664245
1.804388597080852
-0.259858716398236
-0.753588195112695
0.240235457161970
0.035863742766077
-0.343584229005443
-0.003369219045581
-0.348080507642323
0.832792127239413
-0.655810308729114
0.154414118091177
0.039423807269320

-1.779554300147046
-4.174571668992728
4.371903638408285
-2.652025301231968
-3.284234445096053
-0.398297006659115
6.097403012857956
-0.987244465504857
-2.106226901741397
2.095692137172916
8.373181387056713
5.978774634467169
-3.862249433372229
2.251396989208853
-9.806839899276412
3.383241145081813
-0.788071880180315
1.484152279943630
-1.187275553512188
-1.230188222115888
0.628952650623568
-2.441292207218739
-1.280037578548011
0.480060489497850
0.659681488758091
1.844175804282220
0.476128903155367
-0.873554849570332
-2.447461178303809
0.732251462855867
-2.526401326848161
4.038532895288990
0.364951579496347
2.105072097864565
-0.057910412760672
-0.522239061836313
0.096317785906639
1.062798502369340
2.882044372549982
-1.712673526722320
10.408156107382899
6.045418198546229
2.793464937740715
-3.073473225721165
-4.697253380336460
1.553619179278750
1.144641728644642
-7.851337134871374
3.805481259195892
2.010386609082772
0.687290580367491
-1.017033080307291
-4.077908819043668
0.143801796270049
-3.667344356632676
4.108585339033354
1.653998908624546
-1.714838194570367
0.114804778701306
-4.923967532218248
0.932903171775392
-3.377321436889350
2.343972399708387
2.256292810928891
-5.984383618946243
-0.114580865689276
-0.279551713403960
-1.870263009352506
7.867158616010015
1.273127921293378
-0.250642105366839
-0.331409512354349
9.744171607007901
2.323740449895405
-6.092433229484382
-1.583701654168251
-0.199805334536863
-0.157244100317051
6.691253657089001
2.325200480536584
-6.042538294024224
-2.006838642920589
-5.734030633478954
-3.587363605859533
-9.128304701924348
-11.338274902800821
9.734919156033476
1.609114555018231
2.162950578030682
-0.380030297363139
0.406418295551370
-0.122094866277813
0.569599952357064
0.115743099589908
-0.322359364076044
-0.740423549698235
0.790189795652066
-0.496893231889913
0.477220679537046
-0.218346304862369

-1.935589869580478
-2.246094768702955
1.198805608429070
-1.165111341796401
-0.636586825842414
-2.429924787789800
5.310291926135881
1.803308207861019
0.900892548667743
-5.192388228955839
14.693356331888522
3.473045115045261
-3.234430632058194
-0.674486306430700
-8.894184846459186
-4.414149708288443
2.842858495292104
-0.963885438134745
0.639154998979539
5.071843374452227
0.839355050343706
-2.101628047084995
-1.314481438655379
-0.535763510267775
3.872745908447766
2.741382677549646
-0.449060392863464
-7.605181050876301
1.459504559701201
-0.999643967086115
2.101253088550030
2.763632040387502
-0.416271076019417
-0.849338547598087
-0.508383458089056
-0.260902011082701
0.283171532501571
2.179926608734272
0.812685255365174
1.685666289520164
0.769654293050894
4.111371300017348
0.453614762655984
-3.409543818274109
0.205537909371570
-1.150776355588343
-0.565459507307241
-0.122012701521400
-2.291226235859346
3.704451853144380
-0.117182261611816
-0.496864126637002
-3.205069537795953
-0.327433405295152
-4.562582709657415
1.752283258009700
2.642512660346994
-3.827197744910590
0.384419868951299
2.511403608213040
2.916885302638617
-1.377778510705733
0.576507540130641
-1.140793453180778
-4.798696935417622
-0.315804171826650
-1.812408823851007
-0.252770619000529
7.331944357769697
-0.103503050195361
0.032778698316327
1.167700922146078
-0.320632124005707
1.516680785326892
-2.442908993281938
-0.927448660638287
0.486595779555748
-3.828260606555454
3.565228048131540
4.178916896681914
-1.145103629235626
-2.329845995286849
-4.758593290235550
0.257529163653098
1.241584375098710
-10.685996932636494
7.842531611149724
-2.114642925514857
2.615829720071891
-0.438523103976060
0.563734189684702
0.182937840451575
-0.623661628920678
1.122078978974818
-0.595937695781673
0.035193417735545
-0.068763385259347
-0.074488632081103
0.422447488342238
-0.205836461083039

-3.574489172959216
10.522346273864079
2.362156828234372
-2.633945400428064
0.316510640009126
-0.656772193240679
1.232180777675647
0.225854845084382
-0.093075821931867
3.280986253844651
0.237029514947800
-18.139166943590176
8.637050301297810
-0.044672470989682
-3.233778099414653
0.337359350089659
2.544823601436641
0.891672878752811
-1.715273541442968
2.731400630026816
-0.547917708011348
0.356571943034750
0.248096941593603
-1.437462906537927
1.638361150684112
-1.575912546302198
0.247411625705743
0.064040795931034
3.536169067513012
-2.255355964284136
5.417353612672525
2.698296878206155
-6.150301008346046
1.245466653323174
-2.247878185146218
5.388953417357499
-4.432744156204670
-1.416626586302488
-0.403506611482049
-1.605862744587767
1.423685243475602
0.347973574109265
2.702437799660658
-0.682697139129931
-0.919314804687171
-0.990895237087570
0.094250774100969
-1.531094802400719
-4.268309231960785
0.401425533803227
0.670431053293445
-3.920614890239314
-1.326353183099040
3.405266915177843
-6.255974981393671
4.126234995894839
4.274784538880109
-5.001093756496025
1.399538823807543
5.238706069979159
4.366276560283012
2.080915693799305
-2.927545730988147
-1.601688830956123
2.184731383024814
-0.372922357671207
-3.508743813998358
2.643931895666484
-4.111339100591156
0.447060198535472
-0.130115648851086
1.233891289875256
-0.309175220416177
1.139634050072560
1.446383879450299
-0.420776021319309
1.705208773263784
-1.304944859211399
0.092918071070038
-0.381338485530222
-0.305902112200033
-2.836029952863366
-0.328494474540195
3.773456691891405
-2.969647461350471
0.141901581046877
-6.290745806674470
0.606029488456859
4.385913594805183
-0.318651584112360
0.648967970208409
0.073573376245513
-0.122547699202195
0.521011057228501
-0.187219829987129
0.090537340010671
0.298315955113131
-0.347321616383224
-0.654536334459562
0.365288816607624

-1.115213147614004
14.043763542346298
0.872113027119779
-1.092604209464207
-3.650920671437579
-8.577186077467720
-1.909660685240978
-1.690247333520454
-3.164450783000262
6.851417254735299
20.459369996844035
-7.775818862984992
6.323936966258833
0.979841351055115
-23.853775814218920
2.857223452029596
-2.033624399370591
0.122934857335346
-1.148148605216393
0.738554016464901
0.845900405699555
-5.353734835299817
-2.134121582413515
-0.567059262645002
0.127348371433207
0.709549111855526
-0.160268187536630
0.513795473542750
0.819305688720839
-0.115400717478593
5.560328412993218
0.460207879811564
-3.028810408929607
2.127049679680860
-1.317656848436636
-2.157221235243424
4.058851996046448
-2.319195353726671
-1.641322654998225
-0.417254713796647
5.925443484484973
13.517486626680604
2.685493853940347
-1.233169594857217
-1.297788809006758
-1.203665979435930
1.229171857833140
-5.666445494860780
-1.618527898426516
1.694026579496453
-0.070063748292229
-1.437652468510426
-1.043293572878124
1.302385025033669
-4.345957868575778
3.476579948117143
-2.150663597411660
-0.662637666798515
1.299919481179636
2.828693497909768
4.068520729291349
-0.614951897385521
-1.224649940562685
0.106904994944000
4.992467178530959
-0.703229312658043
-1.464832828919267
-0.342093655920718
-4.573313766151315
-2.757316364660535
-0.529543341120210
1.466618824755731
1.698927622630269
1.910939191024403
-0.836431255837006
-0.972855489588261
0.483068321708517
0.339437905223678
-1.477053748829827
3.988925677605103
6.260241209853723
-0.973034832296065
-12.415444618502367
-3.882772461340390
-1.654916927312286
2.594652253462665
-2.275658136783969
-0.008670637237898
2.075112670293632
0.117742329287856
0.305971820213304
-0.409007957240237
0.163243713440191
0.570336957797568
-0.269246726661682
-0.433619282013308
0.044205101792878
0.005949418448109
0.422372351746123
-0.274123845782155

-0.715594769553025
8.332535091114016
-0.910653049736414
-0.295744513054101
1.745288929974262
1.848120304912712
-6.403416575632712
1.762515873362803
2.102503673001081
-1.904620993710446
7.487825216120633
-7.445479972208812
2.101223909204012
-0.545523769514133
-6.798501034756870
-0.316363414365768
-0.330882639366258
1.110686505761655
0.184227423088522
2.427395558420084
-0.211519332594913
-3.295903468406280
0.752907285095747
-0.442789464821775
2.564356903273555
1.204993887830089
-0.156193045765486
-4.147929075775478
0.476365583119954
-0.146653288523701
-0.785892248246195
-2.064929180304499
-0.041836750798763
0.405777868323008
-0.346639905615792
0.193698263836726
-1.112911234346270
-2.438347386167168
0.141956737650036
0.031411265611272
-1.841597583098911
-7.551799467527321
-3.060796046813475
3.182264367215037
-0.149088030931028
-0.212329840330169
0.666431134849428
1.275836199134400
-0.590572700368227
2.694218820923628
-0.535983945576749
0.716009529350129
-1.717047638624957
0.214070695958032
1.686643544947322
-2.519913815221857
-2.192158995088703
1.191733832637359
3.202489176052861
0.359713047495958
-0.691792182205337
1.721933082734601
-1.676043039730393
-0.134732841658029
-0.987027001230013
0.173580129434720
-0.785740752238940
1.617412860190707
-1.266382627328404
0.450407416669936
0.119307267302897
0.076765103210434
1.634839050788097
-1.846546620483583
2.645268130601607
-0.198812819654661
0.314873175035419
-1.907340783228308
2.198342755476719
4.254733452273233
-1.846740901670399
-2.866834046807159
10.259399900128470
0.398119872794389
-1.502595960810510
7.306328668308392
-7.037121769045069
-0.389558440363381
1.031285552682644
-0.001712688002239
0.151543547148279
-0.113296218667580
-0.176197420722229
0.720515125546186
-0.329701340690183
0.228992359798941
0.147035052831770
-0.408452585302467
-0.020675812456741
-0.096964148946390

-0.323237043182141
-6.982723299535273
0.637564654304611
-0.457000827527798
-1.321484963336366
4.760714327490788
5.174797016969775
-0.773775646223954
-0.195891120121057
2.457591162261460
0.870360261859122
0.377389741063454
-2.488058424716803
-0.247425935273406
-2.447439782333669
2.406892685532009
1.304447165246147
-1.598055850500278
0.527472197088025
3.225605313436205
0.215223631394276
-0.134904670928723
-0.517513415485349
-2.165833350240155
-1.065744068464233
3.267862537126031
1.135722924544571
-1.581341221771448
0.345256516824306
0.498706245789810
-0.211877110558993
1.657962292214747
-0.228886783926090
-0.222814313961952
-1.732189550556152
-1.506046346788414
1.604623816154462
-1.243383534835619
0.439316256293672
0.427050279799371
1.737818353514645
6.240750234627922
1.090004490309575
0.643461923469649
0.951349371060781
-1.043875919441281
0.063318842592602
-2.486196110938430
1.447237885874098
0.558956136129224
-0.492264182837349
0.995770819729378
-1.265352362086605
-0.262335208051041
-0.444354829549545
0.172391425377338
-0.776395170560883
1.644136506657068
1.464885207164596
-1.799115917212367
-0.373668141298047
0.225900791389893
0.113876717953137
0.690113540209232
3.766261308430128
0.052880723040036
-0.055094158877889
-1.419627705771583
-3.945276474159279
-0.297664541510768
-0.138126530901947
-0.145746776062244
4.749168862616142
-1.630621832176647
-0.234121074785604
-0.083433817697323
0.401823848410878
0.444335873328723
3.984298491928222
0.154944758245141
-4.903983146979645
-2.958368309510287
-6.201759990525297
0.985398813867386
-3.551545175260197
8.758290551899394
-9.004826187911107
-1.164021390713757
-0.007568523871531
0.044906831878702
-0.004548080341618
-0.198964745137682
0.436383887286915
0.031500815472318
0.055057199059946
-0.472397883789135
-0.016595419712579
-0.152635951008681
-0.276444192026675
0.012773779946960

-3.364197606795998
-13.549199095180855
-0.166093093979400
-5.083538374056813
-16.117672995186322
5.651497429379287
-11.047455028659963
1.833819372936194
4.173623805682674
-5.041110710030432
-13.827854184448356
13.588533732017066
10.070310933042252
-10.950517647683936
19.915866101936871
-7.822167778072622
4.464697908264784
-1.043684611325599
-11.065582820794502
0.631350976229108
-11.585450380010490
-1.500970486954853
3.173593470283442
0.780781003159050
-2.136216520969416
-4.747542310346855
-6.574443445098252
4.377887218565427
1.935585722814237
-0.129933703477283
0.996895804051698
7.040151812184496
-4.431708013954103
3.638343553268594
0.330176833505314
-3.537193806299753
5.123023033127028
-1.508674979105866
-2.115188994213567
-4.929537688914795
26.516312756718253
17.486936906786994
6.713563305713783
-4.864530503258024
-7.445723643578822
3.693746401569794
-1.068353465785274
-28.886383559223265
-6.629526433262099
-6.459049629745875
-4.626859103082126
-2.625388193646046
-5.590743623708246
2.734068479212966
5.681711080488705
-7.413996219684522
7.848253660238746
-4.322138478564296
2.026808364807834
4.847629856926403
-0.965484744180921
4.312968835432408
-4.036903447827185
0.285309992871145
-3.636362507568742
0.691963306332066
-3.444975076379868
4.770086716541290
-0.456920290299149
2.297305325940061
0.432158382621695
0.886968809795413
2.892768374151022
2.468151406343316
-6.834204242162804
0.034450427748467
1.378829884913307
1.078255600383568
-11.396049960640214
1.342645861010098
13.154471100136522
-4.018062704407662
-16.388866826289622
2.103890084707290
-2.444796212114706
-5.438415789330205
3.535214629493686
12.481380358310041
-2.769744792241066
0.407762854536358
7.456295427462426
5.845759247948343
4.051273317996895
6.480743351163114
4.489123573175212
14.582482629665988
7.417521108211886
6.138380404122109
4.589461642808436
3.158621308960771

0.001649133718676
-0.017102127434913
-0.000850365434598
0.001165180758685
0.001715159848251
0.008587917047946
0.006865329647928
0.004938361817947
0.007376976685749
-0.006900881837797
0.021914065036746
0.016209005826832
-0.010739907406553
-0.014715954916012
-0.019572053615290
-0.029923095452489
0.016661414146552
-0.048944063409868
-0.106837158209238
0.006564277442476
0.043033710453066
-0.050246663602177
-0.097092043774549
-0.113987837041993
0.127554407139274
0.036627165305053
-0.223049261560114
-0.200137881995438
0.276831031612507
-0.142630560256361
0.332656380650666
0.287104410974493
-0.296470779923161
0.047313824922806
-0.349193037082602
0.095554023010506
-0.075400308492567
0.017068334236758
0.078074609235393
0.059127955708722
-0.041634557548995
0.185680848207019
0.055013579894328
-0.000758465663078
-0.016518688299228
-0.004814780806034
0.002267888835724
0.045162945466117
0.053232467462214
-0.013169931865379
0.011828771097148
0.002766002805995
0.001634211968723
-0.003956900406178
-0.014745207246774
0.004465697731343
0.084996205136453
-0.137775680995434
0.109498949751471
-0.031260921419100
0.112021476783567
-0.073175927976396
-0.131557196641325
-0.355975718145780
0.044849492702467
-0.033761292353319
-0.074126161067550
0.263441134270662
0.071820038413041
-0.168395498836103
-0.012296045874976
0.186573717854455
0.151814102669536
0.213302198061013
0.045533909875804
-0.046216193734407
0.047923910096062
0.049596706616190
0.059806625748225
0.079482591797820
-0.023125502833669
0.060507363764891
-0.314976885831946
-0.052727109152632
-0.098052102241304
-1.184150182004357
0.876085280309240
0.055754448055814
0.155212426003259
-0.021888710485431
-0.007988035675286
-0.009465376056575
-0.008259517046736
-0.007415311233313
-0.006831346078151
-0.007215168692882
-0.001179141438471
0.003808896310103
0.071786834964327
0.106746141368457


0.045450  0.061495
0.083288  0.049663
0.063302  0.121912
0.067223  0.137056
0.103055  0.034661
0.085776  0.056028
0.081068  0.043434
0.090363  0.105384
0.132459  0.032356
0.126199  0.047588
0.129338  0.063329
0.093139  0.049810
0.097030  0.057707
0.153671  0.030187
0.129984  0.066873
0.138445  0.097917
0.164650  0.101976
0.205564  0.070006
0.201524  0.094622
0.193711  0.057167
0.324971  0.048298
0.159575  0.133615
0.342185  0.106192
0.424188  0.119216
0.393291  0.190052
0.363449  0.147869
0.452283  0.078150
0.364458  0.161034
0.448447  0.140332
0.476417  0.203273
0.304539  0.494788
0.242293  0.450824
0.273716  0.456207
0.271752  0.390816
0.192366  0.467046
0.171663  0.404801
0.173803  0.420511
0.164095  0.346682
0.147198  0.430749
0.152523  0.275505
0.060739  0.314042
0.148851  0.320559
0.123716  0.297280
0.123690  0.344082
0.060888  0.269017
0.108596  0.254696
0.059316  0.216729
0.055617  0.311003
0.084742  0.459767
0.046710  0.650166
0.075557  0.852902
0.104721  0.812282
0.074540  0.601744
0.109532  0.786665
0.107149  0.678865
0.093545  0.680931
0.115520  0.631451
0.144533  0.630786
0.188687  0.551919
0.089282  0.441603
0.164365  0.656413
0.180743  0.719743
0.211145  0.643872
0.314404  0.676606
0.216815  0.748339
0.494941  0.582777
0.317878  0.543433
0.245986  0.665188
0.198693  0.745067
0.338760  0.508170
0.433665  0.776661
0.424594  0.663725
0.332208  0.200969
0.236590  0.212220
0.231927  0.437407
0.281778  0.251029
0.171496  0.198380
0.220052  0.080070
0.150252  0.132602
0.184379  0.123065
0.145190  0.128292
0.183202  0.079657
0.148230  0.312035
0.281821  0.188437
0.333642  0.186883
0.250652  0.181446
0.261113  0.181775
0.208471  0.112563
0.292571  0.153425
0.000000  0.000000
0.000000  0.170580
0.000000  0.341161
0.000000  0.511741
0.000000  0.682321
0.000000  0.852902
0.098988  0.000000
0.197977  0.000000
0.296965  0.000000
0.395953  0.000000
0.494941  0.000000

0.133724493579964
0.290691633983004
0.040820462342208

0.372771926939294
0.310410091138680
0.003729306937071

0.701142732538018
0.232789785702191
0.136437388285523

1.178551709041291
0.006162207188456
0.025203586570719

1.591511095764661
-0.302636436225963
0.023956804587251

1.967535943512345
-0.243938507277008
-0.060968623811807

2.376853677755737
-0.169458857586947
0.003394038630669

2.709604089528196
-0.160445161123978
-0.022009003070371

-1.587927039655112
2.052325391097129
1.552919103217919

-0.009972317901805
0.026606995167261
0.014705702212289


