0.60000

0.600000

0.000000
0.000000

0.557216
0.889634

747.611344
0.595945

92
10

1.521382588403307
-1.963950684004183
0.228645483779788
-0.485074704715933
-0.867641515297771
0.624001349953762
-4.770337881668916
-0.391575698731587
0.685141299346420
-5.126809968281031
-1.442405143700881
-0.455878780406834
1.197021947089969
5.272638012645472
-0.934722628357828
-1.301379503457757
1.349876954255366
12.826420428413531
-17.559457673754746
2.258932942192534
-4.705085167808654
0.307890097071449
-1.625310826301813
2.647297027042600
0.941742233691459
3.322401013990775
0.186222250631874
-0.043822968830734
-0.052710074320640
2.603842272718542
-1.426478414562288
-4.937783238155070
-1.093898433764365
-0.513622845907852
0.042304191065103
0.239345177902749
0.408040045752496
-6.349602884525495
-0.903278574732226
-0.574938178882078
0.940702076182841
0.326264220465219
1.590364285809772
0.488344394486774
0.832004394284637
5.833891298898219
-0.500213867579631
-0.724154374822414
0.043621272863655
1.363652406630077
-3.188829458398559
0.499903480108847
-2.199733405396504
1.896714534258701
-1.126576809954507
-1.825190661906686
0.577342503125049
0.572515078899681
-0.118993742389404
-0.597983539499014
3.862786898919077
0.128227780973264
-0.499004453639978
1.234682296858673
-0.014408091005687
5.112964537462224
-1.796940763696257
4.678361051329350
2.330881993481345
1.906945922532412
-0.500652063743896
-2.855692817684187
1.997794677051882
-0.606199991334539
-0.162666676931047
1.308502710272376
-0.253565455715645
1.613610851214519
0.332719069820463
-3.509783143178777
2.870483332125348
-0.528844823383664
-0.183158525049239
-0.132979827022130
-0.257512999292883
0.020406676850495
-0.224338925088676
0.147053544950335
0.716310390455696
-0.385632751303985
-0.468126351721041
0.296752332295719

2.921335778738363
-3.257948709922531
2.153863180994765
0.586621932070688
-0.641886581958685
1.259978459804594
-3.472805123935234
1.688941237705703
1.273332919685169
-0.200479003130093
2.112775395274939
1.226720521290639
1.700242680580763
-0.597968159207522
-1.875375048464151
-2.803323660198439
-2.098160738721526
5.446718992461956
-3.168925210008807
-2.440321270488064
6.442617163842913
-5.721053154926706
-0.271271307167701
-2.561225487962463
0.685572238314798
0.387039583674640
0.193260687888453
-0.414039963591984
-0.163467514244211
3.641419782387378
-3.789826242188455
-3.932770317625425
0.795187728409801
0.411230228672157
1.028183515252456
0.717262082618313
-0.185853869301354
-2.832333445105987
-0.074215209993394
0.776839798263949
2.352252357857632
-1.261994979674245
-0.568932064876957
0.709299841095611
-3.284219340000643
1.590947023389151
1.959947451099459
-0.907421446497305
-0.000613839227277
1.125138897397492
-3.003743108679414
-0.161827749893174
-2.457682083044584
1.384513417286776
-0.951094817501851
-0.613291468134746
1.657147937875722
0.328315701952987
-1.406560112382506
0.774897176134763
3.997353812729259
-0.059507374152833
-0.906052382632509
0.835910368459456
-0.434646469061110
2.178023536364650
0.837299010405704
3.516637195022333
2.128434907767670
-2.887660760174812
0.029488204798758
-0.730433811323479
-0.977888313689981
0.668799661490201
0.197909502583747
0.256994851362280
-2.992608406442107
5.116381768674777
-2.033450316595260
-0.899157481424055
-0.235854057618488
-0.223514890021294
0.850130312119989
-0.156974335898778
-0.212259867599766
-0.014884586363476
-0.074925783281412
-0.360713896698249
0.858403069246585
-0.806927112927030
0.031705201360890
0.293015590564326

-1.510307304295279
-1.747260745787173
-6.027097847532103
0.455869172190076
-1.013434082565341
-1.518064322366294
-20.816195803115288
2.812079611628373
0.382413038575902
-15.537643829408184
0.409360316227195
-0.990953799456720
1.419059154078116
9.583781757909645
-0.647113550051634
4.924583366805791
4.822815814829947
-1.137035357674397
-0.667735905259988
0.754449577679041
-3.083625180730392
11.453633415878235
4.061043263617925
-1.060913023562216
-0.173891727559885
-10.326637249097349
-6.809518984314845
-1.044618783875966
3.041218707292434
0.482630192647803
1.068166129442177
2.367169110807124
-0.821790278141362
0.069624187873813
-0.179131780007068
0.458465422264977
-1.301076256714153
9.936546975757683
0.974464092306414
-0.395283706788466
-4.937572250836799
0.815034324244960
3.951760590462177
0.671673449203256
-1.745990029959831
-0.940640987513020
1.229426319452811
-5.817198228533739
-0.124554227034903
-1.835543994130950
2.449097009826344
-1.092675948888313
-4.001377859014948
-2.170334115970920
-0.347719198174109
-0.346162806083490
1.274963992761708
0.280333806741230
-0.370489847933193
0.604692651079698
5.231031803428409
0.258149856667745
0.356752738891776
-0.785216306510841
0.059002267738789
-3.173790421571999
-0.914851773885363
20.769436424482315
10.490801970498737
-3.327069765574374
2.718218880921546
0.193589287960595
-3.202194186843561
1.385967819126064
-0.017734630139575
-0.871438581977615
2.321446507679998
-4.588742329725929
-0.618017933168342
1.380410744639968
0.191523843987752
0.061997914472034
0.656534444988858
-0.114734548189163
0.559832052745810
0.594717427863474
-0.016427313648815
0.512232001388864
-0.298498742484421
0.353471212830117
-0.181202266228551
-0.199964846585255

0.562085953368098
-2.707752415289953
-11.941284775749898
2.692256195818816
-0.403424343777192
1.333963065644700
2.632395265366978
-0.556189416410576
-2.096091871892163
-2.016722710500982
14.477273361041824
-0.635162217906596
0.728847554398817
-1.866713020286342
-10.566870403991857
12.423495390069677
3.198474762061132
-8.886695328348273
5.125290626688590
-4.017280067018241
14.838801256325095
-17.649006907018013
3.562864093612414
-0.953395327370772
2.829959112922179
1.760724118883939
-3.226954320363229
-2.352734865267865
3.367124252234690
4.229388645212196
1.044714741670251
-4.432633774081231
-0.023903373634744
-1.200468034286156
-4.030270474896083
3.470882429928377
-0.887475079703089
2.235373687798154
-3.019283594870637
2.290793065191622
0.948820981543186
2.647091233380098
-3.882437231799434
-0.327195719481289
-0.125970972671664
-4.075089508259694
0.344762156479471
0.401996191768975
-0.089740779393694
-0.673904729451649
1.022664604071623
-0.485286931877543
-1.329553859218319
-0.338375919359541
-0.025052090923156
0.976831709225177
-0.326428114008103
-0.197122668656192
-0.921749405186751
0.923906119976735
2.008476709443719
-1.411407940503691
-0.845834364369475
-0.220396912551856
1.565182485206923
-0.952567156762884
5.833579691904168
-5.840979968248101
3.775182160500646
-1.403834257323984
2.999299000132723
2.979365326470950
2.136841350514055
-2.692177760493873
-2.742069711190192
0.201720759225452
0.758723440089161
-1.222815935479919
-0.646639162495529
0.416561473091305
-0.362745494344045
-0.042824879142954
1.023468513388918
-0.070737811974994
0.261417883108268
0.309854730971607
0.114487872616880
0.413134523849803
-0.575642094772665
0.544091939472967
-1.008020707550670
0.894745954420876

-1.064342340987392
1.821684452611153
6.111397434977843
0.515221656946342
0.366363860331949
-0.174045294343843
-5.320082270372014
-0.422778390598424
-0.819172052877815
4.476192694447911
-1.814145607582334
0.894258701325514
9.045819520999332
-2.663726020558448
-2.229414906610805
-6.607128397588330
4.062962483792598
-10.059016256752201
8.397077064617077
-1.223485698675332
-8.205926386752134
3.490030089418979
-1.996012116390448
-5.245176503903203
-4.280892141289468
3.762959188911615
1.269046158595792
1.244211596383338
-0.491467016398514
0.691241146973826
-1.533192484104862
-1.475735990508458
0.589486729975442
0.194398056394083
1.086155770901187
-0.219011299937474
-0.373624532973453
0.019694655428646
0.643048064766622
-1.329816388235286
-0.429375579175847
0.017136181140314
0.525110442131805
-0.466422439170121
-1.037656493684193
2.932214028075767
0.927044196941301
-3.007105458354765
-0.172726804005767
-0.871248904314471
0.538782945607789
0.013683782191858
-0.221532927808509
-0.910210898358320
-0.863359045182286
0.882120645741256
0.914264078815840
0.171076404927911
1.046980571918784
-1.289023987423159
-1.160139965252394
-0.245942480200009
2.740293653221984
-1.465572644419999
0.416958387569928
1.895152230468745
-0.772657477185094
9.728043344791375
-1.977267080818152
-2.236513725011025
-4.191083434782547
3.415929639398439
0.083254843768061
0.253209827760328
4.810113900253037
-1.362740319753530
0.919399811759847
-1.348160370646200
-0.448544241877317
-0.284751617450112
-0.016422679305097
-0.038445438522299
0.619409951958364
-0.030555894016245
0.231629123331084
0.463552724807038
-0.210882391763717
0.614529705935772
-0.085927136054794
-0.970073708227460
2.260712451925265
-1.439316961313832

4.838439106366271
-4.274724293486120
-3.852629932551844
-0.341853232352142
-1.190149932180642
-0.452501567162457
14.416601892926046
-2.846128392805813
-0.808864508299286
-21.306016324815680
-4.651830032356210
-1.390363068362761
-2.543729247971304
15.332464675980297
0.701525895384192
3.323420085315574
2.173783658432992
9.187362438392217
-13.406786887290087
6.697757602248876
4.522775133417215
4.799187553843040
3.329469406167043
6.347350480206774
0.397308798522840
-11.715958619110177
-2.543777741979470
0.232505164612622
0.883347297188719
0.716857478236552
-3.640969781620588
-1.020971775129834
-0.766384703070667
-0.200006490132414
-2.930813277701566
0.887769285876297
1.998724943231975
-2.414646487767218
-0.282505685508484
-0.839873412241037
-0.309409802111259
3.048086646215078
0.608817601972537
-1.750369243346685
0.355306389608464
5.312783837193935
-0.311823058925675
-3.447814880088009
-0.353636319095698
-1.690771737242524
4.349253265296383
0.333935769153028
-1.237043453092495
-3.965429897139209
0.104990036054823
1.136292648016738
1.123544460247635
0.029712584604020
-0.361909570423515
-3.585852448266589
0.144489592912443
-0.687576006219777
2.921401369645107
0.084569715622587
0.804343210272808
4.005396234105769
1.124528693691455
-13.503093697249049
9.229604818879460
-1.255995269948533
-0.598655971062474
2.333786489691700
-2.487438843874692
1.950088919758132
-3.028486243142363
0.437790399597359
1.076032248880166
-1.521354686005899
0.244172935203888
-1.040116497874134
1.329213331797851
0.052110779236752
0.476612194244689
0.236713086670997
0.430456022731190
0.803101267531498
-0.123746598899842
0.448022638031935
-1.489344703280096
2.325785995124741
-1.510127953220358
0.033888099416210

2.237499322787250
-2.924005062234221
-3.692078319705472
1.735624671281191
0.287109294264116
0.867976586046371
0.262880584566131
-1.830070523485981
-0.381190219032291
-11.314385898977015
1.843868024001585
-2.268497247109059
-2.105251381105003
8.596735377663409
-0.370108252093273
2.747326240595665
-0.889383269120979
-7.749130386484227
5.542979816037739
1.184282419484873
-2.521577124880227
-2.833439563491792
-2.961900186440905
1.758740411573553
0.820299748914979
7.267171336769829
-1.314104435134661
-2.156034590774622
2.515121517897573
2.600095567637622
-1.066643899480327
-3.536905500454788
0.708982542264146
-0.039734827226760
5.122945658410615
0.056932926267307
-3.082247804479114
3.785416720259867
0.585625547763435
-1.487827894052213
-2.126150328747367
-1.590934486426498
-0.521251384301274
0.239499188706643
-0.174895837167765
-4.035758619733902
0.246944494623918
1.597741774245744
-0.186320552067561
-1.749834963931625
2.495805054873634
0.473534493145663
-2.248857374659794
-1.460028116348003
0.998527773939076
1.339719720327303
0.089764470801782
0.622694489153654
0.196306817975915
-1.223141446865264
0.176149659801778
-0.438992135487325
0.520703025426393
-0.328629806470358
0.569235992096278
1.184581397651601
0.625977615776629
-0.199854297217054
4.323632427792149
1.595171080545990
-0.774990490203372
-0.289130757376929
-0.417136930776358
0.038957386448094
1.354870511440629
2.255883487078080
0.921184016135441
-0.846872058513078
-0.608969388485546
0.888955949705844
0.104129395006897
-0.004432195989223
0.177547237291735
-0.123477589310278
0.150499325512817
0.708454127627017
-0.173064854624693
-0.138491509304609
-1.255780778608955
1.172573394672695
-0.351857015512020
0.196710637150223

-1.897573646341540
-0.082258313027701
3.039324944894046
-0.580218111517570
-1.461929921854242
0.493671080329347
7.391854710766365
0.915063547312123
0.734932061707942
5.936340384823232
3.099215567191667
-0.408991993640961
-3.693102406431678
-3.393627880261181
-0.489691846642174
-4.507955548603873
-1.361402930291263
2.684639688312143
-4.906439479810254
-0.184546794687457
-0.975686045057311
-4.729784564572654
-2.462228588160531
4.504142569371962
-1.576759968258131
6.418150153482583
3.613296614363028
0.326369594338479
-1.235945275838360
-3.857004854241791
0.237897569896325
3.675486000763472
0.309740150779491
-0.445759150722068
1.804604659926122
0.100026801171319
0.486191048430452
2.615800715924818
-0.216082238043383
-1.496259679290149
0.024311041336601
-1.093399955295435
-3.539475377887373
-1.036686704143931
1.352314871985036
-0.939503647043031
-1.031093523848890
-0.770457791612054
0.190303358456453
-1.098475798094809
3.029657242719957
-0.748712924040271
-0.183561531540905
-2.620641841198296
0.905760246270156
-0.130678544291989
0.610652237655249
0.170022841332330
-1.048324092119047
0.405958146895616
1.410284974138150
0.168725347368246
-0.864226610003720
-0.297157018075465
0.084098062277266
-0.240332970215769
3.290628834600592
-9.888808744638279
-0.862719397073062
0.297700433200282
2.655402103003003
0.051169702208007
1.777974562208319
-0.153290463579957
1.693233346588391
-0.284946665145869
0.345431427416193
-0.747927803906521
-0.550271251438880
-0.754594344662539
1.732820162799811
-0.092035966214131
0.205632410231645
0.097505935229472
0.232155029342000
0.010897812811269
0.086109574108108
-0.034386449557928
-0.501641443919125
0.091630414809975
0.688098709446354
-0.518626584150044

-17.418592610766815
9.435761869250719
0.612850893470937
-4.113004044758242
-9.503790943982684
-15.307870177162114
45.086885990001534
1.048913951691181
-0.876806547755116
2.110615884197497
-1.649795985855021
2.300828341457845
5.162890550222927
-3.425920879421422
1.545871003435372
-0.895907009518685
-7.479783172486787
43.661795525297443
-45.700762569294731
-1.632237874976029
-15.594242023357975
6.116404395971951
-7.736834757727213
3.638215351924523
3.555903454003883
10.637622369747504
5.415238566587532
-0.099783316077018
-2.414278120644766
-15.208198876365447
5.471207219131443
18.874365169561635
-3.141198195851414
0.722513362651541
7.652222604446061
5.253764570895870
-4.891932560783869
14.834455931246485
-2.001151417963552
-0.550169059776432
-16.574127773124228
-3.555833912925052
3.427928534933895
5.830337107836936
-1.835298893314608
4.400672840103525
-4.745342321242116
-14.107716023208249
-7.823538072234833
-4.047477536972661
-3.207408930111280
-1.800704287163297
-4.155587547824950
0.655656483036974
0.499067652743663
1.963002215825758
0.967252140164822
-0.129881174358496
-2.350822441130129
3.354877732289147
3.772583961235355
1.619392311276380
-3.275943781045657
0.950888406702369
-0.964397963092526
-5.046727189024077
-2.498008861067337
-33.176183967398771
9.132017932033190
10.402418609097817
-4.142553225519372
-1.312378030706191
2.436718779700062
0.342720944893034
-2.526782440691752
1.195723759543234
-4.190048291262409
2.519272085327968
-3.271007782117370
-7.309399802778573
-3.609579408904069
4.793056908689770
10.448928624067200
9.403932074819918
8.099583242537182
4.451965254308475
3.928436533608147
4.218608736561580
1.049009896305890
0.674099680053302
0.499509619221037
1.123020610362264

0.012105455640056
-0.024725268666815
-0.002909857551131
0.010196930515928
0.003083706188340
0.003274998802137
-0.018306836942324
-0.000279491570212
-0.000440955643996
-0.000189313581062
0.043348481967321
0.007330649063818
0.043816113945393
0.007295677048118
-0.022461410311240
-0.008549030822860
0.065882329890899
-0.194273597105627
0.199816047130352
-0.089778408364355
0.081197190911442
0.008750515267971
0.040737482700750
-0.083260402747740
0.024822052608405
-0.122062145223980
-0.051611837253751
-0.012674627681597
0.007858775453265
0.052200866751232
-0.004590617122263
-0.041932309351408
0.010675401716874
-0.002939742945815
0.012228236929031
-0.001712311316868
0.003148258237743
-0.028334693857276
0.000429826028174
-0.010736325076402
0.007392519910050
-0.002714218852392
0.009375700177396
-0.005675022646127
0.001353747067168
0.025630837142528
0.000396188156232
-0.008310788994350
-0.002220700110060
-0.004460078729812
0.005714665648458
0.002441146197318
-0.007902905525036
-0.002403532041995
0.007891620525219
0.004881877818591
-0.002477684832761
0.006095193973926
-0.010797243865686
0.028969422562062
0.010513427198304
0.008398749948149
-0.025434623356573
-0.019209515134094
0.002301252577551
-0.020701675018378
-0.010388927631993
0.020497173559242
-0.000194787714420
0.010860847160117
-0.000500104282857
-0.004231945861177
0.019936998287534
0.038852516739509
-0.023359255969585
0.011294232494872
0.001715259945981
-0.000957984943146
0.000093419121017
0.001194033554532
-0.001759211263144
-0.005483292500180
0.000455766750812
0.000460895316775
-0.000265641114851
-0.000278884934007
0.002919192763185
-0.000838032373697
0.000874535945621
0.001807284847549
0.001975190437237
0.009842548070698


0.087002  0.190429
0.075361  0.192442
0.132047  0.256342
0.182997  0.244886
0.071198  0.246379
0.064494  0.165840
0.081324  0.146105
0.094014  0.184870
0.149388  0.203411
0.106398  0.236031
0.251335  0.260158
0.195521  0.224011
0.260688  0.249266
0.112496  0.240908
0.241671  0.254130
0.136762  0.245926
0.299156  0.274890
0.285412  0.259125
0.283732  0.254728
0.237061  0.271221
0.332178  0.304287
0.337873  0.295126
0.376351  0.223062
0.280858  0.228053
0.458802  0.227679
0.325661  0.292319
0.401273  0.267340
0.557216  0.289966
0.452639  0.306298
0.341424  0.494240
0.321103  0.423496
0.346860  0.489565
0.273938  0.490889
0.181762  0.462533
0.135497  0.380070
0.187170  0.411830
0.150959  0.404455
0.071662  0.352343
0.180706  0.376869
0.154020  0.362436
0.083119  0.366864
0.123714  0.373272
0.124764  0.307245
0.096822  0.418004
0.076691  0.450100
0.057891  0.348782
0.060598  0.435669
0.045817  0.352486
0.045899  0.560425
0.064574  0.827542
0.086351  0.807836
0.073237  0.643894
0.111382  0.689183
0.098256  0.795923
0.209229  0.764130
0.165011  0.653374
0.129853  0.755946
0.127712  0.889634
0.157476  0.695105
0.207728  0.815062
0.130209  0.674619
0.347034  0.682782
0.209475  0.838161
0.273474  0.791465
0.339245  0.788457
0.350577  0.448904
0.120312  0.295894
0.083098  0.145644
0.093737  0.225715
0.107404  0.191229
0.090284  0.141803
0.130666  0.188021
0.184123  0.302544
0.249386  0.296350
0.420718  0.209125
0.326212  0.201927
0.102569  0.073930
0.076389  0.067203
0.037361  0.101597
0.022322  0.051088
0.011453  0.056876
0.000000  0.000000
0.000000  0.177927
0.000000  0.355854
0.000000  0.533780
0.000000  0.711707
0.000000  0.889634
0.111443  0.000000
0.222886  0.000000
0.334330  0.000000
0.445773  0.000000
0.557216  0.000000

0.195429036471821
0.100934571972679
-0.047848924937669

0.494251174934771
0.379560579566932
0.113089705712650

1.018770121316327
-0.126669038982697
0.145285482729884

1.265019364131465
-0.254856155025499
0.085676565922499

1.688920514659494
-0.247031431726436
-0.138829351996903

2.123028807463024
-0.575778317319045
-0.073404623528505

2.369619374543557
-0.077400436924686
0.232113669335352

2.761687459543870
-0.097568611021293
0.109328317566483

-1.378649025862305
2.091130011362115
1.219526633367889

-0.002594735916244
0.007636136212577
0.004293063988818


