0.150000

0.600000

0.000000
0.000000

0.311436
0.730319

979.175258
0.463048

77
10

4.801863173159312
4.898178316306007
12.982259806989354
-12.634523598190924
-16.364577705025212
-1.539137323080556
-1.924170012452803
-4.012818808055654
-2.180669923686760
-10.150365448890035
4.472369038877984
-3.767921376887479
-3.335991931328401
2.159798684988312
-1.815416109776420
1.690155591387423
1.563488341955385
8.659084863177444
-0.301803306727820
-1.661766512570271
-1.592374978874689
2.124713612253958
-6.826391988144544
-1.577534295727002
-0.711645527491164
-0.903917862984754
0.650544666595542
-0.341834152982418
-2.030795638402625
5.343140941263528
0.741384098978664
-0.590369642232022
0.145060280965663
-0.324636403183755
0.755297401134069
-4.928973500734579
-3.195450141519751
0.643200437388648
1.760898206877334
-0.449709544670024
-1.093227980634447
1.270763186082171
3.098642212009806
1.144079253281484
-0.356618888439596
-0.209749188111776
-0.074425569710655
8.968714553874323
-1.613022802461631
1.199527036341243
16.374512580706046
1.194126089423729
6.991241360451081
-9.172017880066566
1.941169829986296
1.868166834128309
-0.905834881129974
11.100146986862589
3.581769918613277
0.583922051402930
-2.369335756167287
-3.143641010394151
-12.251929665276144
-1.780094148419559
0.375948773319080
1.642846820657522
-0.485892671228616
0.255651436708249
-0.291958776150646
-1.106504295052610
0.260327601724196
0.454012793350771
2.112547418229112
0.314656463425962
-0.425470948535601
0.948682805832551
-0.630373286287271

-3.359775048007584
1.604953462056017
14.916554945581959
-31.124601073101534
-23.428332160151495
1.987720139445340
-8.664298699255204
-2.696245758225630
0.666169870810597
-9.348755487751312
-0.422925129226719
-3.719993100035943
-3.110504885485406
5.576108866777688
2.741622671674617
3.441430744653007
-2.793412497618844
15.703286516108951
-2.823202373169246
-1.320387747350810
-3.920778119869986
4.019942905760795
-7.638147653439346
-3.836713617929762
-2.117654768243767
-1.302732044782013
2.996133303673825
-1.631772519414759
-3.005340505468142
8.568721040524585
1.882158349920993
-4.383922456254725
0.989070894820323
0.098566078163442
-0.001276760635061
-7.634116363229730
-10.948634788825622
2.041927113722053
4.581684019900724
-1.403500880687815
-0.199034215121796
-0.077941464710864
9.739865609868323
2.208367708340966
0.322668958303064
-0.828858282305713
2.247430777175234
9.503065479826669
-3.504623680357132
2.739984340316172
45.478017332174723
-3.227089072513551
11.328021943329807
-5.820153367623353
2.950141410671000
1.690959754242279
-0.222190454939429
22.139347731453221
8.109634422275583
4.927694912770793
-2.804156823665615
-22.152694191592726
-15.812615968430688
-1.804736846798654
1.422861166655915
-1.987095795133167
-0.556293656468912
0.641050106510518
-0.941237692737507
-1.548332869202707
-0.195114515036677
1.035686030439303
3.907260062552482
1.040660475827264
-1.054269948105695
0.809591965391113
-0.684897857699656

-4.095568870481758
2.591181162021560
5.029536526953781
-13.386956380175610
-14.752275498486807
-0.892816273845067
-3.915162021246086
-2.146996002861137
-1.655156116663105
-9.013375486132023
0.713384239087004
-0.458333152313848
0.333453066617750
8.908831852534163
-1.209303285659848
0.080436472651772
-0.164809753964601
1.986520639676360
-2.245298781345527
0.277086588904230
-2.781503398858788
2.240283672490662
3.057303387689059
14.973780445461761
-0.631036759806717
-0.285331892280494
-15.674272511441387
0.376273757560297
0.789030938915219
4.049767992054062
-0.950967183246261
-1.904836571834746
-3.443891141570414
-0.451937208140059
1.550089315752884
-6.836197584800601
-7.814865104197145
5.113953922274381
2.732934033159668
-2.387278600257889
0.693034725401946
-1.819858726706715
8.776349998983472
2.769108358262318
0.582330628633438
-0.835431433441816
3.057219945002063
-2.615805739983123
-8.269966154605175
12.953013159819825
23.022367113453956
-4.322153232376192
13.117419877524561
-3.956004035624922
3.267725013725785
4.296125807532135
-1.829169097875359
17.342066639738650
13.623846496401722
-2.975369858025440
-4.633090072326283
-21.571324226101648
-5.104521766053306
-4.240224474505403
0.304925372498927
-1.443837108670139
-0.280009507858047
0.197658893781234
-0.892331454769917
-2.297154675979739
-0.092136612294205
0.335740922259910
4.423045797361018
1.471152430323668
-1.045946664922602
1.921459183490040
-1.635934018309195

-0.369526202706852
3.890848064056319
-2.882373421272875
11.881928419487975
4.841670535384314
-0.327468611910906
2.496868270392221
-1.078481151201338
-7.540915903901101
-3.746757404759726
4.272485557754910
-2.857948420586251
-0.523943003067778
4.315121091140950
0.602755626762575
0.966830383620775
-1.320268675241462
9.359103557146266
-1.236641959533654
-1.240064746837459
-5.278987283784005
3.199253289722393
-2.829285114680888
-7.788315388538459
-0.251544663750737
-0.301958941130130
7.577765693060336
0.004050432462349
-1.170742344336571
-0.769534368147053
-1.088386408081081
-3.053089883696663
0.356957509255959
-0.980490466424701
2.044100811253306
1.182719799649410
2.506139144523482
0.376648924983083
-0.468759795008985
0.244883568760751
0.624090869449289
1.153696179687918
-2.744852222136499
1.177329414598252
-0.728674986985564
-1.114863123394870
1.814521993223271
-1.750741589702806
-5.869211892253142
-4.290143615069390
-5.404923841094115
-0.982607023131233
2.203773442141239
1.795915457654788
1.534608593465758
0.946583163183085
-1.108018974843042
-5.574545589228328
-5.049583522346525
4.695368952053429
4.859151849213719
-2.590419417334924
-0.099544168584370
-0.209794111353480
-0.841658191164531
-0.498115181265393
-0.593988055756915
0.098117545920786
-0.166878560716261
-0.030337306148123
-0.189831972066811
0.196114442044109
5.350047238360873
0.526528512839633
-0.594799157195992
0.821612868437993
-0.378574541998764

-4.915233320979509
-0.939096421644197
5.153213690484915
5.726239865243779
-4.348688150389815
-2.941554177102651
2.057697167820451
-1.486696161725033
-10.190220412919041
5.726963090297972
-1.081940257088790
1.123333960381634
-2.674880613667121
-15.511886155574786
-0.863586150580140
2.272952216216789
2.340160213681327
2.018282066643974
1.398365589739197
-1.334528488071909
1.811238120006321
1.158741040611918
-2.593594200390828
7.926718591865464
-1.637696086918192
0.047160269762358
-7.583016149307420
0.248833199029444
0.912563348197366
-0.066308690643916
-0.429577627344358
-1.450265947854185
-1.532091046551730
-1.427110541881237
4.184638098038138
0.372441880457100
-0.266823673125702
-3.251545674776447
-0.011533906080753
1.742408516594987
0.474856884600712
0.552389735596036
0.548302027243474
-3.054867469121157
1.634701154269299
-0.328930465409204
-0.602506523661377
11.557911360222038
1.139871202585000
14.957583719824004
5.926452139070721
1.312655127175309
0.720667014279416
-1.060950973760926
-0.777021375906232
0.894335922921379
-2.059186211358804
-1.357155976076643
7.847710495502041
-7.714628419832597
-0.642384808383866
-6.665092425635608
-2.359117067962977
0.167732075822416
1.803110712928311
-2.246080972148313
0.963854987084249
-0.365988337654817
0.516484213620873
0.940329648681806
-0.386314433468767
0.324405955720590
-2.901428599672383
0.095987118996733
-0.108589406430014
1.139649712694396
-0.572824815189462

0.716385987677614
1.249188049135847
-7.135678116543688
-4.343399191712260
2.386343945705604
0.929157134696500
0.931437547325288
-0.885966490061237
-4.758955944870056
0.022151592554350
4.253981776892262
-4.294309577764483
-2.563302574030469
-4.475703776612816
2.870454267160154
-4.791004099897128
-2.143762622856089
-5.704419646479374
-0.059687819170063
-0.680123379622719
4.625231980421972
-0.624806481723172
0.815964606580351
-1.462395753404383
-1.397587924448326
0.028279064162416
-1.572052674170675
2.146596394729745
-1.193720233846689
-5.683702886503067
4.549716829457511
0.940554037486085
1.764704354881132
-0.158558014539153
-1.431673228311066
2.918332371308960
3.847596267264305
-0.593977593324841
0.200158285351430
1.209587024733613
0.155119504135426
-0.695061701074711
-3.518854983508584
1.380315499235478
-0.240618173612294
0.132145244201810
2.162024880975729
2.580531071878008
-6.198217571818197
3.550582067645628
9.440084145574298
4.018373584066016
-0.632660384852661
1.682878883026034
1.010606347268779
-0.696574268495395
1.429459243157628
-6.744104002643301
2.016287612402596
-1.395742391752236
-1.320554122637832
-0.545590547194435
4.800900278273931
-0.052113508973353
-0.587601123276287
3.173815178945623
-0.156061592159882
0.268995435811734
0.576504396298687
0.108990471365101
-0.063039393977181
0.064656990409012
3.614270963455066
0.288147810602713
-0.093436323656105
-0.513058567656394
0.547565543945466

1.970240791974506
3.568520723519319
-4.300772476240973
3.123785851469383
4.383059295615785
-0.367092234703191
4.668227545921475
-1.071887196889789
-3.343797025324635
-0.293196707440725
5.168098288959874
-7.153627683052276
1.678543643735747
4.373360120049325
-1.634109784103431
0.158973324254577
-0.542766419480489
2.736923430725038
0.821426630399646
-0.051967667067252
0.565157079528081
-0.349070437197421
-2.432391204059411
5.166502734138288
-0.359659013797443
0.548361397116089
-6.263246834944488
2.484177645611049
-0.131232387496341
-5.587019169651226
1.321299538323856
0.268031073886159
0.605370162286713
0.100467673805031
-0.869784424161088
4.789641431812540
4.108511916199793
-0.572740048486427
-0.136826283484352
0.909717750141474
-0.428711557987243
0.774709769526545
-6.468724413566370
0.003634808541171
0.429869045747623
-0.049569833099300
-0.630821205081570
-3.678418789579019
0.055810049076477
-10.845956531986024
1.321365978846179
3.459369700127478
-4.344608373910289
2.985872381327829
0.787197238622547
2.064879999198192
1.088694665136070
-5.047111995396143
5.149160840690977
6.829225579244686
-1.790972975154640
-7.116326678430458
1.634280000568762
-3.064409798060208
0.309652476194704
-1.824071166172767
-0.806007896963849
0.243274769529275
0.080255482436983
0.834138895216117
-0.512276106867742
-0.102296098701118
0.962017720162108
-0.192552506689561
0.057108761325490
0.036317876671497
-0.261211166119925

5.012185037364050
0.000000000000000
-3.414705267768958
0.122865760475452
11.721873776220891
5.106384558013742
1.862434784317513
1.529196957722629
1.516870408659750
-1.735619024041637
1.543719049261137
-3.656605321387143
-1.031394046363320
6.427091180284419
-1.640584405498965
-1.066539058658769
2.300262995723391
-1.007785426545933
-0.176350816723389
0.642188546532895
1.017053476953990
-0.509183209361625
0.900373932586585
2.685752002925109
-0.440835156513410
0.452728916060928
-3.578423276396048
0.894635660130379
0.626312968083743
1.983436629623641
-0.157638173359253
-0.000000000000000
-1.943770906523697
-1.712416772774479
2.382764662540616
-1.408006550990638
4.350943925985541
-0.678888303107613
-0.221880637378888
-0.399343429953902
1.800690778974763
0.439358462803058
-4.833272116857440
1.271195055070950
-1.112701721525897
0.278942388973538
0.207615398295111
-6.301915790521354
2.163689009235516
4.395415430306636
4.561273667086579
-5.190558582234298
0.226656309495366
-0.402918166934579
-0.771728425792284
0.981424199545941
-1.055278934502547
-8.182404784821021
8.966875124832100
-5.480590530056728
-4.906184817813336
-13.730881204636416
-0.187566133310949
-0.317672831099017
0.875920151672725
0.135732182278284
-0.519208420006251
0.469117788229270
-0.035363541503373
-0.124764271610845
-0.029664726201359
-0.130236680011187
-1.501598088313523
-0.403132126726476
0.122397731170872
0.493626406749072
-0.471391001645758

2.726824295995725
5.195942841332901
1.531800207571378
-4.181148679612162
-10.248755962057741
-26.420340746789041
-1.354008650843175
-13.798957355127387
-12.431620083877430
15.833231172425396
2.744628597164730
0.685484792481768
5.929226049615327
-17.181502235230706
-1.805727960446956
-28.984857564562791
3.017731372227174
14.102684172467780
3.958246774650192
-2.340634628130779
-14.288646176815783
1.841420910260578
-4.609010904960156
-7.572051516693581
-14.311046588051790
0.002480489373141
9.867599883092128
-0.619058109593108
1.636774915160309
0.169777616977878
6.696303593517187
5.756511310727627
-3.726457974475151
2.937239440461936
-8.845901048021675
-1.940369258008885
-2.695161372344389
-10.154667986194191
-3.698491256269719
-6.241686680836245
4.610307497808459
5.242921597854549
-0.475809367063901
-5.085380774334976
4.731091491527055
0.657183186359332
20.690866359996456
-9.245798723200648
-59.863820477815324
-10.769936165827982
19.619903427835752
2.529623885424847
-9.661898553452222
-2.822999035678521
-8.854642990965695
-10.603086724646152
-2.780102172511410
34.314633729867943
62.058610824228502
-130.007083778764010
-34.717853122579598
-28.913884451123483
7.232140608015349
-1.823512872995457
-5.937217307157744
0.291004181090679
16.046128319192196
16.238232143532574
6.946581236811809
9.300939849769391
10.595850034500470
2.540574978963444
184.610792866024700
14.189413086257124
7.626412865641382
2.445813060937318
1.860195650207900

0.008952191937129
-0.000608293830768
0.008755541984500
0.000816526579854
0.014015126981499
0.001436729582948
0.004155748354915
0.001115621469219
-0.001807079301706
0.002849398655203
0.010272568062657
0.001815330115332
0.014264762459337
0.015945994651707
-0.000881364780368
0.027558447206121
0.001256712264775
0.071180153378031
0.026317852394088
-0.010325574287123
0.013781370563142
0.001762002673301
-0.090153157576459
0.038224105804778
-0.008445587657334
-0.003064512270019
-0.050275502221953
-0.004176947666503
0.002572468313140
-0.001486690840230
-0.005920924462298
-0.009057883982226
0.008099187169902
-0.000454596611444
0.013529335432861
-0.008064941068741
0.001701088195823
0.002670706117228
0.001931502881279
0.000772847775041
0.009641800561157
0.011019002778471
0.000882003923276
0.032736503316209
-0.038523185255885
0.001504812362339
-0.008392673840231
-0.020766965954491
-0.006876908290919
-0.058331585428432
0.017462916579968
-0.003260577508130
-0.003480176073109
-0.003190680938230
-0.002193162515214
-0.029048035072764
-0.006283286260414
-0.005788175836832
0.018106046636254
0.023993068604550
-0.000250291085289
-0.039938383387271
-0.001070059912133
0.008865117482209
-0.027579014997159
-0.034090294344338
-0.006389642171885
0.005361501191595
0.001366583653382
-0.001232096047419
0.002953986500319
0.002879301948932
0.024986434234711
0.004581789623851
0.015886538502639
0.005994981083179
0.007432541516273


0.048521  0.000000
0.015345  0.041450
0.043192  0.012809
0.021847  0.068862
0.037076  0.097231
0.025186  0.116494
0.031654  0.107713
0.019713  0.021429
0.012716  0.064535
0.032779  0.082392
0.061898  0.136524
0.050307  0.132506
0.103139  0.172146
0.040274  0.078869
0.110515  0.151163
0.101152  0.274176
0.127654  0.135946
0.142164  0.192950
0.191894  0.225282
0.265361  0.221011
0.125804  0.190221
0.251268  0.272544
0.152580  0.198829
0.105126  0.559082
0.033520  0.601563
0.161173  0.730319
0.110678  0.563485
0.101196  0.402498
0.126618  0.421402
0.061432  0.401188
0.075189  0.595713
0.107915  0.310659
0.134469  0.396164
0.096339  0.650113
0.093877  0.617946
0.057215  0.420045
0.091348  0.467294
0.027786  0.383569
0.066244  0.486819
0.046849  0.338394
0.086156  0.358886
0.136023  0.477179
0.098674  0.455268
0.151565  0.543308
0.177782  0.490299
0.311436  0.332535
0.088861  0.281087
0.044854  0.091011
0.070549  0.000379
0.056223  0.003646
0.026108  0.066433
0.021642  0.103186
0.022958  0.092354
0.040648  0.003460
0.089630  0.008532
0.184879  0.035252
0.201116  0.067502
0.036542  0.103743
0.037701  0.055674
0.057543  0.000000
0.037119  0.047946
0.032577  0.063620
0.054588  0.016529
0.162077  0.058146
0.049705  0.181053
0.141113  0.228034
0.000000  0.000000
0.000000  0.146064
0.000000  0.292128
0.000000  0.438192
0.000000  0.584255
0.000000  0.730319
0.062287  0.000000
0.124574  0.000000
0.186862  0.000000
0.249149  0.000000
0.311436  0.000000

0.240304351852659
0.081840128674067
0.116986046137049

0.445051119461532
0.013187083807690
0.284963659400737

0.924589124720231
0.177633255323342
0.174422888246153

1.255423874434681
0.350435818746950
0.107880033201240

1.718900840962212
-0.049665814794931
-0.087509050229908

1.991092902339853
-0.107369635023325
-0.016813109464447

2.338832754874232
-0.059727023178559
0.095545893392162

2.708959867114849
0.081742265250883
0.026389600836488

-1.275461421347576
3.140840264222382
1.325874525455218

-0.001933373271562
0.007381268527060
0.003306144902575


