0.250000

0.600000

0.000000
0.000000

0.285846
0.927015

919.615319
0.385552

72
10

-3.559657048387713
-4.790191526441459
1.918383143196895
6.001257443829925
4.677326888190192
-1.761406348063628
-0.549828796212301
-0.933306245180914
0.543116136463074
-10.168899263351912
-3.242629348265858
1.698376217385865
2.273408216409107
-0.633243352711790
-0.868986772503126
0.718384858872823
-2.212415518022828
-1.605634493955018
-1.737329730782370
0.438149038001552
-1.081275261289497
1.571695066191297
-0.429102081053078
-0.378223921848823
0.379965628733121
0.507146033002711
0.142600181788171
1.223986404716601
2.341189513312600
-0.479783605754451
-1.016029116684075
-0.389061795075104
-1.808186320357527
2.352744502454868
-1.077457655444856
-5.862896512672823
-2.356923642523768
-0.743674235007963
10.425792891024463
-5.003751182872106
-1.497344690813822
-1.332133320308922
-1.576562954377340
3.725428617738715
0.825731417268664
0.468704710142404
-0.735934465286886
2.072025288679998
0.574866465996961
-0.385155279434047
6.063376724170024
2.753432142220100
-0.854098667496155
0.608180562293895
1.647645581680830
0.711064961914526
1.906292531181913
-0.051357811904644
0.480438926799840
-0.860108548618927
2.426057712419869
-0.158252165506663
-1.692356533545012
0.804949965668782
-0.332034148168438
-0.394574101329458
0.017813842418453
-0.028688444507915
0.036457000702409
0.625677510728207
-0.579948456755199
0.206777247500163

-0.830178926191100
-2.491175740490535
0.715690908246061
-1.064577381069006
2.722380293917636
-3.227198989482222
0.443541725390562
2.165239669053422
-2.011993908137435
3.351055233220563
2.105063702435807
1.238490847874521
-4.738063074816762
-1.598099401976353
-0.821774367335641
2.581324313906106
-1.936177445256205
-0.265094075659118
-0.175075463051198
-0.842965882513813
-2.360471529541918
4.301243314374376
0.216153667165591
0.432322670685138
0.062310055535770
-4.582661351556100
3.170737750432651
2.214240319915272
2.111288761249077
-1.258624257605249
-0.337772774897526
0.211063420458149
3.769682405449675
-0.934064071186955
4.076433405880815
7.869863813966001
-0.183388395967397
0.240695401778733
-2.620983421586332
3.677211090835549
0.426067704446976
0.823626860288417
0.858196771785608
-3.423327779209515
-0.743547313490644
0.722363479291697
2.500890096378676
-0.027358225576199
-0.848419159215107
-0.964331403038978
-7.917711153085540
-2.610000380784407
0.834066973007321
0.513036534067874
-4.722436237863076
1.856225121158378
0.218874347827317
-0.787514604591285
0.481616087262064
0.386935792268735
-1.965659760163631
-0.344999020127414
-0.789351581022076
0.256310320277150
0.081052213519871
-0.844247293500776
0.072986185317975
-0.029187094276503
0.081844786258126
2.578209885851742
-2.356712316832425
0.286807862197458

-1.907734113185366
2.616222502707442
-0.227948083420331
3.481974217707198
-0.407365567646254
0.280410637459781
1.014480568908842
1.559620230974897
-1.232979703631244
23.688545502215522
1.056973394287051
1.354112789210135
-1.234536080648129
-2.014746488113676
-0.610391603888952
-0.804854976834102
-0.355542726502776
1.105846203241246
2.578007702475945
-1.607912936462865
1.043529436383095
-2.153226123092040
1.225438289405010
0.798718886472147
-0.029705492854196
2.160766856088228
0.964357226792469
-1.426948198833300
1.191823711585826
-3.914832447793952
1.813943406642828
1.586514513752846
-2.851545079823460
1.246286717593377
0.235822221014010
-3.215398650628532
1.126881273513354
-0.433342378082753
-26.110772867229866
2.141285559953334
0.313949683565931
0.498646392523890
-0.716895413343091
-0.962773602482038
-0.111097158051850
2.065892257873079
-1.011761779426992
0.190956233252106
-0.657414680075300
0.030637041857728
2.619347433948871
-1.321341553799557
0.010945094449441
-2.241107912127685
-1.049842013400803
1.806038839128503
-1.257010834066450
-0.844021824842627
0.292645207531162
0.772882228729428
-0.324859174962225
-0.313417946873543
-0.597814821132867
-0.494915671656995
-0.634114681028773
0.082051618121252
-0.229398143174986
0.004959123297355
0.028293941030637
0.677910493989906
-0.650327584178254
0.291180879214399

-3.621508064147395
-1.899760357733347
3.173222223396842
8.507791162267973
-2.148044010533090
2.781229253674021
0.801714305526543
-0.162333343749212
4.065055505895479
42.702753736397383
-4.014021313194832
1.965015772842777
4.962507453470487
-2.205756233792099
2.207399631926066
-4.370471806850429
3.585339419202545
0.031293048022607
1.634742215139443
-1.052341011666108
3.061139944815933
-5.182027668403114
-1.718096154833503
0.320998528925262
1.591508888220411
7.363300108023834
-2.649971614178445
-1.930992854263751
-1.452482571464309
-0.113180372600545
2.725079079616517
-0.773673402860883
-4.983300777634141
0.837384328299253
-5.986951424455916
-3.366612136908233
-1.489329633527140
-0.949489358976697
-46.279971739111872
0.152390365971381
-3.203335165241378
-0.589896055854982
0.946637365546742
1.163674930211043
1.622475419052454
-1.596863731587501
-0.842238786740464
-0.642833803397753
0.269439769031544
0.871557242597333
4.497150671553317
2.963010789629110
-1.061521257039189
-0.485684106542106
5.549497543145633
-2.465157097719791
-0.874905202420186
1.708663529612678
-0.247727108536563
0.820348695216568
-1.512670893455903
-0.129737664130007
-1.675311903213411
-0.382180216717081
-0.794710477586354
0.095345489377799
-0.247911568813937
0.022201587311121
0.012390094309772
-0.356564790960988
0.322458736674494
0.124848859736870

-0.138481630429465
-0.297643417549926
-2.688616837107400
-0.563026049751391
2.610175098396682
2.894921258051999
1.339536037927555
2.131590391774910
-1.725772919025192
65.839812887912771
-0.831251884433420
-0.689784637526018
0.798549864348944
-1.254757766959142
-0.904315781785376
1.979867304705400
-4.518909880615960
0.051006969980723
-1.171948321955466
0.590562762839359
1.405243171927075
-6.549054833140548
2.481414282987303
2.490203022268868
-5.566216279673113
5.437884416940862
0.019709964407314
-0.399645941456072
-2.918207841515353
2.701563880932098
-0.085854335679799
0.197787828281770
1.955209839339251
2.028633910847162
1.018598444442588
-0.830739385551301
-0.877889927812356
-0.170782473283536
-66.514803507115857
1.469480334730313
0.411993461837705
-0.234315173804590
-0.127442516754078
-3.138777561088953
0.660658459947354
-1.503321361983739
0.141556063389251
-0.082319196503170
2.632132725051919
1.341764284710477
1.409351312839861
0.694987076774920
-0.004671394501587
1.502634426002459
-0.738995285558821
-2.339712808613312
-1.200492236634899
-0.775940797606603
0.088483428148283
0.362637515855687
-0.467223539097718
0.077097924907627
0.575379017445469
-1.348279237124935
1.550397202735997
-0.136734353633409
-0.070574125103311
0.019156127065717
-0.056818076558361
-0.642717936329711
0.565421317460111
0.090637244228477

0.715001505238152
4.163044592936688
-3.745490578732809
-0.614613043623364
-0.405227706043086
0.837995996192413
2.801024343454912
6.042585209519333
0.535032119112871
73.075739769696099
-1.858271922618792
-0.263958929346652
1.209758766440659
-3.957637474946865
-1.551594048082495
6.524008662851729
-4.445643099167604
-1.734287303831695
3.180296748152975
0.531017171394223
0.703872864775588
-3.839855016674965
3.237381115340329
3.742623537000789
-4.883347600017948
0.890611706287713
0.360678343782193
-1.018780241686619
-1.034017951042356
0.480711171317953
-2.333178794691917
2.207580167467339
0.461587026804302
-0.813192701792861
-5.111770477602105
5.132740454621417
-1.797308556288203
-1.195154887749315
-74.881480724488611
-2.137785152989988
-1.168824349813893
-0.052184069785946
0.645399507926209
1.826810828742136
0.150477603191212
2.283094823996784
1.570344082440847
0.323258853766945
-0.371520187957113
0.963370745017143
-5.075640770588915
-1.919205383385050
0.266287840673947
-4.811176699449155
4.919912053740226
1.939419426099349
1.094127048085855
-1.546178980250686
0.181337234736587
-0.754936912473310
-0.765674341656307
0.204349987200689
1.052557719029788
-1.525943991809726
1.371543443789917
-0.654530821178746
0.412418750122400
0.035895278359655
-0.041644069865548
-0.169086732962173
0.206552684212671
0.198694315746149

0.871150099245476
1.735605756013843
1.043265459672411
0.129568215796449
-3.273974760329313
3.261312747480355
1.829855956133973
-2.297408417973862
3.141278204020061
12.813766941341692
2.076545143512486
4.292079600815654
-0.674840489175198
3.087889146238999
3.237128325275305
0.471521971085289
0.381797185867217
-2.212353715266877
2.518651667543820
-5.883875061093034
1.545012297394056
-0.653117936202351
-0.401662318610574
1.521610545076712
-1.177892091100813
1.247863723538518
-3.404193659248214
-1.189438332908662
-0.140046828113753
-1.646041857198204
0.751086141847392
0.368950071671543
-0.037475339813325
0.137786451991621
-2.137735531730974
-2.984820980409267
-1.680178279548413
-0.009697987611654
-16.964709556484404
-1.622944514172539
-2.862964584722496
1.070754370083207
-0.899190390682317
3.080055476295286
-1.094705631687039
-2.296979728800201
1.463161149429123
-0.208522273929734
-1.050881381152352
-0.183088694294994
2.312978699786039
0.095014576338201
-1.003492296105946
-4.584720993881132
1.893489116313850
1.790056586309516
1.499017990916153
2.395327433958054
0.206268801145625
0.181800754244418
0.606069322009613
0.020299929896986
-0.251285244981223
-0.277401949271904
0.064755670849949
-0.094002013609226
0.021198590973705
0.019753038559805
-0.029899060453081
-0.575601987878947
0.524421952548629
0.096994771225375

2.392802660300796
-8.530420689805711
4.122022255341053
0.443233316442813
4.064714206201407
3.456842864581133
1.289329067800010
-2.413611432516079
1.513064328494868
17.423168270005846
-3.379564009994040
2.622525468338673
4.597422470677553
1.055543455844056
2.502038692983612
-3.677427683967275
3.535321998993015
-0.914091968384925
3.457320875900336
-2.184153273071674
-0.455748129600263
-0.532164520981488
0.220855802080330
-0.004419268731648
-1.908722559259226
0.900297039689727
-3.820161012698027
1.096588723000426
-0.757514203266032
1.063958270977975
0.041670070865721
-1.596826555967649
-0.923172502487672
0.101193556679896
-1.855658521975173
0.173958333248298
-2.503607652231184
-0.757949103381790
-20.929945253785373
-1.320927186288594
-0.297257522245812
0.333884485866133
-0.731182442228306
1.565101448435828
0.635145584074980
-0.460654316201688
1.428875998895492
0.006529793250481
0.441661664066258
-0.013383532926936
0.185598746831768
-1.265202051048846
-1.587060060606750
-0.273706852683519
-0.369466074552344
-0.815079952591498
1.857662456917611
1.093128694732604
0.075243284927233
-0.351375148852164
0.507508056170887
0.135189997325406
-0.255967344417108
-0.182958373504344
0.910035033178502
-0.161872510232765
0.119585890547147
-0.014588735497404
-0.065078267124028
-0.894367183376176
0.804978092168327
0.031284887240466

-0.652317927468230
0.791378126179290
-2.155703066601723
-3.177380515982680
-3.812876588898090
2.891151259378512
-3.095432525733683
3.418891391053689
1.849985722801399
36.275611288992664
12.268575843331895
-1.787824883295929
-5.427961168918961
-2.700443954320865
1.532343792116135
-1.946472625028714
0.610936051893061
2.702867318914311
-3.742371145220066
-1.686808525915574
-4.864186086447053
-2.583172302959988
0.927975314424714
1.202024997631760
-6.393952942659116
-7.102149431371030
-8.144101061721479
-8.721799166388779
-5.260832263595598
7.991455726227938
-8.376137688515108
-7.051069983921379
0.671051375619947
-0.718703395504370
12.269170060383422
-7.389272727954990
1.608170063206358
2.698999762014702
-34.583367525453220
0.821076935106937
0.396198387647898
0.710351728866677
0.746809777159031
0.791509923641234
-0.138326690450404
-2.185452839779252
1.391309054890779
0.836057578696557
-1.798812634321741
-0.332970075742079
3.858289820697571
-0.426948408626270
2.626890879809668
0.685948016792762
-12.420594737121720
2.642676058676168
-0.601360583847724
1.789343369290969
-1.534537281168600
-2.498720472985324
-0.832797831448285
-0.416060200583006
12.251315710872802
11.278018804429674
15.053142297751142
2.055661657274223
1.491046372603795
1.614127375820595
1.105717938043984
0.629494542438830
0.334799390638500
1.740545552296687

-0.024752597666711
-0.012750823045024
-0.023538850822761
0.013270718549846
0.018855322497913
0.090254788225726
-0.006064285539396
0.040663731004457
0.133450318557960
7.254504682276041
0.005716114649218
0.053900064598973
0.041348741620715
-0.027351912468728
0.171086437647471
0.047299087363306
-0.062222359014286
0.026580688078079
0.139293322076377
-0.050645451995486
0.039485031606489
-0.010795428571014
0.027618379842743
0.096488426033643
-0.020683697752498
0.000552637848510
0.006378558148399
-0.003900175773150
-0.000677512132307
0.009724340382998
-0.010404868665415
0.008576168934138
0.009177211174762
0.039706849233898
-0.473693982105205
-0.109358192239116
-0.167871555844829
-0.010767145782921
-7.495728483758720
0.095316951582003
-0.298539256665935
0.424469687622985
-0.316815938049932
0.236742021747479
-0.592064464668696
-0.919711682739728
0.151401932937852
-0.231747330640709
-0.160452633488605
0.020494939767656
0.128899278205515
0.565627364803348
0.105823346881473
-0.066434062126631
0.371918863241181
-0.006422533340134
0.034731430501061
0.370579531594614
0.041460921809513
0.041640839504196
0.326440946273984
-0.028909365984213
-0.019957400289362
-0.027457689997835
-0.037027680970732
-0.015427012935434
0.008635884067635
-0.000210088667049
-0.000768140889651
-0.000743907554401
-0.000245553692313
0.036026507242343


0.071158  0.181303
0.060773  0.252085
0.048178  0.259668
0.057111  0.205922
0.070527  0.254110
0.069915  0.281288
0.069168  0.346975
0.079319  0.400084
0.099666  0.253471
0.116414  0.294838
0.099387  0.333581
0.137129  0.342985
0.088143  0.322318
0.086000  0.388306
0.118801  0.406389
0.133147  0.221049
0.142444  0.211325
0.123781  0.237633
0.158042  0.282636
0.104525  0.370171
0.059619  0.588364
0.023357  0.412496
0.043829  0.465695
0.060935  0.521742
0.025713  0.510122
0.034075  0.427788
0.056095  0.307930
0.032840  0.556588
0.027649  0.105004
0.033871  0.120832
0.021164  0.122824
0.044382  0.146775
0.072979  0.224386
0.156233  0.188228
0.164344  0.265504
0.267422  0.369520
0.229392  0.478128
0.277931  0.293277
0.115786  0.293909
0.270274  0.546299
0.128028  0.498599
0.260856  0.683074
0.224145  0.787796
0.285846  0.524477
0.226452  0.672147
0.182312  0.447589
0.236269  0.455638
0.285147  0.579453
0.267696  0.497255
0.201503  0.362381
0.261000  0.363709
0.195284  0.470247
0.179663  0.622084
0.186808  0.305795
0.173654  0.269166
0.213852  0.340749
0.162198  0.583437
0.156767  0.473326
0.156900  0.927015
0.138979  0.738243
0.195634  0.747498
0.000000  0.000000
0.000000  0.185403
0.000000  0.370806
0.000000  0.556209
0.000000  0.741612
0.000000  0.927015
0.057169  0.000000
0.114338  0.000000
0.171507  0.000000
0.228677  0.000000
0.285846  0.000000

0.272489286038072
0.297831824510094
-0.032257276060973

0.513069760388556
0.555371715522479
-0.076066714157735

0.865432692108894
0.333169588852283
0.183942643424907

1.226966319540256
0.063129991014874
0.203241390030094

1.630243418792239
-0.014908067308773
0.049851425434684

2.026968367539014
-0.091906313028102
-0.181798849172637

2.331431213022450
-0.021547488158200
0.056598909246641

2.707549214821125
-0.155879120135982
0.049942692054964

-1.010011802068120
3.068796811271722
0.998049460398668

-0.007967674906436
0.054935577036205
0.013490503937602


