0.100000

0.600000

0.000000
0.000000

0.190305
0.866157

2137.037066
0.526869

68
10

-0.143678728528704
3.054773894650967
6.562529569909808
-2.111397100771524
0.931867996303355
3.254085427511039
-3.544026058141192
-0.415394198383651
0.227996975004040
1.068453401515509
-3.724261160998929
-4.912668574429540
4.409232022487445
-1.890333960262102
4.283903529404828
-2.545233571768522
-1.732961277701314
-6.180576303368059
2.193290631768175
2.625346073374792
0.477031715671546
-0.607697098275775
0.886007937181502
-0.027833379483848
-0.316542761007445
-0.551452773003435
-0.502189973521338
-0.324211844748960
-2.375011421398433
-0.014821389635270
1.121784261460306
0.466596697914675
-3.014244727516168
-2.460581932527841
1.904859742622348
0.670250497212244
2.927571214085786
8.288565190518868
-0.503935707568387
-4.933189785386048
0.228273525337583
1.911542901707503
0.972258103780964
0.277474917493240
0.533421494610430
-1.138310814633756
1.772798345374955
-1.462659619786137
-0.797407917247724
2.459652006566834
-3.699863699465069
-10.791199280989463
9.262710593372475
0.921974012923423
2.556942966151202
-2.287525473560626
0.117214464957218
-1.161334500101538
-1.422694643317064
-1.424552131182097
-0.225353396802661
-0.603452549452634
0.037879948379468
-0.236021962637013
2.887414309636213
-2.036028495842639
0.135771843091373
0.689172000102966

2.751859920412908
0.392904300283248
7.803078682921423
-2.273816688108314
-0.250840243991864
-1.925552591286262
1.912479560304392
-1.223765669980427
1.098443738719914
0.485399119619606
-2.862395846176253
-6.869475432445706
3.150992811040565
0.264570801731677
3.878454339745645
-1.516650297329959
-0.906231537170007
-8.877444359838512
12.813740665121903
-8.822223082192929
0.798631853779547
1.842714308136970
-0.899055078481348
1.105922140241493
-2.036709449075785
-0.180253744336037
1.319477494041425
0.114879105943274
-4.889312703359005
-0.361387550495856
6.218433217007314
1.432538984991458
-0.140419658312320
-0.135119258893238
-5.022674592003766
0.117281609495238
-0.238339647750000
-9.333202442525797
19.513323592478294
-7.304441007644447
1.575112274390313
1.228685353905811
0.888716002122723
0.909485315339611
-1.383361603492502
4.644089854256119
3.460773118137446
-5.760863309854229
0.268344323841008
1.739257118014109
-6.268492617412693
-6.262991339669421
5.289194912971110
1.355790516439311
4.112154546091798
-2.814419389615964
-0.460507314236404
-1.345708763725876
-1.659730288493200
-1.014705643538893
-0.470086313302493
-0.264403823158886
-0.496553515421054
1.101480160374796
2.202973625943864
-2.289084346529385
0.179539526634054
0.589496242618543

-6.442161390982304
11.378062909799336
-2.006731545548103
-6.370212590076722
0.620314592497625
-6.908781055611845
6.944422481388065
1.026539201037819
1.216525105008569
-1.265142180692960
4.814452392889558
2.842476255674236
-0.548390692401544
-6.601733834252711
-1.892077607500962
2.965002912297600
2.751980062009159
-5.510715914866333
5.789376317448166
-2.081257443930670
-0.013110650984813
-1.267293709156383
-3.802163676215538
2.016576483921309
0.665996426436801
1.370316964054919
0.597011463388428
-1.335367160671896
-2.876345764006183
0.379570256691056
10.573245103654097
-2.276160186203994
-14.497766158747019
-2.822464539754743
20.700633666929317
-2.007737987864080
0.349070801244874
3.015323901153292
-4.813690599621602
-8.299493005752778
5.051760482147553
1.262905054442250
3.192170818780892
-1.346854305879917
-3.233855071129120
8.501364773039615
4.587144190217440
-6.668072422637366
-0.954200027734896
-0.722650713282908
-2.695306931071051
-3.032731157783741
2.734110687215261
-0.209755910590488
1.483220616600032
-0.706932138125624
-0.140103425963086
0.360786251751299
-0.395102018483914
-1.173619720847486
-0.987003230063496
-1.445494410524354
0.252301643750911
-0.314107512077245
1.538863536335901
-0.809929386962008
-0.952830414626452
0.445821164774896

-1.285396903950538
1.045184055761194
0.633435944564990
-2.030988608786554
1.893166197614139
-11.354469926679293
10.712114020861197
0.317968965874396
2.442181486959783
1.426891084762244
-4.591435405076876
1.574881860564586
7.328778629077229
-7.562631797896024
3.357255539816934
-0.998091296510216
5.566753466795465
-15.477478887082857
13.047716422355585
-5.695067105626981
-0.498258364560498
0.969098102352707
0.007029194371210
-2.053082652171571
-0.087201600832030
2.747300297500559
-0.097079425378439
-2.194267641630323
-0.259430013144297
-1.117630053513750
6.084459025811912
-3.280032441055493
-2.618780446321399
-3.786910453510934
22.231626253738646
-0.382496507919476
1.990030281863716
-0.035799236360112
-14.057475107997712
-7.054700882978359
2.004586030753250
-1.914071236636549
1.882868948329150
-1.725304788646372
-2.943975402823824
11.257832132062108
0.386466409580288
-6.510594923554343
0.133755403028817
4.789972228087639
-4.379411764415939
4.637908059327925
-3.875042426330678
-0.332281329776070
-1.157953425552138
0.901061139433709
-0.625490234889273
0.018417240044915
1.933145476341377
-0.282834025745674
0.170485708779401
-0.729390654644824
0.057886966064846
-0.525105113957019
0.835683439303740
0.818416304907053
-1.855342161436214
0.171145958875855

1.866034530139398
2.779185029765258
-6.748098566036684
-4.530399837222512
0.392803144669944
-10.955466464547024
10.365639034552157
-0.765719072914125
3.037318252625575
0.630327864809590
3.697991179947196
2.550839926863280
3.137028883151892
1.409348230580362
-4.976899084793328
-5.431504857767632
4.860401374639366
-7.877071877434881
8.448397953283479
-1.912298286179492
-1.770521299030096
2.324414154931226
2.533156116289505
1.641841204673648
-3.071130257404871
-6.126056851031334
3.451137004039671
-0.037015931072253
2.830633509379608
-0.794114502150539
0.835827629649107
-0.305415422466142
-3.616225273970401
3.146692359883219
11.178255496319606
-0.463707575683817
-4.502487644625155
-1.602284963950018
3.439035898001642
-12.491943351131470
0.068686999609971
-2.550530759539044
0.400789953727336
-1.223096395402630
0.180989826352181
2.254292213069599
-0.041243161884562
0.361456981363145
0.759643343934210
-0.972984473059906
-0.172749384544682
2.462256795875775
-0.570737927082527
-0.862506340492761
1.811091421159048
-1.906847936652891
0.442219849798158
-0.443623693934983
2.246896715090789
1.167759330191446
-0.024886400276433
-0.059318750320921
-0.191285347469595
0.180970351685789
0.686650403168553
1.335286859232477
-2.175326673944678
0.258198543811064

4.542230967721496
3.542828116100959
-12.234021790052928
-7.549840279995462
-4.975870566288562
-9.299744868582883
10.165264272982508
-0.226092710794837
1.212985869341201
0.730159170348033
9.663607574781562
6.392211574473521
-4.883568402413311
-0.650755176385506
6.352856404174816
1.424507162717242
-6.025151857528013
-3.668427183381319
5.549821711765769
-0.810020373753905
-1.307390196826995
-0.452766783479038
-3.201517667754627
1.333951586560676
-2.609064192715025
0.062194661204186
1.991504695579720
1.526008747809619
4.757245353556482
-1.446955735367206
2.277244623105865
-0.901957611051873
-11.080455766038884
0.126302506657831
19.015652367895957
0.527332611236626
-2.065428615237823
2.790442722793606
2.907233993204128
-19.414939047185392
0.058038066053733
-4.541316043393531
-1.855432514438502
-1.097709806462854
2.703489403742645
1.267526182679243
-2.814049451808361
0.626142703104073
1.557112578000837
-1.515005100491891
3.002292616516702
-2.411856499046855
5.910531502369586
-0.548617363591944
0.822311873012956
-0.071732406187700
-1.881512537008644
0.392741257531770
3.117142464701906
1.364561754673617
0.900506457919339
0.398934754099282
-0.417414983683510
2.224549484119339
-1.210509265025460
0.255876468574223
-0.186779394519295
-0.137440052208315

0.654418428495982
-3.030110387139809
-0.747293693745465
3.073901027516736
-4.581338753422577
-0.655048781004173
1.095336861083771
3.911578712245080
-2.109742024889527
-1.172283134809743
-1.675415854593962
0.361072146738950
0.390902456630514
-2.024047621342004
4.975403664512919
4.015581378154922
4.412362105765005
-10.374841295088594
5.190472651207593
0.404751250158982
-1.565950011981340
-2.157753004482101
-1.339575461409254
0.856254038097931
1.289717877669519
1.432813081359117
-0.244412736387568
0.767725011487750
-1.364721855508727
0.630716352105479
4.721332071050247
1.582828076870922
-2.375918656762042
5.461767323114724
13.325782972705030
0.216342802713126
-7.136600222180401
-5.635668192622704
-2.593802370872408
-7.633532129825159
-1.078236461181537
-1.062831858975571
-3.655808826973661
0.253091350337860
0.674586897784593
-5.962341420074236
-1.880962749771481
4.874582045338217
1.968175512163756
-1.038283888274841
1.493427422437225
18.263569189502167
-13.719140382133489
-1.689415021295691
5.417142863260381
-4.746169308598244
-0.403266584926447
1.008028503839274
0.215703157014903
1.412251785891933
1.022469309501182
0.671728770439300
-0.521299995167411
-1.186766759775081
-2.951084479449188
4.720978456758196
-2.315879618129067
-0.137252025052289

-0.915223295106860
1.910247665147896
-4.450020858001467
0.045145367661066
-2.555743220409364
-3.011855627488504
3.186108750302459
2.620182377920802
-1.919930265443075
0.604384339967755
-0.518620658371894
2.551413305295955
3.312258967877322
2.306139872064510
5.523413766764985
-8.118730395808615
-7.243829546809605
2.667007641163239
2.730030643558882
3.345087497547384
-1.557720258807914
-2.170001018484225
4.080124098778780
0.658217122202976
0.689323881380088
-6.159990434719782
3.378565408985047
1.122254596034591
-1.352003712221231
-0.544470521319013
3.576625906702466
-0.703735861481200
-4.126117266429167
1.497229780060708
-0.147438659967332
-0.104489207359795
-2.402500486087284
-4.287080001911207
16.200865828932706
-11.591496996119469
0.083091808529953
-0.192160948548458
-0.574310983309419
0.564304815411711
-0.083946821181766
-1.796300416215349
-0.705021850877957
1.694537636405407
-0.231256088063675
-0.070838418090160
-0.811004889918332
17.567198547936130
-18.038024740696105
-0.104078029404086
4.777193925237532
-3.641587778546609
0.231066093550568
0.669328725875063
1.096909172656132
1.322961314541832
0.674854337247370
0.448987820461291
0.228104575379523
-0.687363089998183
-0.004435152768942
-0.644747373594541
0.258373760102497
-0.155464530192697

-3.456275895174551
-1.854700444489881
-3.414758077401420
-0.178858598878273
2.475974426129680
-37.401296197677937
-30.630013385405622
-19.960476623990058
-0.462955808622766
-2.061257941048222
-6.774613779442682
5.098449189546886
2.104053153575055
-0.745180005604795
4.598060575891394
4.741655735859011
-2.888935132491551
-5.470421479961408
-3.402641412277928
0.930589730294905
-2.374547825736582
-1.317471972874706
-0.932228709396233
3.302657783646870
1.805978278560162
-2.416291189221519
9.208214726210313
-2.854976285178383
-1.484073600224187
-8.760401495566624
-4.895820039745724
1.382739182261682
10.598956597388415
-23.449700713904551
19.648576024633396
-4.270308118860848
7.650389453616073
-3.976483984643763
-11.602408575954033
-19.612142752894560
-2.863252202934816
-10.739051725855889
-10.264151737448909
-8.330628394670697
-0.014658380302500
-0.676715915961314
-7.258826565576085
0.981677157209811
-2.710077654421176
-0.807685338073331
-2.737820252067211
23.280640833883908
-16.735669313744644
-1.172042959364809
3.563598820188862
1.229871136906773
1.747884340479769
30.944476986371413
13.010839632731736
24.571878740859258
7.437321468557201
17.475743129874559
10.349257793746089
50.701291619801630
4.754043657754589
1.888205381916925
1.375537180541320
4.101257754432326

-0.251320574849549
0.018807004302955
-0.144535134779357
-0.212892436953996
0.112206451211807
0.013466213559414
-0.182631357530160
0.085492954786676
0.578064002493431
0.254790363405937
-0.122244157842099
-0.409897134205825
2.921051404951971
-1.172550228720441
3.560234334018056
-2.814432014442180
5.035870930881506
-16.111731663313062
14.562688173159923
-5.955303616576551
-4.211887868224707
2.827094244064130
-0.585652170024426
1.171679905162717
-1.671687861463663
0.462983467976051
0.331213621038949
0.447284178494227
0.203454103404143
-0.181941698498350
-0.041493310851304
0.305904511110624
-0.113593784828310
-0.024750923409347
-0.049537539617210
0.450077731692904
0.418812499567448
-0.078954132817205
0.050018489133818
-0.213263481351550
-0.016034408957640
-0.181535203044228
0.146722761434755
-0.051689490345871
-0.008998646081886
-0.138542895879433
0.633901398291599
0.056280331214862
0.981703436699137
-0.637059213845198
-0.504950551465274
-3.687946791331952
3.813110873582373
2.085927570246280
3.744117182640814
-3.352099374478913
-1.898818080341449
-0.792004962581375
-0.508745386224609
-0.677004182140751
-0.275711600146201
-0.556941395909100
-0.504359959414147
-0.079951246101798
-0.066477689635918
0.322013882122359
0.573126665881697
2.321073484106169


0.013627  0.049210
0.024610  0.066165
0.029465  0.104050
0.019187  0.072323
0.031732  0.032248
0.014234  0.000270
0.029628  0.000679
0.040527  0.018251
0.047755  0.067926
0.053862  0.137945
0.040584  0.113936
0.042983  0.090256
0.059889  0.101215
0.064297  0.084445
0.080387  0.070618
0.079149  0.093915
0.087653  0.063933
0.098933  0.071573
0.110878  0.081198
0.110984  0.092793
0.177690  0.082729
0.109662  0.139289
0.106743  0.288829
0.123331  0.258839
0.104310  0.206179
0.096209  0.272301
0.076664  0.259851
0.062872  0.208793
0.050931  0.281940
0.031673  0.231564
0.031044  0.278768
0.034787  0.306642
0.022262  0.290546
0.022568  0.354887
0.022251  0.305438
0.034059  0.425432
0.029209  0.349159
0.020465  0.296053
0.020723  0.301169
0.017604  0.304024
0.025039  0.384765
0.021596  0.825032
0.025706  0.627439
0.013207  0.660435
0.030420  0.803403
0.033870  0.790260
0.038004  0.720922
0.042757  0.784133
0.076213  0.866157
0.069938  0.721441
0.061780  0.703466
0.075112  0.647423
0.076269  0.643422
0.121766  0.662218
0.134947  0.746226
0.167775  0.742317
0.190305  0.632340
0.000000  0.000000
0.000000  0.173231
0.000000  0.346463
0.000000  0.519694
0.000000  0.692926
0.000000  0.866157
0.038061  0.000000
0.076122  0.000000
0.114183  0.000000
0.152244  0.000000
0.190305  0.000000

0.204771614183915
1.729935680348724
0.141500624410066

0.444384886659115
1.537275213013160
0.077680241211658

0.936822932044690
0.826179827785980
0.027825565825462

1.358015058587168
-0.173020104584609
0.013488231738897

1.808056850283732
-0.387167813190650
-0.110064939974016

2.126096503053174
-0.936177528111209
-0.117000258289459

2.467485204305966
-0.865754229502540
-0.059878811917350

2.757122604014396
-0.560970979151422
0.007519459030647

-1.201831535409865
4.696345069076867
1.147772755793899

-0.133560710815366
1.446456797638532
0.215911346757210


