0.200000

0.600000

0.000000
0.000000

0.421384
0.864009

674.888929
0.370860

88
10

-4.112231217906155
-20.295902817674179
7.236921180247961
4.470860175716567
0.608832773433313
7.980592565666451
-5.605451375205408
-8.687520206914750
-1.254268831922475
11.420986479363469
8.729314553535390
10.533891776759932
4.992075557798933
-16.993248646599049
0.600266718029155
13.552807709462726
-2.406948043382647
22.888265613955483
1.624927072417330
10.271787286316941
-1.904076780905522
-8.657020218315699
0.636396980474141
-0.917896092452273
-5.420732535725292
-26.729330601003102
0.349957548539369
0.219912133150970
0.075536517123219
-3.476387163467402
0.739232334923058
-0.448731271714248
-6.782494378621110
0.242923183554465
-1.800408886416278
0.465321223925728
0.376505860721161
-1.168104410531495
0.837938331065252
0.443164334960251
1.628144671761495
0.501483917850450
-0.490985829884820
4.141445758718352
-5.548663465913886
1.305281605893602
2.338051049182810
0.465919188031284
-0.827541109338139
0.013735837596994
-1.874391954826074
-0.879131054803630
-0.866815047517236
2.181950378558796
-0.044447993263755
0.847982463693194
2.576001832503552
-2.214334840112032
0.101894524936742
-1.637427127630163
-2.462132440041668
1.446996851789329
1.087291698561705
-0.665708066762769
1.009799267566241
-0.103274981347708
-0.281981321364619
1.329417844447564
-2.822328459702389
-0.506428718300548
-0.794503277867124
0.214400436851046
0.739509623000892
13.986792265138151
1.470242405398593
-1.567173914792680
1.488726995220985
-0.156168797121516
-0.013749778609222
-0.273102724200283
-0.049497596035083
-0.715916114701090
0.372383860612180
2.539981326286435
-10.989279322851232
1.082080004374289
-0.011900414137869
0.289706107340471

-2.328935338495235
-12.332328383136858
-2.271807030114700
3.539042958990252
-2.327128606343731
-11.908398347538272
-36.035206763309851
-20.579204690705499
6.106960016421438
32.728502944163637
11.741398222767366
20.187299275872501
1.379002136200490
-31.889760370598999
3.729903656405334
16.768146664546112
-4.607133512461528
12.969416557057629
-4.088629156620208
21.676812125440279
0.462606006018615
-16.049656913236113
0.642401223175298
-1.593082199726123
-5.950740400799381
-18.240780122235275
0.191150968782962
1.065785132861771
-0.701073868482346
-2.647423504644011
1.410351144440866
-1.256204599664808
-5.347702619228176
-1.162032229801890
2.791852130453257
0.613568898446656
-0.287316981185645
-0.315383190782768
-0.145153960525604
-3.279561035848163
2.162024460835073
0.746964961358766
-1.936038035282521
1.841276482200898
3.684191568798477
3.630642586942801
2.031057961667612
-15.246800137572606
2.981675852546226
-1.701232312760517
-1.863158706895541
-2.557841528569401
13.088526098942536
-0.326620064236783
1.041309432407727
-3.455484045640331
1.301730390321957
0.114253795509045
3.062021051408721
-2.575688128125679
-1.043680465800930
2.802260963463722
1.862454459985747
-0.462886198078212
0.362357993452771
1.377496326561436
0.506333182046598
-0.860209480157941
-3.314336361418005
-0.407690533070758
-1.774277907267840
1.481544751525313
3.559410436871245
15.663132172464014
9.222605665486665
30.894207564070296
-4.509193288530151
0.097173771678171
-0.443121315548839
0.534194246291554
0.237543717948812
-0.018547155786676
0.149358775862165
-0.784832640293761
-12.746845113416908
-1.175509016716936
-0.087461495461308
0.196149017472593

-3.060471532137416
-6.965035520253539
9.770828551348174
-12.982902418880826
-4.919203971583982
-13.775736263864415
-69.713253061679694
-10.560309667043828
-12.850845817504291
-21.275236516574626
-6.456154396088291
4.554083879445823
-6.809354380740721
4.828748691666487
29.981242643030217
14.687438785339477
3.596668620422630
122.473536143473570
20.778833680135836
6.164021650367882
-0.393809229039491
4.897806242576880
0.761769176817564
-1.281631853001736
2.540742235736022
-116.506653820023020
4.241658774247630
0.886150817464991
0.475047738719704
2.538171140447607
-0.358377524018625
2.280736719755839
-11.372126957483481
1.340100442683720
5.305341741119493
0.138200177905400
-0.119390249838739
0.629044304579486
-0.766510172685100
-5.474744831170118
-3.077996030262327
1.796509184488154
2.729202288407582
-1.640437718771431
12.595712955632155
-1.498002276170389
-10.738427949592310
-5.385358708274778
14.977742372535122
-2.715583717222067
3.348716533757434
-2.790771062472747
2.357141141454670
-5.204631089189267
0.973530059148875
0.632982290175192
-16.358533225472534
9.015880396169244
7.800131544582505
2.101647285046483
2.242316429946585
2.334291588968675
1.600798010824573
0.707578542416924
-1.369702159914003
-0.302507476938909
0.012118416136083
0.187768447420409
-2.237033972890843
-0.309382422008279
-1.207312472413561
-2.645703768989654
1.195570460752885
15.836389904211075
19.716532736543531
58.077879539976792
-20.226606144077987
0.371324173779510
-0.312701965532058
-1.145103681267704
-0.075350289189302
1.019882917245223
-0.427190966037909
-3.337348357415087
-16.877089586175696
0.900483404957188
0.035450932889388
0.086769513938292

-3.017669239447232
-9.646225364740243
26.772161639553801
-24.977931565426069
-1.657481546540799
-34.797799200994923
-34.320007900247454
-15.794997909709666
12.920161681866642
-34.756308707033689
-19.650596938753804
-2.367390849592936
2.014619652327134
11.592023861767949
10.850862826803770
-12.966657040346423
8.656114236029923
24.753276609481770
36.914629395967076
-14.604826780572305
-3.019902370301522
13.009832817953612
0.518736463374911
-1.271358078826599
20.918856039491889
-17.734385450221552
5.575067453532586
1.280015530439531
2.566723113979560
7.132313371189355
-1.733270753340038
0.511621874469893
-3.265461020669852
-1.943619026458920
8.567541065820958
0.704787128481885
-1.390070764045588
2.311492889351755
0.034045003556922
-7.721315676615975
-3.629975246289086
-1.582660585827735
5.925137980222739
-5.655419301870741
-1.499254864423486
-6.741042197791082
1.827207145072163
-2.514387182046214
-1.555821438255533
0.964887876736633
1.352855813480856
0.910678773047910
0.374272257889872
-4.913796557026244
1.625974494538271
-0.089220923541026
-9.043228243419611
1.692015045492482
7.648996129640987
1.505691060750516
3.332221997368543
-0.064964685296486
2.079364226130276
0.867414803692371
-2.148165767662381
-1.930273924084956
0.571724947004430
1.576673363438094
-0.700817223783731
-1.060675275872754
0.490676338429401
-3.006758742363640
-3.446221952777704
11.074967601064998
10.055023154715956
36.372209169968592
0.243874194635312
0.011137889572946
0.887135560329487
-0.198110751761784
-0.623908367038348
1.981086239236480
-0.554625235003915
-0.468570491289040
7.221548955830997
-0.311640542748614
0.013833753494960
0.165324242281071

-0.916809882938910
-19.510964247214115
-4.293594048222265
8.520374383672392
6.753807498705003
-12.657318958934956
-49.867872936058419
-13.596990527643220
3.110816563539412
-96.462147921661582
-19.022993362202971
5.117188905601338
-9.613853659219780
53.268081529164370
-7.922073799765569
-21.129617026103201
6.551882875307285
-19.166955694558634
57.185082475897140
-25.639313540450118
0.941066426824969
28.500547821599159
1.434792356205827
-0.293682130458982
15.877723901389581
26.632689013289163
4.786802876870398
-1.194105274326006
1.940032861736706
1.171747566753583
-3.103201802271911
2.515965077316906
-1.443131602492795
5.242429156932785
3.478605728446711
-1.328056516888136
-0.135166948447534
1.626390925379297
-1.129116627009472
-3.596017027502064
-4.302094664422040
-0.356227945474795
2.060131564888502
-1.604148066511276
7.200017221021576
-3.362531382955585
-3.639818372976357
-3.715680349044817
4.421637948472112
-0.063814771817404
4.522510654221414
-0.225198774301882
2.983214026784515
-5.047322345089506
1.301980480663961
-2.223930767322209
-5.044769617656106
2.848971253487835
4.048091109910701
1.905420741374791
0.020767250382430
-3.163768935752789
3.165829922917024
0.959575549926188
-2.029460667240425
-0.261446675238401
-0.220568776410821
0.412064833180358
-0.015204120630599
-0.367723784177180
3.132540250035659
-1.384914441831624
-12.570916579842203
12.683306469446865
13.067827799744959
35.608486629782099
9.318550857257142
0.191423175874537
0.722660636515658
-0.248332383143478
-0.020504688768217
1.657116325417112
-0.610033519920645
1.873829805310723
13.250427681112185
0.523226196425331
0.095912021621239
-0.130153180667754

-3.544078892776947
-17.627857366910767
-18.467131009887037
31.621844635227713
2.798660032780271
2.573627453430482
-44.604692846165122
-17.802927136681369
-18.628199691022854
-80.035730913943169
-21.392164140566624
4.077092842488433
-14.965758853543415
22.457835949135603
26.111449679151480
-23.065597215654105
2.431730191035831
-60.806913488528707
60.369908614739963
-34.611735844552626
1.920499377076651
42.226677329586501
0.091374395930057
-1.793703083583115
26.161769269002221
64.485912254078912
4.498919374653161
2.950409867976893
2.520500823548308
0.144040401452496
-3.378779618279792
1.687680647436106
0.307913485848271
5.140795095159406
11.256894092439014
-0.961948246207009
-1.278217417680717
2.438625568335652
-0.588818476838169
-11.752536252112190
-3.033256598321715
0.157759794877346
0.127736451914569
-1.483097234887294
7.954756818412343
-2.059044552829858
-1.110410488995149
1.210631748333237
2.259519003555836
0.637445082602198
2.045091941952532
-0.546625891717566
-2.586066970435058
-3.513722302738527
0.783386235954049
-0.773780928402792
-3.484962271481470
-0.140903534459868
3.912188967768819
0.185351416551791
0.052533612317048
-3.749030912294152
3.564750631503229
2.750626888896972
-3.876282176226560
0.063731897399740
-0.086125380460858
-0.538630611116589
2.176051972520563
-0.550772573535362
3.049768949550823
-1.430016858612128
6.654554916961016
5.341430560421667
14.642228414497794
30.980120624425425
-17.636295991380436
0.502846811802604
0.940437280645270
-0.045628528765007
0.070916641028199
2.686780209975816
-1.545994031677863
-4.948207252448633
18.635519314118017
-0.825068940872953
-0.159011353799098
-0.230601657902376

3.082648724318894
-8.618728953003769
-52.816951216080504
58.103254871254762
5.267410772294195
-13.278517028290461
-34.302164708727908
-12.402740370836415
-0.725592432627812
-12.274280085945644
-20.627362930455394
-0.233858808366103
4.598843386864468
1.994295581118877
11.629787196515364
-24.098317568466701
9.026333761678840
-42.696695005609584
16.793917053877998
-26.827491688673266
-8.554576496555852
22.329096883139069
-0.313377104206630
-0.541781627362268
27.584378801533049
45.036890272212787
-2.129690912913812
1.356254385748119
0.648069857438201
2.974774069962194
-0.610702776573072
3.774832578546183
6.707159035840268
-0.747048540760569
0.704717229968037
-0.505271027288836
-1.744465217980836
4.794189004031746
-3.704606241205905
-1.810580670404943
-0.310158649845476
-0.774880375085722
-0.059564211342325
-3.826318967049796
3.672973965762009
-2.310240218247360
-1.399584544136400
2.618135672863878
2.076304894998793
-0.157463742579022
1.521475275911502
0.398283028569962
-3.914367872838434
-0.326437028169373
-0.320075508738944
-0.421009295831948
-0.676950051688283
0.455523558516407
0.054958770327905
2.562441110555931
2.361602063233554
-4.587573682548807
-3.608086871639466
1.563554344688391
-1.923955222018905
-0.117782739355829
0.311939543696521
-0.218809194923352
2.440896499666049
0.457870968040461
5.443001832410541
-2.506135553971689
-5.977050360226417
-2.468585076257148
-0.428577507647350
38.689439015923163
-7.412852745268720
0.412566449597998
0.366232054225539
-0.978266387503576
0.415035725178174
1.099221891216287
-0.794987327489717
2.692229446054712
19.716735237283658
0.034774200453122
-0.099200729703406
-0.588333733339138

-2.173103491630436
7.036367344716583
13.571145989247903
-12.494971727955379
7.476197894170389
19.712965662490010
-24.391461641781937
-14.742911474546595
-22.191551074197370
43.663134782291138
-14.959898394890589
11.234715720476391
1.878174439243082
-21.514924871208329
16.147353197772105
-12.981303748470030
2.649518482431745
-15.781937045287743
-24.162169203014564
9.298609744540967
1.633722044268952
-11.751105214579063
-0.051466886791402
-0.490463473020047
17.332202406322047
18.171377009065104
5.066576443671965
0.943125249073735
1.965350364165313
-0.996988903216895
-1.636179737402810
0.000000000000000
-5.655668844117551
2.024458098681050
2.594779073415058
-0.459914123779390
-0.030907450252021
-0.209638269109731
-0.140402300397504
-2.848173880226883
1.275591881226585
-0.197393463119812
-0.733562537889217
0.460048166420112
5.298202077194553
0.399045086241533
1.551772663753595
-5.666381512871607
-1.054304723183193
0.663407650510947
-1.948363635954123
0.473583739088586
4.702657054953886
1.068148121234565
-0.155416163982368
-4.369154564515875
0.087514214992890
3.500815681654323
0.593246088241176
-1.348212524464076
0.432787575262079
-0.592045156223159
-0.672710790656407
0.560797478726954
-0.592842394737102
-0.856107834163799
0.000000000000000
0.859577746328051
0.481187186418704
0.497084431929661
0.550027561853517
-0.985692498398906
0.000000000000000
-9.550465808112756
-1.461929344410734
16.541795939717826
-12.543797547813631
0.234628424691160
0.210139121344406
-0.076155468502715
1.213880658412384
0.192575670254476
-0.293460170661918
0.273342182151171
9.379477777776510
-0.627857855446435
-0.094354620775186
-0.415815356453028

-23.239542442875365
20.391342728495619
19.039947925387644
-21.867556474233929
-19.568997647364164
78.546871505439498
33.613832294439803
25.505041721527583
-56.550818934107902
0.077978296042786
32.696831693459679
-28.571890181797226
27.768567730166936
-37.380471537636808
28.397174867421210
-64.996879896579259
2.363445077305976
-67.901362160900462
39.763857386132266
14.578338765961110
-15.220539763305377
-37.008677114939744
-15.308079447143486
-33.975364309226357
-24.962522007046445
-100.405822927398570
-15.649899563217717
-2.671392965551073
1.284463284483072
5.676190196206572
-1.045560752688777
-3.493454701279285
-0.742313952916407
0.258853831447045
6.894109431028031
2.297575133518574
3.491122502373230
-2.913810550088923
2.980329079648744
-1.168192229863476
1.902682857864554
3.231172192684253
6.893859608943761
-10.904394516295122
0.969238770469520
-11.479240877768579
-9.175026090740266
6.680807686282516
-0.273012878830942
-12.588566022743786
7.967129826396505
3.616884869251781
-10.527605873498180
5.995888220874242
-3.768843032345474
-2.912113762679987
2.333055928686593
-10.772682694782389
1.255890342346747
-7.215094669890243
-3.151811125141857
0.799723806771769
-0.884399886987549
0.277019663965961
-4.989604569710111
-1.811170408352329
-1.002488546220986
5.272964870114426
0.195217294581096
-1.454564893139384
-2.910685122475496
-1.243306256439052
-40.605314905807710
-5.426669102226142
11.915966100391680
-62.466509804653199
-196.143078185718390
16.369150369993221
10.822690799273950
7.404919857888451
11.289315307896157
4.419965249987730
2.209941083590171
220.843132039077660
224.200831676202400
39.143229726831848
32.393032647602666
2.319748627597556

0.002025290371642
0.011616419411796
0.005478584689199
-0.007311648978491
0.001841789420430
-0.004187321483926
-0.003113524965232
0.076434616450374
0.011409619559630
0.122651483707442
0.235782580583285
0.009599325662128
0.023753990942919
-0.020226427558312
-0.013333167782470
-0.013993285138314
-0.010743893897202
5.736385869795614
-0.121637910464420
0.091775693240428
-0.011449507782029
-0.059541104303245
-0.010280374589837
-0.160823983489486
-0.288715717116247
-7.900681999486797
-0.020256152132180
0.029640669395579
0.177725380404077
-0.075020374328103
-0.054501402736424
-0.027234410207187
-0.079049115497782
0.013153009680302
0.082316756668214
0.121175453711693
0.030140138624632
-0.060123761769953
0.029263084775947
-0.112247146255028
0.011849757225792
-0.007898879690156
-0.002433722351429
0.069666521723209
0.015928055474786
0.001335755321549
0.001657101166217
0.005300202443897
-0.011496855407409
0.003889846919880
-0.000453126406784
0.002942129699056
-0.004114826342868
0.009838705942738
0.145023007789296
0.107742268946688
0.100675840506056
-0.064664791824434
0.080560612096948
-0.021822453106260
0.004354747615308
0.742832469456339
0.012119372176865
-0.008164954622435
0.073437143142277
0.617892321568082
0.225598813893786
-0.263946150993612
-1.215186523138419
-0.643907554918417
-0.212285952218492
0.089829177384455
-0.004688929087264
-0.008723822310726
-0.002212160776318
0.002498190335662
-0.043607444231004
-0.057860872165535
-0.028824865437698
-0.040795015723607
-0.075832793592178
-0.060618587392498
-0.006358113643802
0.049105939476387
2.162668599223733
0.052400923209570
0.149330531457707
0.289722836063216


0.025806  0.000000
0.040940  0.000000
0.035055  0.000000
0.035964  0.000000
0.055434  0.000000
0.073198  0.000000
0.068216  0.000000
0.121227  0.000000
0.074278  0.000000
0.105077  0.000000
0.154077  0.000000
0.117851  0.000000
0.209280  0.000000
0.103247  0.000000
0.080169  0.000000
0.174272  0.000000
0.184927  0.000000
0.164121  0.000000
0.106407  0.000000
0.217283  0.000000
0.194106  0.000000
0.214676  0.000000
0.271727  0.000000
0.320816  0.000000
0.145596  0.000000
0.165277  0.000000
0.233989  0.010625
0.286741  0.030699
0.277340  0.120679
0.064466  0.063809
0.251733  0.065054
0.256607  0.153837
0.224586  0.007059
0.201965  0.017624
0.164288  0.108112
0.240190  0.234030
0.230020  0.341630
0.170037  0.161720
0.213842  0.164453
0.173465  0.100401
0.080673  0.159693
0.128982  0.276854
0.097165  0.195661
0.081146  0.081824
0.074539  0.008076
0.086613  0.196891
0.050418  0.260435
0.057311  0.305150
0.042199  0.256689
0.040859  0.175256
0.068951  0.181195
0.066500  0.239635
0.058722  0.309188
0.073637  0.383288
0.072603  0.625971
0.039781  0.525490
0.047191  0.504911
0.035057  0.510000
0.057988  0.480020
0.048012  0.417243
0.123228  0.351683
0.158624  0.464223
0.114091  0.398728
0.138978  0.864009
0.076802  0.770879
0.231660  0.528139
0.328365  0.389768
0.256714  0.533544
0.160419  0.511043
0.421384  0.182845
0.182944  0.413897
0.283516  0.161342
0.094246  0.000000
0.045096  0.000000
0.064933  0.000000
0.069712  0.000000
0.081476  0.000000
0.000000  0.000000
0.000000  0.172802
0.000000  0.345604
0.000000  0.518405
0.000000  0.691207
0.000000  0.864009
0.084277  0.000000
0.168554  0.000000
0.252830  0.000000
0.337107  0.000000
0.421384  0.000000

0.175713428575283
0.231278285318110
0.069031374639877

0.498021439083076
0.275928484742878
0.036062893316764

0.969678345104129
-0.422991779933296
-0.092565775641852

1.349344857371152
-0.607650519926527
-0.208345267918681

1.684356937229115
-0.655844820344660
-0.243815610012679

2.279599624597692
-0.806704327678981
-0.452237976476219

2.534381893771120
-0.705797860160288
-0.324213195603927

2.832828429344813
-0.346691383309696
-0.175484396368969

-1.151239651069645
2.960845563532312
0.899144809744880

-0.017228454197787
0.115258543353184
0.031799651151802


