0.250000

0.600000

0.000000
0.000000

0.373857
0.793355

879.492076
0.510157

60
10

3.195446392677159
-1.641954745442871
0.465594932261194
1.055671319249648
-3.197462388443402
1.803659613066816
0.686399937676679
-1.335943934369222
18.039128393415396
-0.827742137568527
0.819070020058186
-0.357562641442205
0.995580814217093
0.862778207346676
-1.623802918097066
0.271156339861484
1.560809897717354
-0.761582478671488
-0.670513652162572
1.065952121943645
-0.167842933290615
0.201083215686285
2.356890275834092
-0.338356078673527
-0.440986231745268
0.969011497485579
1.133004129596772
-0.471817356621171
1.513311991069868
-1.803551201267650
-3.076327185389963
-0.876304728649444
-1.651343679310249
1.738066791864355
-1.332830482744926
0.458155977658592
0.950764289068086
-2.729742464356305
0.953389720507601
0.315215128490399
0.707028600012132
0.239060955318550
0.180667774188095
-1.536981082311300
1.302140101463366
0.894097559988318
-17.535144319757492
-0.874640784351969
-0.238918066932291
0.123039959502410
-0.761218667759510
-0.271163400639426
-0.261179117537271
0.620851915327886
-0.298234430757505
0.344080241755178
-0.714625759813861
0.187567910764853
-0.205046327347699
-0.005856827863391

0.604480427524856
-0.916580923763480
0.071351255648284
1.407343277929479
-2.115029561774805
1.305399890758365
0.288124762688467
-0.726047144250642
4.639441182471233
0.112796569939172
4.299669780763291
-0.001150604882925
-4.237453500457792
1.193276522342414
-0.598750973375776
-0.279600424724106
-0.678800969633232
-1.544794978481361
-0.825772834890588
1.447364509821836
1.634739504243727
2.097282076512393
4.728823029590344
-0.325843342165928
1.524140878595728
0.940730360748289
0.067435623486703
-1.692394425155279
2.822218522971848
-3.080198509479774
-5.768651585049815
0.453354368052189
0.500678931284348
-1.174303601922009
0.339028679751459
0.957262746638017
-1.061263876023148
-0.283077434643538
0.541163298683566
0.348958792213208
0.140126013841090
0.293254890985321
-0.142861443414141
-0.878061649121066
-1.846938037453789
0.586076850563140
-4.568393251471082
-0.960105863225655
1.238993592629783
0.093336031663480
-0.289817821277684
-0.528332156680873
-0.132658230404269
0.342043042641332
-0.165387846104542
-0.036614595562834
-0.192944117567686
0.259685506872754
-0.310285094075574
0.083533874491743

-2.723263423092717
-1.230153050169374
-6.703020119206967
9.829586952051958
14.739007193112554
-14.306157764965313
-2.149693821378504
2.621335948331450
8.527575583523019
-0.777032090166847
10.083663691916035
0.303266455144992
-9.953542616611367
1.895724272917001
-1.393569819958534
-1.161028736329399
-1.851258037338308
-0.675486755625714
1.336629049934812
2.061614590183127
2.309232682550967
-1.969126829944222
5.176637417013559
-1.197769694095746
1.984687318769766
2.652221269480652
-2.655071843615842
-1.543755620629342
2.601204598241038
-0.756436790684367
-4.539153292727251
1.821162371048162
-1.389552528427164
-0.174843282282555
1.631044649177540
1.607383901221017
-2.565573535937532
2.727161696919010
-0.865247471963529
0.069983369554223
-1.065075887446724
-0.057368281190991
-0.513790047490788
-0.780864099786740
-1.480116151579456
-2.004240677168512
-8.050207828496097
4.028914568562552
-3.837972081170032
0.662992187734432
-0.589211647048976
0.711747685784172
-0.231525815259119
0.478850807045789
-0.334394467509712
0.107306336916613
-0.348497954752286
-0.142508434206322
0.088640375396552
-0.041064461354105

-2.846785071358306
-1.375641673969699
-6.480124064595549
7.266270254691501
9.476397332016843
-9.802048321897958
-1.794568793431785
1.560176577632916
13.274430483369555
-2.268890763855007
-1.337438616151796
3.398977262710171
2.189871238167350
2.419969118139997
-5.558003196450466
-1.613546016003078
0.094225740207607
1.117476544308081
1.797052168848677
2.315055646800021
-2.089052307495007
-2.202672511195490
1.804994915824877
3.662261095765877
2.616981222305428
-1.653800936916078
0.585732747373465
1.676751133651408
1.559374763534349
-4.009421948603586
-0.142047055987045
0.787250211525760
-1.824802281972132
0.452962472578513
2.382822252209753
0.300900115875829
-0.591654423851315
-1.156237671066897
0.494307360297494
-0.463211636566065
-2.081784224242834
-0.397219585429276
0.211442743177771
-1.652277145919450
-0.785962593597660
-0.964934413583832
-11.186136100499416
1.706100720256611
0.122783517740258
0.907792926867864
-1.001914701124584
1.729710661272859
-0.537074600729405
0.712197150322887
-0.437319532680769
0.690007815122808
-0.965025525723520
-0.659431529619653
0.634927987049137
-0.070176928440034

-3.583545068986287
-0.836188356950208
-6.518536781556371
6.469949034866104
4.156586814713701
-5.863759704725111
0.067415455446630
2.364426432496803
10.074436520436759
2.153495046062715
-7.518767187793022
3.177541502039764
6.104891559920382
-0.809773509658964
-2.158769443651898
0.804031624181065
1.163954919958156
-0.218202157647781
1.229534019436361
1.043090610067097
-2.248833815004578
0.517782259161228
1.977491510819020
2.105898718573283
-1.144540539617525
0.297667394447372
4.091832757154276
2.991623929567888
-1.119569147166080
-2.218226163976210
-1.418228919663204
0.437339544149503
-1.495694662382582
0.494382949508201
-0.215406524940729
0.394745124671893
0.158195598323607
-3.474471773729704
-1.301929284861602
0.427581896668961
0.215791897007713
-0.068076800971524
0.071015251180075
-2.329190012380469
-0.654702453013544
1.461586198664295
-12.724574435422657
2.020402503399010
-0.572417281020373
0.821154701108806
-0.451762793861026
1.761625172949751
-0.177632390819657
0.748705999051504
-0.549808511635681
-0.584249126236200
0.587830453230442
0.476389541149387
-0.560571452904484
-0.050968642457652

-0.909977784005332
0.385352673805811
-3.714402013339020
5.081231782646726
3.211827059597886
-5.184107529585029
-1.430358171394565
5.347011537755347
-1.872787841528841
4.548556864220448
-9.478718434782634
0.649359974660834
7.230743726165080
1.797009354455825
-2.670111262968041
1.272405121103803
-3.294357560601481
-2.800636671357280
-2.441759105614614
0.750196655574878
0.484172644261038
1.917314843601712
2.114303066058846
3.138037576654916
0.463339195375715
-1.655101193398592
6.384267347272766
-1.214255419190345
-0.466471862746086
-1.612392107052039
-2.655490419010087
0.962163300868257
-1.818109031558421
0.981620329406456
-0.467711215033884
-1.229689371900933
0.607108699643269
-3.233581055917264
1.160303822233330
1.844963642225509
0.142954382779684
-0.028998090837478
-0.381556125241283
1.133454657902963
-0.835341465871829
4.421086544033781
-3.228286155413016
0.278684897663514
-5.489318386907397
0.525456804332253
0.114496767984653
-0.261037310175081
1.434425443337633
0.244036779036983
-0.240827681648622
-1.388278926524686
1.660974659342354
-0.286815713505287
0.131202459185356
-0.127584702774447

-3.043085186366012
-0.330732365228827
-0.750301713398122
0.866913573586983
0.000059506706454
-1.806272434525756
0.496993141033943
0.495671071495886
-18.838583483281575
2.440298636356330
-9.692252083127684
0.420348479213505
10.173673845433687
3.050274340396265
-4.774995237276912
-0.644883869904471
-3.549686241293175
-0.780879983133499
-0.620058923427798
-0.009666526789268
0.409374622957202
-3.059002568795937
3.402005579577054
2.767497959415080
-1.603193631557661
-2.958831651849783
0.299214292878578
1.598539976472675
1.790559762711220
-3.089075357339387
1.446448686188426
1.048503958859910
5.545075480296119
-5.679533960746638
1.284890535978700
-0.087901518657572
-2.854458490478383
1.537119515369351
-3.152672037954842
1.078010423125894
-0.878793062662944
-0.758113087396232
0.001771499603642
4.442393881529316
1.900482780701551
-2.026181607997024
16.658529587398142
4.032628493057942
1.798399402905167
0.346704371727072
0.009152124945954
0.390019201162395
1.244106211430215
-0.798812902507427
0.641083019525765
-0.930963680204396
1.264019389907844
-1.144500138396648
0.969332632613535
0.013335747239000

-0.681235948761989
1.036509713723075
-1.602219758037371
2.011462400767970
2.237159223347972
-4.130902306445479
-0.836476271560099
1.515943145158421
-8.635823079954406
0.576227894855509
-5.316036023808675
-0.625876986012342
4.886645537793848
1.783355881121602
-1.532858450514207
0.174703116555252
0.467179944946168
-0.588011443279755
-2.154969251169991
-3.880269217446221
0.676346920816726
-1.080761462340793
0.759423889320582
2.598514286608698
1.844602625522353
-2.740557597905775
0.316283733733998
-1.127699461550890
0.091758920224486
-2.549404694719339
1.594230318867989
2.561346060066774
4.614435686434542
-6.102523701931291
-0.127185861557529
-0.802007924564652
0.579414623274275
3.745451456591914
-1.800668046650484
0.381105420378873
-2.313252216896212
0.097955415835410
-0.778282423204099
6.104080942941031
-0.401296976976308
4.024783213402276
7.465450994576620
-2.878352612128797
-0.114697923527409
0.010723031720314
0.285554257956147
0.010457458413668
0.384352540132544
-0.540309982545246
0.428410658395422
-0.240519010737762
0.466391246759673
-0.851583216010800
0.778718853041002
-0.075197566074000

-1.469451219676525
-32.873402242578749
-6.619079613504019
5.697820614611264
-3.662343868150353
4.044467422673980
-2.400076733214622
-2.260950423359882
-1.003820663546797
0.526441549000849
-12.329325871673836
-1.686012821570234
10.298487604835646
-4.430313501631278
3.717858664226141
0.806313076900886
-4.052411869849283
-0.289698197001898
1.681934020965063
5.284653412204303
0.325299010980567
2.454452803719485
5.230277368373258
-3.579576713197426
-2.603761893885470
8.079159657765414
-2.491884261318429
-9.521875243767560
-0.372354330141440
1.923425701807828
-6.552300004344034
-2.095389042236020
-2.844674767569758
3.347448094723862
2.707176739948835
-8.285421857315113
1.148939679663909
1.127763832346496
-1.202998848093083
-6.363241721629826
-1.382632332996753
0.953934349635652
0.340301688703784
-0.268139221718590
1.044426270038039
13.661274087939731
-7.315797461218049
-13.489196458982267
7.334374697892051
-1.905302877187230
34.196483320291961
8.420925949469304
5.885854553003088
4.475778015284471
0.600043362929965
2.679839662546809
2.265153510799355
1.050439310957586
0.591721820204969
1.448964226358732

0.010535039781836
0.008795000649626
-0.014501491817995
-0.001324376429582
-0.000020331980261
0.009350724133926
0.003846880554361
-0.003917548088402
0.013208112659685
-0.007052080709224
-0.053965053248775
0.026312888708230
0.060870611819414
0.038707217165270
-0.061827945199500
0.076607062138780
0.459316239531176
0.060804385660520
0.232792624753725
0.180265970730634
-0.176728411246817
0.410910489837814
0.235577487921147
0.160445898815871
-0.002187051548684
0.046694207225596
0.017694737775823
-0.000846745649211
0.027995792676093
-0.484449428390513
-0.507609824387022
0.778235313527729
-0.785520864130050
0.640874808970565
0.143995781968048
0.017068608189433
0.012217784740148
-0.004031382076625
-0.016229296614316
-0.093228482179241
0.226007636907408
0.111459535451863
-0.846036895310872
-0.808916690448295
0.049081911346571
-0.002131240064894
0.019372107574552
0.004658300369967
0.005971543231626
-0.150349866959653
-0.068933809831643
-0.063635234614476
-0.066353333784745
-0.077464896134500
0.153001791053617
-0.014344144432141
-0.018495689053198
-0.017875490774969
-0.018307983248563
0.123609092401128


0.047960  0.132093
0.012066  0.163515
0.029185  0.231248
0.035255  0.215519
0.073438  0.162917
0.074582  0.176204
0.033678  0.188096
0.106377  0.152718
0.101176  0.081554
0.133925  0.087871
0.172378  0.128536
0.203360  0.151646
0.180213  0.130424
0.250341  0.151019
0.222550  0.141208
0.281386  0.307692
0.199591  0.402330
0.279041  0.348290
0.127386  0.396293
0.227720  0.423215
0.232206  0.374633
0.165549  0.332096
0.180501  0.312987
0.200984  0.355444
0.095940  0.256612
0.103922  0.289979
0.096792  0.320494
0.055807  0.304085
0.135252  0.335863
0.183150  0.347257
0.160423  0.311681
0.207788  0.722393
0.171617  0.656540
0.184608  0.673071
0.110804  0.513461
0.050102  0.572059
0.080501  0.543387
0.070098  0.327366
0.073963  0.349828
0.074877  0.476884
0.128008  0.463429
0.373857  0.640439
0.328109  0.793355
0.168384  0.432751
0.135830  0.248785
0.090980  0.112781
0.099487  0.083672
0.079417  0.116404
0.086318  0.137399
0.000000  0.000000
0.000000  0.158671
0.000000  0.317342
0.000000  0.476013
0.000000  0.634684
0.000000  0.793355
0.074771  0.000000
0.149543  0.000000
0.224314  0.000000
0.299085  0.000000
0.373857  0.000000

0.212461244253973
0.068381228878803
0.268519252353817

0.395027681716526
0.102481209352525
0.264445817150427

0.715731184623168
-0.048141574646357
0.331336984141328

0.991171413299515
-0.071686474593417
0.326514447363953

1.421724732332006
-0.058518887189422
0.134151652896258

1.825349907970192
-0.285748624478839
0.008514457420738

2.271767034613695
-0.143883266651002
-0.123906659254554

2.654209356194387
-0.111513609755935
-0.048685460040511

-1.161671584270227
2.305343718037413
0.998079836309815

-0.029524884116670
0.270777307713395
0.177932476769231


