0.150000

0.600000

0.000000
0.000000

0.404049
0.859734

811.358320
0.638332

80
10

2.860992021677268
-1.104813737804745
-1.196145369355448
-2.258605137762654
1.831502256830660
-3.706123448473766
1.301452861885914
-0.260300953392723
2.619103802826001
-3.061604267888197
2.253083913185099
-1.706683996428131
0.791465121915228
1.957493900518581
3.180892242319499
1.802776201861992
-0.223197579990377
-1.617378520843850
0.525993843795589
-1.482940514709143
-0.533797710876833
1.301429418070685
0.492144083604997
-1.306787778752852
-5.129805362427407
8.363277934636013
-1.502096192874145
-0.930020724782848
-0.320926011967968
0.303133548748440
0.209988796591522
-0.323503206247505
-1.105674217275393
-0.436205438011394
-2.625639956124810
0.152025528542521
0.234902887363563
-0.338079831455050
2.800353860409450
2.163438296592568
0.430953186839393
-0.128612483750669
2.603946381525250
-0.520712442526537
-0.730576333888830
0.105306651566585
0.612965346438418
-0.052461922311037
-0.945566161689254
3.086392881221174
-0.618429158333361
1.606378196768600
-1.114542835668700
-1.205139656893248
-0.461084347956944
-7.667738682619237
-0.631435526779531
-0.616489741558749
-1.611024219082842
-0.809012971036837
7.584490505197392
-1.098158444457585
1.124214079811099
-0.158805000002330
0.169716179578668
-0.655050503130280
0.506088926793486
5.791817585170141
-6.751693770750503
-0.187373146955769
-0.160406855904339
-0.379631889731666
-0.104628022799099
-0.627874514878603
-0.511982416065034
-0.035827141637045
-0.028182995066963
0.813326681256150
-0.778412602673775
0.180136622463837

8.172699468705140
-2.289673341431833
-1.410369796756729
-6.376827190964026
2.001386292581432
15.853558795025569
2.160078480915067
5.425094470185798
-1.809658925119209
-6.166434064313697
3.847678301063176
1.282412251100479
0.569183590124675
0.679726477673886
-16.064879086868611
2.265958140491744
3.786474768356409
-4.869037862674450
0.573553704181291
-0.680172288990479
-1.537770660048626
1.038936680608203
-2.123388062641797
0.025049506227075
-2.330928589294838
5.140663762005495
-2.958236212979063
-1.700422143840815
-0.242710854704205
0.201244596550912
-0.786305137802096
-0.416102438629049
-5.200479136761925
-0.228076260753829
2.992303350922801
0.765233925706784
-0.047258840971717
0.046742996201382
-0.174811988754132
2.155381438176268
-1.184633691976380
0.722913521369464
1.408996709913425
0.757467092159096
-1.500596498188686
3.008929343423814
0.028414095569190
1.230328056194351
0.858952615559471
1.630623242542088
-1.632720427196068
1.776325685005393
-0.160754022627641
-0.162889810628259
-0.032410603764116
2.082701737364667
-0.211010194813939
0.710816639923339
-0.137065602604731
-4.038568555226098
1.580153874585651
-0.994149853174594
-0.409589434242364
-3.220738499811229
-0.629883246323684
0.020026156572911
-0.181556340857171
6.838280520102550
-7.864991771342360
-0.168002277531370
0.179915476014617
-0.629795302938179
-0.210781073276680
-0.006844488950558
-1.003284728269952
-0.069929204689429
-0.054183448034648
0.751386292574091
-0.748004922267319
0.096334829356003

8.865355305187521
-4.272249858929291
1.532717565930459
-4.485451461879722
-1.645082987984097
-3.358919328744842
0.322876251315426
-11.177951842080702
2.408304380037666
14.098935038759560
5.530527632755259
-3.341717233363038
-2.995797654496406
2.739380852707882
4.688200283429421
-0.761485843534170
-2.602388503177727
-5.672230113434480
-0.455298116471019
-0.831392753874636
0.327764173132830
2.073587354668307
0.759977532174258
2.682070583389147
-2.384078260067758
0.821991681944630
-2.407910328334445
-2.052721574880299
-0.206993268051875
0.175351347048913
0.501515229974940
0.050944439437410
1.927820589929378
-4.214725525422853
0.316472596066933
0.176930112423985
-0.155556945511200
-2.735955466104745
0.787048267273066
-1.079428727491215
-3.089849162095909
0.482827125693996
-1.323078796322925
3.770008855116435
-1.502646213883793
3.170449942567051
-4.231185721242889
1.809529134676273
-0.307242743453126
2.330361930284434
2.094401474524442
2.159226081930891
0.990361623316769
-0.748362568880252
-1.774609223345204
-2.448324737771472
-0.599912811474112
-0.009087532255323
0.457591068860179
0.933930324775695
3.787417787240489
0.335155389723835
2.224086052440896
2.467234031859281
0.227068502631406
-1.404160884779678
-1.452880890184117
-5.862326331128092
5.520824342390650
0.104989130381791
-0.023381069379375
-0.052823202356402
-0.034239827225078
-1.590769950990742
-0.209936009275741
-0.105198475502319
-0.027067026007376
0.528084468199874
-0.523133520488591
-0.023765968903923

1.904767540362244
-2.476375831554909
-0.896219833746914
0.182324795385290
1.338257590401604
9.022294880861869
2.882109439100842
-2.630748327759243
3.941482399078087
2.196480691487958
4.245962453548229
0.334633890277589
-4.032065523011021
-1.121009881858182
-6.129643605948073
-4.682498254471947
0.891339447961127
-5.306275368694273
0.529972262761664
1.117206074537771
1.578607008659209
1.869528360350961
-1.180311810437192
-0.527222600059517
0.932804691799881
-0.169668195535157
1.254389833356691
0.786196738023621
0.486874364328624
-0.512720300635886
-0.466791387763188
1.718070997318600
3.208258596607631
-0.294936479181375
-5.688001698866813
-0.588444114760581
-0.099606464099320
-0.618669970810797
0.130504251694040
-1.376672954755760
-2.992653626151440
-1.710985075242836
-5.350751699084085
5.002737928668039
-2.516677496429153
-0.632886913845922
1.402042541626283
0.458587914416317
0.073885204716877
-0.956920161229626
2.022208464933429
3.053562465893260
0.210687473240939
-2.399414389755088
0.282723293553909
6.001409131519359
0.552268359420133
-0.479474082963933
0.803531437512840
-0.900309402208887
-6.135060242454349
-0.157711591395829
-0.499306268766278
1.129202384898016
0.648365223270370
0.366636713071760
-0.241350823222607
-1.672417924123310
2.370773767183663
0.137808307354947
0.448400812744254
0.201134440041151
0.934523885653450
-0.889754498695015
-0.132525218576973
-0.052821448540465
-0.120316879280637
0.188918549042234
-0.303046011438319
0.100791742921351

1.685382618851746
-0.132326026078515
0.155987735167271
-2.241509554143400
0.136728092318739
22.451284800729184
3.625620350400111
-8.781395177416950
-1.795720985253182
10.730282499241884
1.417776677231299
-2.216315668209555
-5.256056855575604
1.805007392853652
-22.363624899438392
0.893014199701084
5.034446150679652
-0.564562773943840
0.121907554141260
-0.216350673228663
-1.110548897659314
-1.114865151498505
-3.388302006703888
1.533114854838631
-1.479053469343431
8.261270664053020
-2.616779048320570
-0.953781283321016
1.757855974579361
-0.639322924739288
-8.177195749923708
-1.868337699030765
12.822563232774586
-2.921196569101058
-20.310381092131163
-0.048545166398754
-0.262414529660201
-2.190014071017761
-1.877408231172268
2.287421998598527
1.436550482821445
4.379154371198296
-1.590374407912590
-3.504500623583184
0.932574036608381
-5.521836503111012
0.569573813554102
-1.319549561385695
4.936002870953268
3.456837159910990
2.837024801797088
-1.103968740696249
4.579373156018039
1.746466376984019
2.871429769504601
-2.565242712974502
1.230629382690237
-0.201384662162115
1.295306797651365
4.765947450971808
-2.206341628675117
0.078119679494375
-1.115929507261336
3.933137733657157
-0.668562566471916
0.266912659816580
-1.199626560185938
6.246293112337994
-8.097752677791142
0.224133613774804
0.452537390474827
0.064936599942631
1.507643989958020
-0.841518390152823
0.344898297410017
-0.035121860058995
-0.093504593204189
-0.647689242431368
0.448635314659803
-0.084870921385235

8.579113211065476
-2.714309358054384
-0.067347913677295
-5.668545942855102
-0.454811990364519
15.995206272652990
1.942881201430401
0.892334712571442
-2.174998874830254
-0.306263626762750
-0.987234381425764
-0.271163516858645
-2.058995109958384
-0.549442527044354
-16.183979282085836
0.443463218745551
-1.182618887983883
2.500046107024624
-0.573468219482015
-0.916856654807301
-0.111094861731349
-0.270303002622990
-1.541850872083933
3.387825968164867
-6.281009010187593
-4.517457061131613
-16.118590721451714
-2.698473205177737
-0.560523095665641
-0.924609656846005
-8.572885494891454
0.552767372023029
22.289934818062829
-4.180423073654001
-19.355158308621064
-5.525862116276085
0.015710489020650
1.716051495938519
1.429792688487617
1.994036152070309
1.564960327539558
14.300919354049890
-0.767924370274859
-1.743729963230344
-0.730977856430133
-0.486357943839272
3.894241388662832
0.085927462828475
7.267664639986998
9.631919309826101
-2.283521157269074
-0.425778291425328
3.328285540908878
1.079795562933493
-6.443713327012405
4.386485767430125
-2.830091875670346
0.058933619012889
-0.163651402231583
-4.407133850687812
1.628064572736144
2.619920800539741
0.577580262453072
7.218689965206294
4.773672669435348
2.261378375066088
-3.395357834428014
3.627457458311804
-3.662940736434933
0.225631042962407
0.488000417150730
0.084645710812907
1.056325367174009
-0.416848286487461
0.619490382183619
-0.018428255780032
-0.005594952938023
-0.560477781189038
0.578673280669136
0.012977677142786

-3.610478952763046
-0.478894635157435
0.412957362731882
4.320910803370766
-0.307967685236535
11.916827994380723
1.200236885760601
4.173697152502319
-4.010755097433196
-4.373789160604407
-2.463950133227800
1.624632413821054
1.244021000179983
-2.536365595616225
-12.485097488483826
0.209988266319354
-0.662793068754628
4.900562805732333
-3.311253084081388
-0.409866549235761
-0.899802354530741
-1.275705264519046
-0.741440173055410
-0.493747799796957
1.174669165031439
-5.416961951643676
-1.649126549617238
-3.100925231263196
0.181121560848057
0.277364914004099
-3.982498901130461
6.040777841006981
-12.264674379409358
-0.773110680678484
13.567463535511706
-2.618773106539723
-0.015407909803015
-0.863916809186908
-1.407445411252550
1.929627276966645
3.908222298547199
-5.722776820563240
3.001560370586302
2.220543247854293
-1.421385085214135
6.745360993092914
-1.667509665873116
-5.048191900277280
1.900137184718914
5.477866253536371
-1.689432336459868
-8.925816293675077
-0.513085121915961
3.253477603066891
0.074922154811450
1.689685537739020
0.832603672643004
-0.427442395944801
0.325516971461081
1.561816533559784
0.295642264004472
-0.388255133560055
-4.870655269576692
3.762212349754446
1.229394287198458
5.284346898780543
1.202896669262044
-1.707131266560158
5.053956819026222
0.301529608287791
0.379452639571406
0.744992047544267
-0.381869899668022
0.169695803061975
0.637112846797531
-0.006607579983908
-0.017032436465964
-1.201287062579453
1.151469078360425
-0.236046695966410

-0.088512765274493
-0.380317265901762
0.145422580559234
0.090611086377261
-0.027186626396713
17.870393257701107
-0.082595610390065
1.734297457064289
-2.181059834922022
-2.230752025718557
-3.015487094916781
3.379527086907975
0.529720438359183
-4.566718547885573
-17.140234038359342
-2.313017353584824
-1.692534678268136
5.866132690660749
-0.843292383659907
1.534111328115580
0.653628171109022
-0.191685601458349
-0.581752700091012
-0.801564645564416
8.846039151819818
-15.635948665685222
-1.905238177808916
0.491544432533672
0.406016508798879
0.061311784819145
-2.263388203737374
3.284396608846120
12.583255406037503
4.523039073375885
-5.370356662786722
-0.342190639195870
-0.151221542639976
1.041701153341401
-0.671699777451460
0.130348736489043
0.399994871192533
0.842394375887784
-1.261624027025396
3.483226381054678
-2.404734425728457
4.173973443233320
-6.339258212410387
-1.852145187075603
0.320530828894661
-1.092122674733594
2.395176820768838
-3.938785424246219
-0.720681967696055
-0.297765227719940
-0.479284429901549
7.443291259865271
0.223879408072471
-0.120122122428375
-0.040140935586517
0.834873074273094
-7.383939335403180
0.702601216404859
-0.604928813900833
-0.281509120624478
-0.362323649881405
0.669615526574278
1.842490541843357
1.316723302787204
0.502595233317366
0.214229329797626
0.262406059660522
0.278667657876122
-0.104940703319343
0.580163646783070
0.329309149695381
-0.011417350889183
-0.040452966771296
-0.464462147061104
0.402614876004329
-0.112860392159649

-8.392082223269778
-9.571661109452288
-8.404664410213250
9.415601461900240
4.904472327486378
-15.042279239420242
1.589331911969004
3.098156122462137
0.005439049041668
-3.413073478011358
-5.782474909692454
-12.839259901610712
-3.739043684820117
1.270873957921694
9.580384386109788
-1.218593258997998
-1.957808309503031
-0.343048035365482
-3.291507377009841
-3.500891486676208
-5.567421739507212
0.480685085359330
-6.148508013970297
-3.690397709971013
-2.837250901619948
8.774414060753834
7.248922100516579
2.752814796774688
-3.323340957219660
-0.241550770726682
-4.807155550110053
-1.030717327465148
0.622892659099553
3.360809993096759
-4.094036792881005
1.214683060226981
-1.946870503376252
-1.158995988514737
1.001811910034930
-2.513579286154080
0.613277986723874
-4.411200592041507
1.850708882358809
0.302554905477716
-2.464982069670857
-9.323247272065943
8.236825491394567
-0.247788350359305
4.354429417718210
-1.310153946571679
-0.802122350256666
1.574666321433697
4.539201883102821
0.932787891220653
9.166668739553131
-24.729380109543605
3.302373146418049
-1.167925714261004
1.883725899827230
3.496285288104229
15.081703109139751
-4.400088784833139
-1.844794334054367
3.550231506264132
-1.686009318477960
1.582857476729404
-3.104718708265937
-1.623814068375834
5.112168555497272
-1.158381193232891
14.191063188565474
8.584747150935680
7.089031823127459
14.133134944278188
2.606934799008174
1.983740577213544
1.198853875850542
0.655060339197129
0.360606636893100
1.425887032919973

0.002400539051442
-0.001616283339761
0.006567193110185
0.018928812409917
0.014884518072964
-0.096604915873257
0.032238676426284
-0.009833713456720
0.070090439681372
-0.014893705464912
0.086209809339257
-0.023841352877302
-0.026319841476608
0.023239062598842
0.063088968137365
-0.003438345444143
0.104916274116075
-0.061734481141923
0.052110444278999
-0.007230042583514
0.009071152781241
0.078664729314321
-0.022428323473135
0.070193011745731
-0.237365738250117
0.160052527162512
-0.204574993708456
-0.064669359645903
0.010513303032078
0.005438748832955
-0.094932957326555
0.108838354270296
0.016231432013073
0.133339307186483
0.032830672299527
-0.052438658142479
0.239203716704654
0.791518502324452
-0.637103134824145
-1.164715448825736
-0.779705473413660
0.065510927551873
0.044916449491925
0.604370062527453
0.065037514800679
0.264362387126631
-0.329627898907855
-0.045639493113319
-0.026004921566711
0.231750372879944
-0.082224578918261
0.418096812538587
0.744205335343426
-0.238341963696563
1.594392362157968
-1.540961750611831
1.560246531916084
-1.572742412738631
0.370420751005348
0.395511780309625
-0.623808090144810
-0.189911277442333
0.027543592213499
-0.282911060098813
0.035219338596325
0.037866894175994
-0.934083168694977
0.348713308998244
0.690455988628322
-0.094981697033184
-0.049872254227405
-0.059146573863599
-0.061964256860587
-0.084718010472987
0.029042256929141
-0.005476847577380
-0.006670544251561
-0.007069327873857
-0.007121701640865
0.088491736847285


0.052155  0.160352
0.036930  0.159134
0.051654  0.112611
0.053786  0.167839
0.063856  0.132681
0.059358  0.436349
0.073334  0.602090
0.059492  0.622893
0.078283  0.636273
0.053095  0.618325
0.053095  0.719572
0.025584  0.660522
0.039044  0.596367
0.037670  0.664762
0.059471  0.433735
0.032781  0.240552
0.076328  0.331588
0.078214  0.685844
0.086193  0.525414
0.036625  0.263824
0.034564  0.219443
0.063162  0.293520
0.053544  0.334953
0.098639  0.385404
0.170706  0.334638
0.159811  0.336927
0.199169  0.382538
0.191449  0.303043
0.220686  0.228460
0.346571  0.242775
0.250003  0.326893
0.213629  0.377001
0.146044  0.331075
0.102352  0.351480
0.142416  0.330596
0.404049  0.355515
0.120663  0.859734
0.244781  0.591536
0.293833  0.662266
0.259779  0.497209
0.193818  0.498489
0.186477  0.389928
0.091026  0.429628
0.169372  0.491206
0.194958  0.440787
0.156095  0.353269
0.140964  0.371038
0.231358  0.412649
0.252344  0.308285
0.205493  0.340283
0.133250  0.402760
0.232398  0.535230
0.294975  0.368918
0.160298  0.552267
0.303766  0.580106
0.283217  0.585193
0.330984  0.661109
0.320782  0.714343
0.187966  0.679428
0.260489  0.576720
0.281053  0.590359
0.323379  0.610679
0.371075  0.469476
0.102491  0.316950
0.369613  0.332689
0.397149  0.437959
0.297766  0.390290
0.265428  0.460372
0.261164  0.472534
0.000000  0.000000
0.000000  0.171947
0.000000  0.343894
0.000000  0.515841
0.000000  0.687788
0.000000  0.859734
0.080810  0.000000
0.161619  0.000000
0.242429  0.000000
0.323239  0.000000
0.404049  0.000000

0.315471542953889
0.399490284736318
0.158890238232268

0.549283304703379
0.321483182612017
0.288061093520527

0.850667048259582
0.034437439194329
0.181057991226446

1.239157135089174
0.076919564674251
0.053914431359096

1.647133805683446
-0.254138324170632
-0.006058310794724

1.989525782168751
-0.204803788328550
-0.109692220054067

2.375867516214364
-0.456368577214696
-0.107082217418077

2.735966631254783
-0.257765709406040
-0.085455662820768

-1.204395362864468
2.530814761927341
1.078369662346818

-0.027004841341150
0.169834454037376
0.090757954268016


