0.300000

0.600000

0.000000
0.000000

0.362347
0.956749

805.378142
0.516481

45
10

3.170535088968076
4.130450490711107
-58.040059421851268
-6.076010738616454
55.793801380714513
-3.226624044146696
5.133817185943141
-1.266578932083649
-0.394685208853662
0.558276824403503
3.664315427074046
-3.323027112267901
0.664936942018622
-0.261643008178022
0.177134051833883
-2.142386017303480
1.205122079162433
17.523831862847643
-18.903959329297109
-1.036029238622717
1.898473564507061
1.532078151144350
-2.071485439206785
-0.961898148715309
1.303323853276978
-1.355241089720502
1.058733590518764
-0.521825422851686
0.587448768198117
0.198798131582635
0.032248009450948
1.486187301160064
-0.251724143203429
-0.993727605363019
-0.063777015525488
0.743525999491264
0.302493625941717
-0.064270986469941
0.094029495886709
-0.268150034978460
-1.069576487688222
1.269887728045110
-0.530870063688188
-0.013607222275690
0.307707157710476

-2.383437683586960
0.728291711687709
58.252193896991145
0.738301742189856
-55.400095023441466
-4.254352227870559
-0.596060629160496
-0.728352757970543
1.721512314658110
-0.287821962878582
-0.575103294619151
2.172733341761083
1.259414918495443
2.011550786818854
-1.739308722240592
-0.382128141209768
1.808162594608320
29.921240797994589
-30.851061603366947
-1.278072881260528
2.857177712455694
-0.927046078041574
-1.231656403978013
-0.509941331452035
0.112082001505308
-1.847124669043839
1.510298345518787
-0.064673707796248
0.182354261803779
0.169896722334092
-0.380062156429561
0.781204260470475
0.469860564515745
-0.415307248930633
-0.152421650114250
-0.710967644792574
0.044296796369316
0.197587218082214
-0.216460113856375
-0.114728108857336
0.664739802022797
-0.761583113416066
-0.019262208591033
0.005508817789015
0.218620754854355

0.496763824576193
-16.075200079988072
-38.281440911237404
15.964916852271200
38.140554189471956
2.810587755862436
1.823046251536222
-2.525207030092143
2.514022717317793
2.366745363833754
0.008219502349046
-4.519850948146559
-4.023179099302624
1.381560614684364
-2.153846170637798
-0.356927312870037
3.041529554072066
-4.235313988255101
3.644590392866306
0.105635743044066
0.365245184619492
1.198722399467774
-0.706330092937951
-0.184478222397795
-0.818095778406848
-1.084296569630650
0.615418247803472
-0.025948320927084
0.032613302488634
-0.091262925179538
-0.586737419855197
0.411289260220330
0.079203684788284
0.096730072417104
0.067044429906744
0.214920126291156
0.150718694493829
0.303161499293951
-0.081746000451375
-0.012541566946934
-0.465461372114448
1.077800337919123
-0.439097973269622
-0.062863767169931
-0.181214453174287

-0.711313473425932
-5.815043672719495
-35.898251125359401
5.676428396245864
37.115840547512342
-2.440314765958903
-1.129415631849356
-0.086815018390176
0.309757516434161
1.486864785710836
7.262318228073026
-7.860131746270609
2.329246091370941
-1.180895254178725
2.648475804057146
-2.359838105701686
-2.544850219565185
-21.533002243380977
23.292075221154839
0.108286805059633
-0.526323680926046
-2.032252704091439
0.160565907151641
0.489124690709108
1.579190317626516
-0.158258035088094
0.622612786486961
1.311185014170128
-0.394051925459537
-0.403648424312637
0.489031166009897
-2.063835619065304
0.333197460570699
0.674237701021195
-0.005320551673961
0.973731314395662
0.319384508894980
-0.076579613633284
0.265425219346654
-0.166295327576008
-0.568210288835502
-0.033862225638950
0.523702608116301
-0.028008993843004
0.045836547759259

0.515342964870298
-4.069492039453990
24.092519769800237
1.165467135713775
-22.228420654315531
2.449269356607210
-2.729968445155849
1.579319752590318
0.621968399427711
1.610579296124210
1.390161843218141
-1.633079316772118
-2.346184820018966
-0.806005117321852
1.978151566340892
-0.307532422270937
-3.239223415489527
-96.508615387365083
96.975995285222680
0.613845198139026
-1.104241159934468
0.638426507319982
-0.231806778543597
0.723249877586138
0.834663151530170
1.192326149117908
-0.823607877835596
0.395805951175178
-0.032010446825435
-0.071205821882743
0.132881692221869
0.333949282095564
-0.524842406637941
-0.807827895812972
0.099792761349533
0.847405464254214
-0.281180863048297
-0.491728488906950
0.362103053596639
0.011737483501493
-0.569128909816103
-0.063111067542463
0.286025890951691
0.000000000000000
0.018230007479399

0.739678698184703
-3.046256193939539
31.927786587787317
7.598369251843734
-30.419771569463588
3.671511204289464
-2.165261974928069
-2.357077367193004
1.086592174008648
-1.296210242509222
-5.693705493464294
0.663864212194367
-3.596139242372801
3.812322790730163
-0.904772959124045
1.036120276569410
1.784688451383395
-16.016085049270067
13.894916646277375
-1.915611168471321
1.670336559017573
2.236060308085056
0.379186318607123
0.535228014200548
-2.023923962800297
0.423541163586319
-1.128151022500050
0.770119113565332
-0.142599038121748
-0.019645274710806
-0.274901133024410
-0.168568671428708
0.000000000000000
-0.536036845990451
-0.096662504379910
-0.045090657695608
-0.295016513886582
-0.266161781381123
0.138437197373834
-0.036709070371393
-0.239796600315046
-0.069923759825390
0.177200583894558
-0.057784839984063
0.265899882636555

1.734901665235013
-9.585094052397274
-25.297769443054403
10.100711842260727
24.682117800958441
3.383290658800021
-0.076693232317587
-2.096680434372562
3.951394545991986
-0.750162523529380
-2.908154317818374
-0.901207652695815
-2.838795019834622
-0.170686231140944
0.965924609383027
-0.727665429339604
0.068840881221998
23.401538029106650
-22.740863715979135
-0.754348048238941
2.620340864525955
-1.117106453729094
1.540252346176875
0.231210660000497
1.420505118481298
-2.261289848172547
-0.784021215977625
-0.565888088217862
0.709879931434456
-0.016266007010991
0.232630885533696
0.027952206133707
-1.262038449028559
-0.146440824839145
0.084256073253003
0.125852863383314
-0.014999495626934
-0.422779052072298
0.487615811495024
-0.225519766942507
-0.567412948248776
0.657475861043628
-0.185588628666430
-0.023980653023557
0.014758896075718

3.528605654596869
-5.623342004810649
-33.800562654714781
4.128069122519230
30.762294418692274
-0.117165744230372
2.186792120404057
-1.329802400247854
-0.319279076062136
2.849907103960369
-3.376085252636659
0.140993889647968
0.071500135123282
0.497241567279701
1.266811077225623
-0.738770680953548
-2.235227098369165
-18.154043772925871
19.478873049506454
-0.335714137695775
0.810908395003571
1.070592463328257
0.229152431853471
-0.157196973496861
-0.584143083044858
-0.148489246203308
-0.182504827540050
-0.700831099879782
0.711617478902800
-0.034973226122917
0.002156866213156
0.158680921474383
-0.809523213260700
0.151666348148278
-0.046007407360192
0.677775950560949
0.065960393864003
-0.163572160125291
0.369736335958437
-0.219992915349905
-0.671759043411457
0.630376355153812
-0.071544296368764
-0.000000000000000
0.030816685573502

3.251959324403319
2.825406612556061
27.693957087477312
-7.212842374332556
-32.223850699827167
3.169338414520361
1.938908601982442
-3.462067890639523
0.252621028651208
-2.812388225929055
6.005249477025504
-11.764157938007392
1.022217535094226
7.110042081596034
-2.961909616336898
-7.002607364671558
-3.299175354407685
-19.670168649040548
19.269725041491970
0.346982546341638
-2.336772147183405
0.286475470763460
0.214533698979988
-1.296937497754512
1.035936677316570
2.154763482043428
-4.256181410569471
0.509271740474658
-5.097041338216614
-2.396509020924438
-0.146654618266987
-0.008133661524526
1.785717418382565
1.997377567834852
-0.788958322799074
9.312729209872074
3.371064692692540
1.653958374572173
2.900200019074173
2.432683353729710
1.864441153309934
1.214809330105255
0.820673448408264
0.542047827631841
1.753264926580240

-0.000345059994946
0.031431653441218
0.034671884697191
-0.036945897339222
-0.038249580791692
-0.011011978676717
0.002743639684349
0.000730265562901
0.007805158277154
-0.006090867342185
0.010008114709020
0.002628142538111
0.012322794919913
0.008641832564390
-0.004724775531976
-0.017613684211804
0.027634344261399
0.713713529476002
-0.727292649144209
-0.026578261147859
0.047107459619721
0.005136614338412
-0.096431718275673
-0.011179842060559
0.021831271223531
-0.026799729994023
0.057792251234911
-0.016653785009975
0.021919181355395
-0.000599039061837
-0.030906367135483
0.042519102325453
0.000856120568427
-0.005468015817618
-0.004923009847715
0.003422263564791
-0.002035553290793
0.006246710608769
-0.002288071789510
0.001554582540579
-0.000375963830493
-0.000726869392627
-0.000663445058268
-0.000033004171354
0.007220251394105


0.081594  0.119939
0.049425  0.149727
0.102036  0.143861
0.050486  0.139168
0.100925  0.144253
0.084520  0.159481
0.121526  0.162572
0.148341  0.208784
0.082108  0.192035
0.054359  0.163108
0.058651  0.121027
0.052533  0.114497
0.097325  0.166929
0.178737  0.200686
0.199112  0.159970
0.066247  0.230999
0.230401  0.187514
0.227672  0.233044
0.227979  0.231326
0.362347  0.316879
0.306951  0.363544
0.194195  0.379342
0.168242  0.407399
0.187064  0.526761
0.193897  0.337447
0.252669  0.329872
0.096717  0.411945
0.178198  0.775207
0.099530  0.739261
0.122202  0.956749
0.174304  0.649506
0.270435  0.646476
0.266449  0.459526
0.355680  0.662541
0.000000  0.000000
0.000000  0.191350
0.000000  0.382700
0.000000  0.574049
0.000000  0.765399
0.000000  0.956749
0.072469  0.000000
0.144939  0.000000
0.217408  0.000000
0.289877  0.000000
0.362347  0.000000

0.314000516257304
0.259533331126615
0.065132946872564

0.556001548346499
0.281035041763426
0.023741974240571

1.022217368416482
-0.071853138318055
-0.059207933796724

1.248873994864224
-0.104254185177359
0.140721339926971

1.558645768077761
-0.097236510947123
0.149133210890236

1.934612280019175
0.116863029031117
0.131258348263058

2.361468802163469
-0.015891076273801
0.126432285362991

2.690330523002126
-0.034345061364713
0.138158704598501

-1.106535735753867
2.666405962929118
1.085620923138719

-0.001896668030553
0.007365368334137
0.001651823772013


