0.065000

0.600000

0.000000
0.000000

0.510181
0.950781

820.072329
0.534479

100
10

0.912551489621299
-0.045914366694685
-2.635505206851037
3.069984385759261
-0.416407649352076
1.636612287331873
-6.060524559232008
1.541519398482196
6.423313343612743
-7.696190693798028
-0.220901849934216
4.919333869809129
-2.517128459732173
-5.239704148156744
1.867915071854524
1.230635832788693
2.623711487249359
-2.126998149125363
-2.275819394234009
-0.915795228304226
0.242024361675997
-0.805559205771605
1.163572350696406
-2.614131127161753
2.234706957848915
1.144492732232008
-2.571149854015891
3.025852607608263
-11.908945953916582
-0.514888661377060
-2.715828439999529
2.713521978488721
-2.216732182871689
0.789822622300824
-4.106512936096642
-1.908027481484977
-0.793286200906308
-8.381110929183253
-1.463939265271501
-0.561170023946958
0.761677785256604
-8.608672810488043
-5.846496190008687
0.550430789635433
-0.837618628991942
-5.435521396388628
-2.762449422800885
3.234419659156790
-0.310985913408262
-7.755064382814196
-8.941400341955450
-1.495630965386895
-1.238577862089477
0.878085121152444
-29.018681163724796
-1.022078813636347
9.313913712644636
-0.364365043925200
0.408829849691321
14.873478855354863
1.948456838640680
-2.458519314889518
23.879846599575078
-0.000787233383506
-0.006453874610092
0.762087995559536
5.187412677304868
-2.660216806833144
6.574176105700561
0.238422361636025
1.294169707113868
2.180404785029584
-0.920475206928041
2.449558078955790
-0.853373748530434
5.958246372168921
-4.090704198258813
0.497500003315911
7.715320388447318
2.579405097452884
-1.477512564124181
1.555802953212877
1.100044912415247
4.512586367884359
7.214483201344457
2.582451023440823
3.904646159396213
3.185056096184193
8.301568634740105
0.288874185565531
-0.274836019783722
-1.204887814160396
-0.924046385856906
0.411000725407728
-0.370644285097993
-1.561322319976233
0.738888716700593
0.475987108411693
-0.786887039694159
0.843578061733447

-2.133520773861971
0.476692036388602
5.671349698031788
7.118157666685913
-0.206418054820298
-0.365417787905036
-5.931827556262953
4.112347527342068
6.974038914880429
-7.297620339304979
-0.007060437076190
-0.784758491125633
0.356893732113259
0.901874626744957
0.196206426599878
0.912162941933276
0.367823143289410
1.551810505792219
-2.568427708645822
-0.579973272148310
-0.569148509921490
-2.484918389369077
1.352129448492689
-0.091508130929782
-7.181073363800126
-1.112531286879377
-1.192259619464380
1.773892477128423
-18.915438865814558
0.604159778172932
-2.773632971917040
-2.117705143064489
-0.351544713816218
-0.759483808743357
-1.183602227595662
-2.118165893343274
1.344719576908655
-5.525036676010167
-2.733165276819189
-6.547208965210855
-0.859707949119114
-13.665673169085931
-4.901188310949031
-1.162985478687372
-1.337921116131779
-1.009722389494298
4.405125825404495
-1.538357548265612
3.251049005932846
-6.180724421034323
-3.782556962216368
0.159857526384931
-1.366869169660720
1.654358895088502
-12.415549732694094
3.107934210839509
1.377781052341673
0.851811265300655
2.429897437124479
19.505215860665452
1.867916583965404
0.390214531563955
9.586617111287046
0.203970226651772
0.240162322068721
0.823880881259745
1.821493889534642
-0.814513944183411
2.966712605711424
0.251126439430457
1.372214179828081
-0.265564076721389
1.418287028047797
-7.021469022317733
-0.578030035671510
5.427959780583971
-0.424976764332549
1.725380277590358
4.855902511982698
-3.418542890682442
-0.357589870390937
0.999998812553023
1.771369236999013
11.403199705174261
5.724939471712502
2.652885130631424
1.994272020498000
1.500464613412339
9.015031365198066
-0.400825623684117
1.068107106228580
-1.186691874032075
-1.416574286019077
0.093790353864848
-0.618451698175358
-0.163732892209188
0.152150885191377
0.496212686713462
-0.095563913169411
0.233682001844954

-0.410883779199233
0.590931905164304
2.422086058979017
1.755328857331169
3.732647646841823
-0.907242568800880
-0.680510587927009
3.191097993258942
2.804155355772498
-2.110373046612806
-2.258049418277480
-1.708269185976907
-1.351113178538938
1.183601911926319
0.322814645973609
0.393969855986991
2.821442511847257
2.200034053295544
-2.724293962243782
0.042620541649353
-0.658601232010355
-0.089148954462248
-0.186513305288973
-3.780015005614539
-7.871106460923977
-2.585030941909366
-0.310520445995783
-0.678281783913021
-4.576046445830727
0.114020163089139
1.858075369484664
0.577263441830109
-2.075621361057634
2.880677458781253
-1.440377718845054
-0.332348806816190
4.479902349059143
-7.140934903539694
-0.755856238667116
1.296415068723823
0.397804720319252
-11.669074405407805
-5.112082066404009
-1.690234579921563
-5.443717024107200
1.385897185457820
1.259097551641900
-3.402465803550067
0.871803298606573
-3.388040663054779
-1.368747960188909
-2.625849816453880
4.134435362848694
-1.344493331996929
-3.501432438328757
1.336581902089656
1.701887484950654
1.653158152729167
0.309072778646351
6.907985424251973
-2.180567276714626
3.018253589424311
2.327920069626959
0.749768231728465
0.080418211234891
-0.333419627808694
2.840756405700154
-0.969326314177948
4.113654925991362
0.921494442120637
1.412079484850634
-0.687038293684850
1.192093428656727
1.864983972346082
-0.155127611706569
9.155462658579477
-1.464009944636068
6.827794374311939
3.155904401550055
-5.939538121117757
-1.369266538113205
1.178651400270221
0.627160841317824
-2.109836056471365
0.248921155535122
3.924808567392230
3.652781498994436
-0.325533045186759
-0.479846723502469
-0.173364898723226
-0.081199765922143
0.856180020532896
-0.038175743893309
-0.515198052670884
-0.176666546597987
-0.065552362448146
0.559190044711059
-0.226777768657818
0.376489357644997
-0.241854036177521

-1.941213369186854
-0.370314796637212
-5.245836086835027
2.729346059196653
4.731409471616509
0.140484697504187
-3.991835842346096
1.178058164787636
14.997568990803035
-14.181331611580964
0.259254785944573
-1.566692800690755
-1.524671228144001
1.701156794232261
-2.170372633386383
1.012989469248352
1.964103959257324
4.393713038333639
-0.761716547718290
-0.397825962798126
-0.772568705471863
-2.811447999197324
1.236608542122514
-0.709991804242824
-0.870384595334163
-1.121745810073861
1.448243520283628
2.329275204342478
-14.450304162554845
1.919889196336932
1.479822148225477
-0.273864986272047
0.909773005480056
-1.003970276601752
1.527079586627122
-1.221084638886811
4.718952807737457
-1.422503351611331
-3.008351589840616
-4.323728434480955
-0.884495655260599
1.208112602363483
-8.926092231895618
-1.863315588668895
-2.464080303209572
-1.348601894023113
2.253704780295913
-3.378685230466750
5.780268902813882
0.285097631607707
-0.666590263437224
1.310449519458464
-1.763613082655532
-0.552853861464115
12.312972009719232
0.308496283323261
-6.332660152347414
-0.017667893885205
-1.257818985259049
14.475757570283811
-2.631047866955619
3.823547510120148
-6.937859976424813
-0.203763509285916
0.445184742574913
-0.602805950446038
0.901251653850706
-1.468994252695491
2.090935158480142
2.224791508908978
2.844945211358172
-3.807601159981531
2.314682909700466
2.549096199350174
-0.569485921036460
-5.073844016882172
0.183366374028943
6.484038513911302
1.669027255487695
-3.889715687710168
0.821986634063861
1.675959341758525
1.321528917565710
1.703701824339130
0.220158869974348
0.399395109176084
-1.251330099494639
-0.329805112313105
2.092859658340877
-0.082970782875573
-0.827599099821495
0.289828893811614
0.558517753740174
-0.400807643472900
-0.124839897332606
-0.375349371159854
0.588896513944912
0.449176021463884
0.179713443661603
-0.269126364999308

-3.009291575945372
3.380677084237237
-1.587254445517676
0.206325866877603
-5.129854931831110
-4.025547877540645
-0.488416071458639
4.669925888445298
3.035835007377842
-3.605994345831474
2.159085570571135
11.985790557671427
-0.937096347009182
-13.222331734282415
3.523487923667228
-3.128323312601965
2.519435852803516
4.467735973553280
-2.428272335083725
0.484100425005355
-0.881446846005792
-4.557590137287503
-6.630239488898207
1.005728599149872
5.507794096528812
-0.226976718962313
2.126188618078560
-0.041214277606891
-16.288077460769944
1.539464159420899
-0.420950062845206
-0.217406298601395
-1.187115150013246
7.348673014002348
1.252978511021951
-0.796615441647296
5.075374196849146
-1.846810935059768
1.435564001640736
0.650928474062497
-0.741844641010368
1.339387006228000
-2.086338755564352
0.437715880921551
2.722564368140712
-2.964705002642448
-0.817785539976820
-0.580752308829535
3.628962056433005
-6.567168215756585
3.469830772279099
2.101543144188922
-1.663152549686163
1.427970643499238
-3.757654097581163
6.519785696016282
-7.380702529725925
0.044286232505848
-1.127614042958810
15.334995454692194
-1.220255858909049
1.745687269853903
8.531062823821454
0.043165890272183
0.195992342418345
0.295979863914627
-4.298108007254112
1.217566152119356
2.822028528892847
-0.641590801295510
0.430188880477783
-1.373458500187867
0.713014262690740
1.488130223052650
-0.192027036860364
-4.361056391136210
2.231154046801418
-1.649691780610508
0.846303981094757
2.355569614828707
1.003826977004344
-1.867278324698653
-0.687008210479329
-0.435279587538636
-3.523252098715920
-1.060263362109856
0.628485675419733
1.551721118573813
-4.992172345741149
-0.235950955262987
-0.003810286104895
0.094425755786434
-0.723399280855868
-0.245970490816792
-0.131303181088278
0.037071886096025
0.766430820104791
-0.773976527300640
0.953803082502405
-0.593347733698072

-2.597972659575305
4.366809024417420
0.825940738123040
-0.306742180501557
-8.149969742383606
-11.573045944808008
8.518188339739540
6.522016471839152
6.060279098055542
-5.655984295068389
1.334371432930975
-8.790797857668677
1.966494672648186
8.974591706695657
5.043359137510015
-1.377697217706235
-0.654217301534115
3.035451717442057
-6.010221619635725
-0.074253643455375
-0.096968211783612
0.121805710759460
-0.209583648909689
0.940070967599675
1.969495761598108
-2.209933451168700
3.632517851872822
-4.571446186819943
2.001172929578798
0.648924358516663
5.090015256294335
0.340359396067373
2.139771860076302
-3.380626637995885
3.875225087175375
5.033751156393859
-3.195942127485982
10.627043419036601
1.062749622223285
-2.091412979736087
-2.317460476730800
8.186857494835662
4.862179731871460
2.305838254141347
-1.162324260420818
-1.772066966968433
-4.178939697228157
-6.799433067469835
1.396465027932598
-2.732907492267917
8.212371229434950
2.382961264651060
-0.244326911487478
3.235901070745300
30.771567182957842
3.893056524484722
-35.121524920686191
2.658997106751734
-0.017793863951859
-5.019770424966419
-0.437172270633529
3.298170585273892
-3.847092497019347
-0.121387824640636
0.182440785053601
1.063023400789063
0.054912527559569
2.802446443265164
2.435953128730569
-2.736850975441878
0.449456398603756
0.660013847510204
1.202532188748834
9.258971781471091
-1.709118016362449
-11.527126424067214
5.679335265612229
-1.541697153013082
1.744567754578334
2.094933108175630
-0.240869096676796
-0.192459143779004
1.446328766818144
-11.869989871485716
-5.519392679348966
-9.462171725794946
-6.230954424711328
-0.616439353767839
-5.909413249284679
0.111584156259379
-0.732615742440907
0.556192743771396
-1.258011832148025
0.169536565458341
-0.305456593487756
-0.497681750886344
0.065841882584691
-0.102553629125341
0.077973183804142
-0.218997057949370

-0.714699133792861
4.532199718621813
9.617642171443688
-3.448367673663304
-16.876985951737943
-6.946750122808515
12.411667352836393
2.554977603101889
0.445135494763115
-3.572711923801968
3.519288881084499
8.556923454723130
2.588000066247567
-7.729893944995380
-1.178713773861928
-1.948742823516248
-2.875857075473316
0.904474272897561
2.616560042410092
0.704251863686674
0.045597682592490
-2.525812777329265
-5.035804252058848
3.848471703577897
5.789819535153352
0.713633186151046
-1.320066807972820
-12.420347887151671
13.604236146601897
2.828852958199030
6.976993612241120
0.147176858807818
0.918026275462334
-0.615908527156458
2.026217887699833
1.253677420964784
2.826808476717821
3.396988651603935
-0.681560477778186
0.870568370040430
-0.634107830139316
1.574568782976844
1.958648976964818
-1.039981235612320
-1.841603363113285
6.150490671250757
-2.723489430024090
-7.021577200027221
-0.812076150318971
-5.149201314499424
5.405711204155163
6.497995194390722
-9.687250340619796
3.818790137413820
31.497704883851085
6.815232123643499
-31.098342776723843
1.228156507725174
-0.695646927746623
-13.907190928738803
-3.917134325568198
3.847166938898986
-6.597156957797319
0.437251182881153
-0.289505475456473
0.167271698484620
0.800451881539869
1.441646542718091
-3.105973594146891
-1.656310745856763
1.165592135055708
-0.027404495115675
-0.224729486159200
6.875868213954832
-0.161682697289303
-0.064955642051617
-1.840861363171480
-1.533814132114650
2.559213045463724
5.038025963433363
-0.809422895717307
0.569784383901194
1.439131440771273
-10.630555427248668
0.868139144927496
-4.157828231350333
-1.567628170086059
3.216641246073799
-7.848992969972509
0.560367024769675
-0.842734733013196
1.214707197817885
0.179523822762533
0.111436088369393
-0.203217159024931
-0.374307548205066
-0.449516752341014
-0.735615632078855
0.663995455603722
-0.259662463911585

-0.007428987281467
7.350152635694886
1.713270135137211
-7.072980810704212
-9.414900484133687
-1.208893456400648
2.933306072046522
3.840414337259561
-7.067611113029372
4.260374579918595
-0.340261228809388
0.395437979194364
1.412178946207783
0.707559168072489
-1.975014078911700
-0.210466373454818
-1.416906193949203
0.701860075106114
1.629197678984002
0.183190364264119
-0.178832379072093
-2.422859395788264
-2.434341924172118
0.263228449698279
4.595531260876710
-0.901264155208466
-0.133487607887816
2.278005792357071
16.470841893975834
0.907686684932524
-3.215169256364530
1.274592864971973
-1.340645691429329
3.061228803692478
1.401087226333975
0.754583355124399
-2.500558130647763
2.593161033694826
0.850353586821665
-0.841827222341730
0.852311501455252
-9.407999690739203
-2.756341899415203
1.748400844947888
-1.261700003356895
6.203020670414096
1.936553310446074
-6.203370997474326
0.136214519860395
2.662969593531055
0.724465421625131
1.549021015519807
-3.102957588487775
1.570610951269321
1.860846883198046
-0.305171248839701
-6.496359785631707
0.391624714604944
1.968898847985199
-17.311916758715221
-2.541955541005001
1.655843723586975
2.546051673627483
-0.190586776179582
0.141093686731168
0.204804239226018
1.531567509585601
0.720766651144825
-3.227384618232452
-0.733752208783163
-0.959693128989095
-0.698749689031731
-0.536044765626839
3.654296562567212
-0.914654736995006
8.274845234093391
-4.119101711090746
2.710885348668706
2.223347072279702
0.937897539334090
-0.426576383939414
-0.604891129597010
0.149929942144210
-3.398517008411151
0.436694324363994
-0.020806287077371
0.707412138856030
1.827031376937621
-1.678256671019710
0.264325720438999
0.408491135105547
0.500051976762588
0.219055986046437
0.154533870534590
-0.145839888746263
-0.337537291714279
-0.200908061907712
-0.359004032477549
0.261937162028325
-0.089517687620989

-8.598385445665047
2.953767143693117
-7.897094822835849
-4.612847578382577
3.963825867901771
2.075306571961654
3.068496321346339
-3.118261795491450
-0.386683003119529
-7.681449084242762
-0.815048199363634
-1.046830674373221
0.265047140838700
2.487282350389395
-3.276119074360178
1.821462484142092
-14.173492876561761
0.329095296172837
0.269976011274828
-10.213712742596584
-0.956631009360650
0.521376160578608
2.423517536922387
1.063776668719566
6.884023247221571
-5.181938928280666
2.226983760097022
-5.240771516410116
-7.710830399396716
1.048883499526576
-1.440857366401688
3.318676954354273
3.619092072644448
-4.950808579790810
-0.258727818244319
-2.385707311637252
-3.206525187207104
-1.806729682665416
1.756540718741518
-4.243824469585829
-0.699326158236156
16.083701848682136
-11.347376316173024
4.832641435691644
0.231058518128275
-0.098356202060949
-10.216851795947818
-1.358020292432017
0.122795168223171
-0.200161697713277
-0.023110162186469
2.483236547014424
-3.944982561504579
0.797266073918410
10.608877136864727
-0.130755351410161
-4.317089332147658
-3.663065828447693
-5.113910436289988
8.272546475757242
-5.348894387582732
-1.452922470245136
-4.613520777745189
-1.643644365046459
-1.172666197630206
-14.034139569757405
-1.151963894226227
2.013624183754381
2.396551348411158
-2.471937845843864
-1.156697903079605
0.924106407686689
0.042810000606369
0.222028335898031
-0.233159276050643
-9.975211994314348
5.526303085884959
5.892744201679202
-1.985012081495649
-2.367280771530063
-0.170461618293778
-1.915877140907671
0.590827969790435
12.932453527153433
-0.562770869292111
-1.257414663310773
1.039874483400170
0.243065814323495
9.089596315291939
1.369462288868655
9.386149184511853
7.463487640982457
4.447704192389434
11.956322098989336
2.355714865252879
7.011174838933143
9.852631993027154
4.144210271717790
6.190992731987924
3.208770751306165

0.032313221997496
-0.074804030342114
0.113806289733910
0.121676328077536
0.162618377376952
0.146328819217872
-0.323638182388804
0.182379559886426
0.012297447839603
0.034964263216599
-0.010602126194927
-0.120100774356479
-0.159189058459245
0.247047890711973
-0.389724253313113
0.081068112298844
0.174784962546412
2.264999775760735
-0.168864690922136
-0.173511659496836
0.053694024136419
-0.630566012082353
-0.808258926425257
-0.266966582925111
-0.137775795129603
-0.044581839087378
-0.004750190315941
-0.113579496960642
-0.414933347217921
-0.012320361798130
0.038671530580314
0.183825378554967
-0.261045582731624
0.782329212572174
2.507021187824420
4.160222871171785
0.603541818239993
11.542273074347865
1.408225201416822
3.621683341079870
0.101299986841257
-8.579825108907828
15.297272555761273
-2.268228280102154
0.028641280845302
-0.198742063944441
3.976590878270564
-0.238986953749270
-0.261084660583798
-0.098265108633469
-0.266219119309989
0.114678678377087
-0.605688268223786
-0.772122169100565
-0.093050670631996
0.168111473077003
0.133949460481944
0.079304052133587
-0.007147286522952
0.384927101917365
-0.043657943929977
-0.047401368097588
0.326475018713449
0.120561837162469
0.156931464127221
-0.066962944211479
-0.107225316891729
-0.147448588406042
0.314937222354447
0.064262629950955
1.157111275855498
-0.229273947224274
0.108876986160814
2.983417800288200
0.703280482652199
6.622022532721730
-0.429088473595566
-0.560482168057457
-0.314556801738726
3.761074502852420
-5.158478957146845
5.477877069154379
3.899971893759600
-0.547392267799302
-0.856565433068094
-27.409119491371563
-10.009166693603122
2.322464244702972
-12.980948569167971
-0.277573428246993
-0.114714309339647
-0.131391410655797
-0.124395815089271
-0.092425981017321
-0.033940338925429
-0.073274203099947
-0.106324392371028
-0.043547553486349
0.079789221363140
0.550326609689919


0.044091  0.051077
0.062129  0.068365
0.076173  0.133956
0.051794  0.090069
0.081204  0.119097
0.094986  0.084599
0.084534  0.097875
0.101597  0.107542
0.095516  0.061052
0.100482  0.057857
0.135299  0.060309
0.192347  0.069158
0.239796  0.060077
0.190872  0.063392
0.301877  0.084748
0.322046  0.079868
0.218505  0.037361
0.334316  0.136196
0.287012  0.089308
0.413571  0.050822
0.510181  0.102539
0.252203  0.180158
0.162962  0.156980
0.127885  0.141699
0.062342  0.120460
0.045254  0.283324
0.073222  0.271610
0.061888  0.148045
0.089104  0.248109
0.098921  0.329449
0.059359  0.163591
0.099269  0.155326
0.148265  0.209371
0.157259  0.178757
0.250381  0.293798
0.306082  0.359347
0.304151  0.330788
0.315631  0.321892
0.412696  0.422276
0.274566  0.298764
0.267319  0.566301
0.346245  0.558977
0.289332  0.438249
0.302581  0.626433
0.128170  0.502928
0.197012  0.500557
0.335664  0.567024
0.210162  0.480805
0.249004  0.483409
0.165265  0.458471
0.228978  0.456592
0.191823  0.348189
0.195329  0.369951
0.166991  0.379293
0.122664  0.414774
0.147946  0.464940
0.119105  0.407831
0.073455  0.361210
0.034885  0.242206
0.084984  0.244594
0.052621  0.440769
0.095471  0.457605
0.122955  0.418927
0.112340  0.860334
0.126289  0.950781
0.027020  0.732542
0.147472  0.514434
0.182734  0.636721
0.175511  0.485629
0.128157  0.625879
0.251731  0.647069
0.244026  0.531388
0.304849  0.516845
0.276399  0.418487
0.319455  0.670416
0.353158  0.551871
0.346679  0.536269
0.287627  0.461399
0.359354  0.566540
0.305563  0.468242
0.463187  0.486868
0.383931  0.458223
0.453385  0.403703
0.289760  0.407991
0.223075  0.420174
0.310159  0.430682
0.353443  0.308000
0.252172  0.223447
0.294345  0.288081
0.000000  0.000000
0.000000  0.190156
0.000000  0.380312
0.000000  0.570468
0.000000  0.760625
0.000000  0.950781
0.102036  0.000000
0.204072  0.000000
0.306109  0.000000
0.408145  0.000000
0.510181  0.000000

0.319047863834845
0.084306754439243
0.045189884639921

0.718520316117609
0.699343679090679
-0.131337589991713

1.067001185975785
0.608450772906300
-0.041651495897393

1.481183692284736
0.595528104124770
-0.233369233271852

1.831578004613158
0.461696646203729
-0.224913652687656

2.120892052705246
0.385471329984380
-0.120000351439509

2.486525228093782
0.146606928926962
0.042017954505694

2.711096197406713
0.191187478779327
0.114428102294061

-1.695842683420008
2.490955819489138
1.597774417157097

-0.110968719449367
0.415823248974794
0.185695112992682


