0.06000

0.600000

0.000000
0.000000

0.479260
0.769939

711.600389
0.325399

97
10

0.206012815911567
2.979921336486195
-1.393294364966250
2.544204037230275
-5.128751471191977
-1.657389011374644
3.361042782522165
-4.251947197533648
-2.153896414431980
1.723928637750477
-24.475369016647367
8.328240233980644
2.478240685873174
-2.832601824157452
-61.974898316971903
61.096312919503106
-12.543242201874707
26.549370448847931
0.698536478944781
4.742601142675978
4.012532274604927
-8.875991848267118
3.129380636315912
-43.478655521560853
-6.722505462993801
6.472330326753020
50.163685141092309
3.394604840334199
-5.972993775008487
-4.608893339922616
6.714210552271934
-5.410729943884079
0.526080460696759
-2.962100568087067
-0.062525812288516
-0.613813114177815
1.362785057022381
-2.519306652701945
1.598136291362003
4.305400836690517
0.096399258506661
-1.555612232395393
-1.020580613728780
4.074874148349037
0.494411463844175
-6.798239534902002
0.406273559332829
-1.627546439871748
0.801242978505893
0.603885462589462
-0.037179883824215
-0.811354011059399
-1.987753175407069
-2.421248360243880
-2.084815538105074
0.922876037512479
4.134213277952380
-1.431197604160274
2.229961970327083
0.142412597366553
2.218558619599031
1.481275033981435
-0.945052230815149
0.529402262428735
-1.354212431271238
-0.920828128035411
-0.943945535750720
0.835884437417889
-3.381945158710851
-0.244505931887515
4.608255014434969
2.001008098908481
-1.789743657965780
0.703747764893830
3.277265836986852
1.683376160371827
0.090861393465922
-1.519261246411769
-2.309088406191096
-0.834188603178104
3.134285199380701
4.394158630873029
-2.798166021654447
-0.518620439912238
0.100537310197775
-3.683855941600495
-0.671168840144427
-0.183226161786142
-0.224549572531479
-0.074690982077116
-1.027964125397637
-0.080965611606044
1.312959420044915
4.505174621714486
-1.288599321479600
1.121339194246003
-0.083185927529345

0.889749376301248
-6.697307859579798
-1.454837389294450
3.396462556202962
4.478688851357846
1.084010266181281
-2.145649635324027
1.887951688345432
9.176694897508749
-0.673169479872810
8.927013644497638
-6.913644643811776
-2.882976510603437
-5.591931680673863
28.434211828249804
-18.217097115410063
3.091071665743164
-0.029359374537006
5.286161920513112
-0.671884132778573
-4.203263480795325
-6.004527962516193
2.257716405212880
59.146908606656055
-6.006690492713130
7.241037758146319
-54.986559826516334
-16.838768546882740
-3.225612229815038
0.177938197300768
1.437190785973737
-6.209443594182165
2.576791447825936
-4.163823160566636
-0.393846928015345
0.028128457860688
-0.184971378782267
1.594189415387822
-0.425615892016261
-1.727086291895646
-1.880904409123152
1.221323287867704
-1.508650257715037
-5.007880125388380
-1.332646419369843
2.223056337443513
-0.065661516797604
1.638198461145473
-2.833563404658090
1.690546351613871
-0.334793016045383
3.270145919683556
2.091695070150946
-1.133137589917948
-0.096098262042318
2.780954786755742
-0.617261558801820
1.643791459941307
-1.448018269588346
1.326143722832077
2.410547710415100
1.019545187895124
-0.224166371611864
0.125227350953447
-2.573729580426106
-0.339769022044912
-0.316782448559387
1.255775755145207
1.330620050578305
-1.083044654227362
7.749808335675133
1.982223077130143
-1.956555954592350
1.825073499548511
1.246899460018829
-0.773349435330450
-0.890124451724898
0.574874497292286
-0.088866045624496
-3.645627409749524
-0.185216847596882
-0.523534872959902
2.464671145352163
-4.057273584985416
2.516558509000229
-6.118411884780924
-0.042813150908390
-0.521963876414103
-0.350475089598972
-0.888286502552801
-0.496598391731371
-0.280196804555898
5.129758152252017
2.186885920295317
0.150112860265749
-0.028327915926201
0.325442035001156

-2.913524979987530
-6.479231134357845
-1.570599328395691
0.564075146491879
7.145668786340435
-0.095920407088584
-0.265578265917928
-0.263923082976133
8.999709400657000
10.918443824751792
24.324255051708629
-7.159896519053429
-3.534573556419148
-8.597884416906354
-61.297102464608436
67.582502862390953
-3.694881822451013
-6.329781360274006
3.408609775376600
1.489358683713867
0.780065719978548
-13.260693919903488
4.591964051923029
281.677536695885410
-8.681884715755944
0.729441889047999
-270.937618549724110
-21.558215637144613
-0.315596255423814
7.871368993038045
-9.107827925765013
1.203523911151125
0.891402840177375
0.141571413935525
-1.439520210401197
-0.017263120363480
-0.568543805458505
2.096633809574304
0.988328317151302
-1.963592120978092
0.143945530060572
-0.729006228114266
1.643157807207072
0.080217311873972
-2.023927452906511
-0.431595003929217
-1.239048928845045
-0.729158778259225
-1.684650106551544
0.315269455278892
0.021609550917783
0.791269571685102
-0.508978733282079
0.249866980606660
0.150149549242708
2.612860693059486
-2.959827602846391
3.363066622893402
1.258321489746001
3.461079574226269
-0.213484816769461
-0.014541909131190
1.074644986313559
-0.199234950596509
-1.894009881736309
0.366533805920654
-0.924485879995654
0.897389618614436
1.270373903493300
1.372208530497959
4.359256111799025
1.123749504182747
-1.497369948743183
0.606957588673211
1.326164816497310
-2.277218064391505
0.013946925861196
0.532942291059198
0.173498039244942
-1.619660788062636
1.287621286942653
0.680187334474756
-0.994013156831819
-3.002315333690639
-0.677688074464276
-3.332374242679888
-0.253370394180548
-0.369220110045157
-0.204012765158402
-0.564468252046068
-0.075824414741919
-0.380709775332359
3.698014345367128
-0.822739876347193
0.847342767124008
0.583125669613961
-0.032643760101780

-2.833008253550252
-8.223450613969096
0.027408644519259
-1.939520697811064
8.789605638655679
3.135776350502472
-3.247515646126440
-5.930187944507005
9.380177132603702
-6.118430628394287
37.724872551772904
-17.084873119450528
4.570389603085457
-12.818301016682708
49.118866378487084
-60.962419260974208
-6.281811473229517
-20.387143079235504
3.257929553106349
6.091548016769530
3.827415242116610
-0.000000000000000
2.733289738394054
117.570439149779920
-5.455162067473931
1.366908286162509
-120.111996471104110
24.959548464900102
4.972067306356116
4.201772764074813
-3.530288117454365
-2.523777288350383
1.285398427807675
-1.816875825554105
-0.623379085332495
0.222547757332864
0.054328964956612
7.130988635868140
2.760701870695868
-6.765871073472302
-0.035474454968222
-0.307399848055366
-1.427457271590107
-3.509306703628456
-3.961904988332577
-1.824934844375891
-1.098460266707477
-1.589385527432352
-3.364877409225429
0.787255175695424
0.016352273393495
5.471483611491105
-0.007673407242279
1.147925912001594
0.001979728646476
2.958418828855314
-4.557715105248318
4.381107279808552
0.535240991905367
3.645040536879968
-0.362134828276222
-0.617978777118904
1.244819676401152
-1.114761436920911
-1.417416235936758
2.127695888595257
0.129288479249571
1.000547525757236
2.678611680406544
1.470010246465262
3.584794946423749
-0.053472228851071
-3.156101778999516
5.092161438029368
-0.280778836237848
-1.621372726711783
2.674278827068204
-1.294836235351296
-2.272704905181445
-0.155416698276742
0.307704864212082
-2.428836517816179
3.063055800644631
-1.136407836244843
0.323650852303803
-4.129066202162735
-1.280944023151798
-1.001311201515473
0.069624195005290
-0.663481728343975
0.127700804786923
-0.364966815548124
-1.650026501776400
-3.172053895855614
0.091847010137667
0.592822169613380
-0.192728106545643

-1.379384313468365
-10.851187870937204
0.840977383237842
-0.567548846622565
9.582951489080207
1.784690764827246
-2.793115851106714
-2.319467981829691
14.425266251054744
-0.666923571679350
-21.028969939040469
1.876428929248393
-9.082665646471252
-5.067622612033365
39.039997954072341
-41.828997411677996
-4.625362123843279
22.741689615398350
3.331183639249214
4.252975543039288
6.875402821875037
-2.390764700919132
2.552362974290932
173.333885800858240
-9.769896921937237
1.858049112161172
-172.853973954675750
3.675031552360636
2.519374778448382
-0.972065998994095
-0.890206569762437
0.088183146862860
5.057560943693170
-4.127054445764173
-0.317391746874333
-0.114460478833296
0.036751336260514
3.705944991936720
1.982695213626919
-4.353135735958943
-1.022561589627114
-0.321557769968899
-1.646359732364648
1.691855691514471
-5.209057992602467
-0.139662151963674
-1.211604955326884
0.904368841393003
-1.279811791213781
6.258716629674844
0.331297493473023
5.482072947645928
-2.621536910727467
-0.821732520053330
0.798764260002544
1.003193149696925
-3.525268097286087
3.283417678258634
1.073405703479744
2.924512375362067
1.544057941387932
0.084775722333484
0.169482589991240
-1.620124384604610
0.280932527581251
-0.917698366735664
1.126492174989772
-1.776737349567136
5.097402936571245
0.466719718650941
11.623078797277532
0.684757841800921
-2.672498245191024
-0.961312006856904
-1.772586159561251
-0.810408416115984
2.558592751632574
-1.123449876397128
-2.002120896930747
-0.518695374809453
0.966949417995639
-3.271507352771551
3.357753215364344
-4.392518073480432
0.624290320219272
-11.945538707117452
-0.602493756795343
-0.833014727554228
0.241270479112367
-0.473112870061635
-0.008226927844597
-0.182765241471205
-0.749139082900923
-3.027697385685227
0.551110738453965
1.249822372775106
-0.479503118176747

-1.462464046167166
-2.316464792330296
2.033811482225706
0.120999398041628
0.435691587391845
1.536846297235208
-2.788302477822032
-10.352337078941442
10.238224842624520
-6.031673817107459
-19.505189047679750
-13.231295101505703
5.155487005549033
-0.836338125077577
78.227755957424790
-92.168948016070885
-23.831564581432190
38.444082244652456
4.437941265483153
2.280486958070915
2.213516858647563
-4.241907915786800
1.522052020039534
349.765449605695490
-6.928481215161741
5.279919455230723
-347.401055070122820
31.889797651410234
2.054942416594399
-12.339450912209875
11.642045045337383
-4.430503178477616
7.531233367173209
-7.061374586345558
0.255111827092281
0.115895779204220
-0.808629419706892
2.873559184177315
1.721979069142080
-2.733741365484893
-3.058709612112425
0.847783531498338
-4.045133011731078
-3.469145315282896
-2.696099089447876
8.387994327797358
-1.174010756928376
1.767257815547537
-2.417921186339887
7.032284790462005
-0.014732837012949
6.657016154240181
0.626228479984173
-0.555404011751430
1.449788220173826
2.349335266787135
-2.853128337779507
1.105584112373242
0.578152618952045
2.948208684682601
0.975562606593511
-0.039173603215460
-0.012797336578693
-1.100471826068660
-0.331530616631226
-0.512191994048489
1.250649994990859
1.623893917103853
5.530846901058398
-3.276819034515960
14.357080698832906
2.405436721032253
-5.451710754037741
-5.344623156389055
-3.764126815124822
-1.787660749487140
-1.327443080591818
0.713360533363087
2.303306766386718
-2.776693675677113
-0.474032006326526
-5.734313330733342
7.337151534522458
-7.321513793552551
3.011939884435960
-12.590460639837016
-0.633881365175602
-0.862794059736537
0.227231745037953
-0.673879265158788
0.031000693720001
-0.071600134431260
0.487036519640592
-2.504753209112300
1.326079039176710
0.498741029276223
-0.259306547508578

0.516586186393759
-3.007157310132129
0.064442075827987
-0.306527393151866
2.727064038433995
1.942661139043560
-4.238247818516755
-6.115969613132956
0.558234139232651
-8.269044059063072
-4.368185314358614
9.153482735354874
3.466540729810181
-4.149337583212531
63.111810744200149
-80.525180361649916
2.671663331232448
-15.600919627416991
-4.247553179169159
5.956504975020754
2.915049293426636
-4.986379045434427
4.520675896742079
138.611442076780920
2.281895706558590
1.558310372634344
-136.450452473739320
36.409770447898829
2.905957161745759
-8.769130815686264
11.097742269618967
-4.893228110331684
-1.560671272712292
1.211297624259447
0.382459739446476
-0.212733776209033
-0.265355053173972
3.997043673393895
1.681477744825477
-3.444295072331626
-3.190998471404691
1.028196987307470
-1.335935379579276
9.658059394335410
-3.306936617884473
0.839095728370388
-3.244310819843578
3.591612437781556
-2.460417631295628
8.829942982758253
-0.362965993546535
4.971851720033961
-1.642948712561475
-0.582633482401159
1.765647556195922
2.345071327573544
-4.107725546350647
1.636380440581253
2.005035587352875
1.855087876185867
-1.296338157435045
-1.099228970934535
1.136900145475525
-2.001859978097258
0.376963552093046
-1.460428455813658
1.254059834458369
1.554639481171998
10.796168225902992
0.689932090759646
17.271597305882185
2.818384799949069
-6.992429989908958
-6.920703757321670
0.315368791144409
-7.416302966431261
1.696983167344293
-0.945670467249970
-5.227090436594477
-0.426886961808865
2.414226535302453
-4.515864870365649
6.499008978496208
-14.875162335406744
-0.598366556047082
-13.150912353740051
-1.564177963971839
0.351566371220944
-0.826425518632230
-0.320541313617239
0.567603932625623
-0.272973531199547
-2.673748137913952
-0.139246262922565
0.129747044487680
0.483851928686466
-0.255496722315925

-0.368714764951860
3.248010807795907
1.800087074873571
-2.254817537106411
-2.098006405814534
0.793660488643658
-1.159768603279922
-2.783516305971516
-31.809466096917287
-0.639220291329685
6.510458108619257
-6.790012307932862
21.542559276449662
26.247993985658347
22.495262562608008
-30.725742292159122
3.177486510036899
-14.752618179733805
1.877014277822879
-8.088653453246657
1.959235953149904
-3.747268141063134
0.896930440151728
157.986052630639900
-2.496980183557302
-0.325931003150974
-159.671234143093760
14.350822553004674
-3.132427030506168
5.736907180393621
-4.535366781642078
0.984612571528634
-4.720978728144678
3.290164207019300
4.612133612498091
-0.493238317786229
0.347995098748614
1.849276012167348
0.236230990892938
-1.487013151489828
-1.040741564333854
0.920952143291447
-1.653363285497175
2.269165975503644
-1.715289602949665
6.959681083921383
-0.352147515222160
0.644980502305355
-2.298164581379118
4.159582311978999
-0.464279445377354
3.888513170718233
-3.991349445136557
0.574361815519599
1.557431017841146
-2.135795937713733
-2.961987927296294
1.662533678969019
2.327771310354834
0.564935295902404
-0.509811680147200
-0.765980984015080
0.941161642279193
-0.967544883434805
3.181414962661837
-1.947380438693289
0.393966937517001
-1.157391242310626
6.600760079266438
1.427191919375298
7.544015754732104
1.911239312620186
-2.423856283824045
-7.745410660737027
-1.471874145859079
-2.477813751620077
-0.259448753368148
0.837869272215019
-1.368256476872918
-0.800725282234932
-0.173591042744357
-3.496904721242720
4.327570324701810
-6.595741034995627
2.041169282212331
-6.053763417379129
0.771055941445877
-0.204637593885433
0.078156962162470
-0.287325715509530
0.703530548722596
-0.186074336001493
-1.010912460067620
3.233982302216178
-1.178333524019095
0.597575311183025
-0.286591745050267

-34.854265976545889
4.161495162003409
-10.508090726518551
-1.584769137625849
0.646697359502884
-7.374409719707869
4.197310171150631
-7.682305454462420
-7.279876507486737
-294.011213507796640
24.618500623228861
-20.958518747518639
1.520331883266443
17.580415524240696
-50.522381757402712
34.354114274894769
1.960173936063234
-18.565659063977719
-2.229090781693857
-1.597620134523304
-26.507055037903427
-1.753444153199229
6.301308082987636
-149.120909913039440
-5.110803503884885
9.938047831216021
147.652075672308400
1.364946275677814
-37.049887888812513
1.149114141971643
-7.819833258322632
-12.403484615841679
-7.202614624453861
-3.747528303682215
-88.703303741541063
-22.477541144074770
-287.159673407099550
-3.612495085602274
0.864294233138231
3.056982965844866
0.811589387943926
-0.550249241051815
0.685126549435190
-2.773360331042649
2.328941171240540
10.305378680350788
2.514040155540949
-1.234461483886444
-0.454396850723275
5.982308675497483
0.812939476410557
-1.897425385205552
-1.212943605971157
0.518440636116318
-0.793380155512579
-4.447458573266363
-4.271290946848118
-0.380297112058732
0.805037083505680
2.332510208117122
-10.226893407360564
-8.966444021773912
-1.686447611852105
-1.806173684099116
2.230333138063327
1.931501166443820
0.778529851713093
-2.662228791472000
3.566821099148578
2.114515353505212
5.210111784462681
-0.633745910080146
-9.004293990417038
-7.721191403853704
2.829461513476308
-0.215053036585364
1.525561265175566
-0.318929580037305
-5.338847456033267
2.475147957770824
1.345877145477448
2.784308094255985
-1.411731027333276
5.296468563802261
-1.150926009514833
-8.750423569473297
13.402302019077746
35.881732437880245
7.953589750461845
4.601073779064937
2.545380216575309
8.678769849486752
342.043842123572920
129.051957227161980
20.049095780044755
285.295372594031850
19.691496877720486

-0.003045152652063
0.018875688810002
-0.015106731692664
0.011870343748565
0.046271984596448
-0.037567851383679
0.032042387002384
0.041764134166013
0.016592151139832
-0.468230983097020
0.087649471823770
-0.010706855763701
-0.063193058310786
-0.009680486425280
-0.467341260864309
0.466311799586671
-0.075592973269804
-0.043321624474559
0.150191385903499
-0.018298165810072
-0.075173256679779
0.587518860559294
0.114623278216880
8.503016859518450
-0.284052030991547
1.448582671551827
-9.171779268774046
-0.033277592217144
-1.102620008906694
3.219637554742196
-3.561110749558618
-0.869640721205186
0.435418293254425
-0.652579361296552
-1.721190443510007
-1.558691794363091
-13.528222310850785
1.114717386967417
0.309911780951353
-0.095331848163517
-1.249490660259081
-0.450886104927731
0.175394245240120
0.839301333548457
-1.266323510108587
-2.361615870289025
-0.934904360250027
1.097849859911590
-0.154228433592934
0.287293035742421
0.309517874959122
0.892834374365791
0.059776050351800
0.065436624235473
0.003875548991614
0.030351834911082
-0.008467657156446
0.012618016083047
0.007334352601908
0.063596506237396
-0.002258303568205
0.073582421812128
0.025490813448765
0.024212501179269
-0.028801494071753
0.269921416477903
0.314054129690481
-0.365874940038414
1.085336580985847
0.014947666821084
1.387602103913439
0.502162727523330
-1.065889350536697
2.245613546780441
0.804839732282423
0.052566513411772
1.727229290784743
-0.855090320136145
-1.354523859038840
-1.423519230189410
-0.617489255659399
-1.179344565669500
1.795853170614146
-0.611095779161037
-0.363014455513781
-1.090928118643704
-0.153901554756297
-0.076389086442531
-0.082630214593007
-0.074897720951677
-0.077068475659034
-0.038397501682813
0.684294003173620
2.656490789844496
0.409015173407308
13.630454989570115
1.598942090824394


0.012915  0.152457
0.049837  0.047016
0.012497  0.034186
0.032959  0.041924
0.047574  0.055282
0.017848  0.091130
0.043881  0.104362
0.051774  0.004611
0.062318  0.000000
0.094436  0.000000
0.073549  0.000000
0.069679  0.000612
0.056218  0.000865
0.064577  0.000000
0.090635  0.000000
0.089843  0.000000
0.081150  0.000000
0.075966  0.000000
0.130892  0.000000
0.042704  0.000000
0.111713  0.000000
0.164801  0.000000
0.149718  0.012089
0.170994  0.000000
0.120132  0.000000
0.213761  0.009579
0.171214  0.000000
0.086119  0.000000
0.200848  0.005808
0.242626  0.000000
0.239376  0.001149
0.215524  0.001274
0.268617  0.018149
0.260762  0.030545
0.186477  0.001264
0.470662  0.019471
0.381737  0.000000
0.298485  0.118136
0.259840  0.236169
0.315688  0.117543
0.311179  0.174333
0.376114  0.126014
0.222497  0.311187
0.298338  0.373521
0.206150  0.279549
0.310367  0.375245
0.243990  0.120973
0.267706  0.194424
0.144791  0.306575
0.190601  0.420937
0.188083  0.160271
0.178535  0.307655
0.099003  0.329101
0.064845  0.240272
0.081182  0.406003
0.084450  0.488844
0.065360  0.441142
0.080911  0.452236
0.071120  0.314107
0.051802  0.138472
0.045501  0.285339
0.047644  0.769939
0.080020  0.719760
0.119270  0.558832
0.120233  0.491847
0.206012  0.468832
0.229260  0.666529
0.296548  0.416367
0.296584  0.449232
0.124967  0.344352
0.229657  0.419632
0.249329  0.503202
0.256712  0.456230
0.311739  0.370520
0.297179  0.481766
0.328202  0.429931
0.429864  0.487210
0.479260  0.491193
0.344822  0.496401
0.319279  0.528932
0.389514  0.397866
0.398570  0.566695
0.377748  0.549940
0.248976  0.423411
0.258011  0.330844
0.209828  0.417398
0.000000  0.000000
0.000000  0.153988
0.000000  0.307975
0.000000  0.461963
0.000000  0.615951
0.000000  0.769939
0.095852  0.000000
0.191704  0.000000
0.287556  0.000000
0.383408  0.000000
0.479260  0.000000

0.352642727661494
0.650986018453547
-0.269626924455998

0.532022591975600
0.835761115548102
-0.163762461176877

1.117302019741662
0.470917595829389
-0.166510907099615

1.343049153993923
0.448807927040457
0.098402384955696

1.583172698083460
0.526226907214510
0.112908614282628

1.882610771661529
0.428614452911475
0.227718880396376

2.391365968126075
0.266786916249114
0.248965492160164

2.713699581055737
0.109757579464001
0.233441062446356

-1.368883079605153
2.357075941974089
1.452390978568771

-0.064874505462263
0.205134706191299
0.123553954524870


