0.300000

0.600000

0.000000
0.000000

0.153657
0.805838

1122.234714
0.304855

29
10

2.203124680866270
-4.207461166687437
1.284023501127108
-0.357767527007648
0.246633135347494
0.300364685570531
-0.055507652728150
-0.751379990570372
-1.566002404848467
-1.028282081267873
2.295290623378200
0.738256697889505
-0.198975549155667
0.008667881987425
-0.118278352039060
-0.062636948162888
-0.478469338176084
1.227007628590277
0.209522323931034
0.068862310483134
0.225241214481571
0.190061985021783
-0.034443521045534
0.093040252378931
0.003569588521810
-0.026117030500214
-0.038820302718436
-0.032860341910438
-0.136664302715565

11.318838546372504
-10.233891851634226
-0.678177371716210
-0.092056882188692
0.682847288036539
1.032125522679839
-0.250910996650247
-0.366996397942679
-3.413999834980378
-5.765831705488002
8.398100056868975
0.170499937380984
0.047092837800611
-1.961499098379999
0.963913603761448
-1.181866692458952
-1.010786810439877
1.246136728367467
0.412278879106036
0.768944999340958
-0.052586902851715
0.250751329401736
0.078042041744341
0.175677837340379
0.028774821795471
-0.027886612843869
-0.067675217112578
-0.067066256793505
-0.402791798365540

8.352943062632324
-6.607395166370117
-5.931554368908945
6.086657911199345
-0.526322342341719
-0.654484620690450
0.163079673969161
1.076278947982736
3.466097641744607
-2.711331561617401
0.698099979885049
-0.500406144121820
-0.816927535030429
-1.096838053637261
4.053418638005467
-4.702639428402316
-0.445958161737714
0.812080831218653
-0.089003953511008
-0.824439531807979
-0.347612182165937
0.558408091287210
-0.258242034923532
0.056359489331416
0.010128103782926
0.035765198024405
0.031745333833053
0.015117010135991
0.096975172282639

-5.351142749782700
6.933158915996725
-9.390578689894882
6.107590388706395
0.225529290747032
-0.590267140887602
0.079579339574626
-0.159202623714180
1.979926585476860
-5.211201850242603
3.860561608339135
-1.827721179412391
1.398557844598409
0.894722523320867
2.074347976198519
-2.181829698614301
-1.214107406361443
2.590253001251797
-0.271082792986782
0.110386582595758
-0.174167744722975
-0.021372542549469
-0.099353795701147
-0.069787043669985
0.033836079315752
0.061645651126764
0.049744238721851
0.028575407530610
0.133399825541181

-2.332506381580725
3.112061326031737
-2.846237783309372
0.018968240102219
0.650500909851469
0.000614272528994
0.001315819126890
0.228070056339240
0.946927339070642
-2.496631124469772
2.116841506167024
1.157208420318337
-1.910721154428353
1.696050769032141
-1.354690927935093
1.120696643270673
-0.367876218988282
0.000000000000000
0.184016667112767
-0.671773694655342
0.749427218120978
0.171405627960172
-0.277668457646094
0.244476007587098
0.024739049263045
0.011580170547470
-0.009558315841074
-0.022933566238385
-0.144299142879563

-0.054038003968070
-0.938593205307011
-2.447128948979417
2.086107655982764
0.219463806178566
-0.578935117834057
-0.133283911968292
1.667077352056428
1.165530288634603
-8.770523792390877
8.084226967857060
3.333067268113669
-4.724738331420995
0.890732345949897
0.491739560969046
-0.453947812619212
-1.463291961639888
1.530035434391351
0.392701037841550
-0.849060631553357
0.875859049338304
-0.068741805881870
-0.036126493340971
0.144539351317345
0.077114316428770
0.040121515804113
-0.029690900279557
-0.073234933925628
-0.376980099760746

3.411786713868243
-3.334034280366089
0.620473939915084
-0.136137577985513
-0.312016679019399
0.464052928391788
-0.007984019562747
-0.058514116679542
1.493798794737109
-0.725451059744804
-0.205373116384299
0.476881700846028
-0.545627746427295
-1.149973796616842
0.000974971776397
-0.459840801009393
0.483437383140827
0.151864986983729
0.125498944803005
-0.392879636591417
-0.306752794195431
0.517798879573572
-0.198270681667228
0.197328051782249
0.014400739996725
0.000000000000000
0.000000000000000
0.001316789439915
-0.126759428189007

-4.221515784409932
2.924092648884827
1.491383393506752
-1.366068727684029
0.356380016113712
-0.616843115235912
0.011027143256210
1.239340261751950
1.419600560726619
-5.158293474950952
4.093918733971623
2.591683117487955
-3.289180262982754
0.989817279285826
3.513964963760212
-3.699590276374421
0.560240687313033
-0.449641258766180
0.084185748527031
-0.743149847327731
0.280313748616413
0.097918722549789
0.202378137005479
-0.253480231515721
0.051951229380015
0.036582726923316
-0.007273965768076
-0.040324154296699
-0.099418019472532

9.578972800124792
-30.715775401243565
15.240635297255011
1.481761939696870
2.902829079161372
4.340402739347069
0.284445947738478
-7.401687307160433
-8.018533625679577
-1.348113843681814
0.758321035917369
-3.824265964188700
-3.472220107032346
-5.262495100370675
6.788287748468565
-17.300906641234505
-16.167067100939274
17.644909648536839
-2.737958268059218
12.197354785809024
5.602356561798786
7.639015766432933
5.095872860099771
0.250904665779103
0.686886375119287
0.831761284469335
0.786756661680230
0.626209475699573
3.511338686824085

-0.001968153287700
0.006944417825520
-0.000556351077614
-0.002870820356836
0.002548113705191
0.000327230440303
-0.002502216917124
0.000306738892195
-0.000456059754192
0.001356202193975
-0.001348648130665
-0.000425086986579
0.000168569988724
-0.001999332444787
-0.001037300766707
0.001449821472969
0.002765301857542
-0.005108710279771
-0.001401081627701
-0.000067923832682
0.000549823202555
-0.000460831103581
0.000220381115186
0.002032779961417
0.000044125851620
0.000045938861428
0.000043239404193
0.000033009388022
0.001366822404095


0.094011  0.367065
0.100785  0.364138
0.107378  0.353280
0.117050  0.344067
0.143527  0.369163
0.146382  0.257805
0.153657  0.805838
0.044385  0.225180
0.044069  0.125781
0.056945  0.095736
0.060327  0.099840
0.072184  0.176659
0.040541  0.195312
0.067214  0.337678
0.030867  0.584509
0.037524  0.575529
0.048730  0.417252
0.070228  0.396536
0.000000  0.000000
0.000000  0.161168
0.000000  0.322335
0.000000  0.483503
0.000000  0.644671
0.000000  0.805838
0.030731  0.000000
0.061463  0.000000
0.092194  0.000000
0.122925  0.000000
0.153657  0.000000

0.159046371795094
-0.121476747141837
-0.005387887906275

0.444508765364600
-0.372771598984979
-0.057673235017966

0.868928298894191
0.086325266616797
-0.099856897598951

1.297839534597881
0.144898594449839
-0.154239556750116

1.635368160012827
-0.116665402412903
-0.077543167877942

2.096970586699748
-0.240974203236706
-0.135440436017494

2.390428743010948
-0.133809796452486
-0.049951634435187

2.793026237777982
0.081573897335427
-0.036231412782981

-0.819586306228240
4.906721944103249
0.812980656053114

-0.000229586543447
0.002726755931004
0.000682492419743


