0.050000

0.600000

0.000000
0.000000

0.654845
0.706975

606.142553
0.779837

93
10

-1.772866505348712
2.140095705317731
-1.078009132841572
-1.556737800675845
1.277580416897271
-0.646637432941589
1.205620540565635
0.177166325292789
0.045554857297236
0.387766116857574
0.243362557633147
-0.131409745136948
2.663863331674184
-0.328132161805793
1.431925222820141
-1.921989230234400
-1.279303538335989
0.876004653019993
0.562335531443754
-1.524403319078419
-0.077249620327655
-0.431995767700427
-0.069836168934753
-0.049804454995672
-1.764746476224787
0.574280029549892
-1.124400435679907
-0.271984149322340
2.559117449347109
0.653508316721977
-1.496307248678149
0.181721127563278
-22.831216026834902
1.597110592415802
-0.637178770988997
-1.338654937035261
-0.745234155786500
-0.800132475753427
0.388592594548219
1.579722412070735
-0.062101059951851
0.698672193577765
-1.893101170104713
0.337186802957844
-0.436714132188144
-0.909419281643007
-5.210366596209811
0.492952897974230
-0.857513340749918
0.124839646620397
0.462085842054961
0.122316675154674
-0.217846624254136
0.628595864632621
0.406675504862946
0.244683434002045
1.371615486033745
-0.732056032886385
2.594130293696592
2.443642469898410
-1.176642655023389
-0.964531306484343
-8.750078078365316
22.928336712220396
-0.074166724930832
9.353543435301120
0.863232443557263
0.700363409225991
-0.201908644948727
-1.796305222627900
-1.715384046831181
-0.034351764111243
-1.423093321250074
0.719425908764753
-2.906037679209734
6.553652405176803
1.468293348199713
1.941000207680116
0.241365274755636
-0.615683658897008
0.399445018247159
-0.897302398745359
0.452527448063293
-0.167036363517903
-0.442785045362030
-0.146904883661496
-0.170451228329565
-0.215621006096111
-0.404065395743687
0.029966576597431
0.034425060358404
-0.160169566327687
0.301564643517673

-0.992269053337592
1.893686912263220
4.407405587659635
2.114162958809844
-7.264143714631934
0.664386234611061
-0.583687431516310
1.581197467956607
-1.570037134305264
1.965072742319495
6.148391642226941
0.093291184800456
2.244656606369885
-3.546171558936162
-0.269733998196432
-1.283151508948557
-0.227259598955063
0.893182916269957
-0.144499498419697
-7.936436089040067
1.081491860948057
0.375338144379776
0.366476282713963
-0.282052329609647
-0.272030710433734
-1.005546924132623
0.369132667204388
-0.683484777791480
0.674153382391828
0.363862811778154
1.114526500194643
-2.402530083736135
-15.039948930719158
2.753421359969653
-3.291995285063915
-1.327141022236823
-1.072480511575357
2.553629526103253
1.130211710953518
-0.634226382656110
0.178433066529592
0.600350663109716
0.165414009461124
0.801960874212685
-1.791081835778267
-0.103653512002795
-1.167680127775723
2.431486409228289
-0.618459054748942
-1.742213561049355
0.400284869699297
-2.433241486661687
-0.068398793190955
0.685990282569142
-0.527862130822234
-1.687718321328328
-1.877486428555705
0.263270761912766
-6.222072235317942
0.125676560976316
-0.225649975661975
1.173214721478429
-3.090271595166722
14.672087137297526
0.854614463451447
1.802833392555155
0.037243933134976
-0.005172829937933
0.177276925521437
5.858318389786670
0.164691162386018
-0.455779164880447
0.866072163014158
1.272536914244115
-0.763094752837210
0.428995570922083
3.232023615487101
-0.675075365490439
2.468867919693853
0.438763531309087
0.692537791282371
1.216697530296334
0.524501676159670
0.408899397075337
-0.552412662741642
-0.650090050557015
0.622655304935455
-0.368494805051252
-0.863906030256203
0.146998235886476
-0.207382434753666
0.324770068358228
0.100877824102886

3.815431807645745
-1.803047014610975
3.992888112721845
1.887517098004961
-6.996307126602577
-0.924408200976049
1.187423154028261
1.545581328755562
3.249424447918314
7.021508013363143
3.446979829805529
-1.036237238648666
1.675940465370091
-10.294004287669663
3.067170128410650
-4.321335772718943
-2.203892687926216
3.617775107292695
0.101693535604933
-5.916128159581739
-0.388072314631879
-1.374707751636203
0.390738669817488
0.762150082603689
0.349908814401967
-2.141060093900181
-2.529888201364710
-0.733603787556792
3.126557481270632
0.487804558771102
-0.189255645734054
-3.259744734264213
-28.008613877034051
0.857035780662229
-0.016324320603598
0.603759886333933
3.293406421474993
1.013397279382619
-0.854507722446313
0.281667945121323
-1.436562159250984
-1.433916210540952
-2.371622137347992
-1.578608979137257
2.016032718132241
-1.110895707852143
0.340244186105669
-2.138418377642178
1.033380917864533
2.555522905680722
-0.336918797486638
1.850808860009548
0.224830562131493
-0.149892932181230
1.122372205202364
-0.545896043535341
-0.728161049789408
-0.563775667437794
0.316315640190322
2.049871709711825
0.017818222975736
-0.290181106241271
-3.127742137223624
28.535379120405317
-0.116843418615336
3.400714797354696
0.567559224059647
1.729455845819593
-1.371128557356679
-0.336015608154275
0.110874832046143
1.519394821394769
-0.152101838638468
-1.420004671488202
0.379208265559600
-0.565967653676071
0.169346149449994
1.700908666836488
-1.313605152127334
-1.750573737083985
0.700831812908521
1.392612443202846
0.443549661843694
-0.436248813504636
-0.710588458643103
0.266905791605247
-0.380816817151500
-0.397010084013964
-1.254222055023761
0.277757506547181
0.085040114722007
0.506084404383865
-0.079724194879209

0.311762438217741
-0.303257319374497
4.453958177290144
0.356776680106585
-3.602817235715738
-0.501243412684211
0.756544789681264
1.746523352737080
1.072579611668942
2.560623542378673
10.517388207758890
-1.114650350710789
4.527142306852984
-5.353183417813210
2.584895526442473
-3.910533323538222
-3.896019991036645
3.251113421902125
0.912191336844721
-11.027131200991153
-1.537754012601484
-0.195107798929962
0.235000684841938
-0.015087385164898
1.514596386550857
-1.063256314494334
2.094075128492569
-0.662305085509294
-2.757889275705753
-0.072377181542220
0.248578346077565
-5.566096239882466
0.672418087935786
5.786354016549740
-3.689892486750339
0.172516011018856
-1.867545574784642
1.862498426618224
-0.463160921762196
2.063719263502146
0.554485522814880
2.128334975438671
-1.418075449032886
0.257550109416057
-0.361224354702594
-1.955007367147244
-4.218270382510959
0.124799210468692
-1.692086065588872
3.645281536293785
-1.186470183338032
3.477191133443889
-2.217263900769644
0.008870729960751
-0.235431032824193
-0.716928553363312
-0.180622779222527
0.176460511130701
7.617034521807364
-0.910691975071739
0.084892216240043
1.269281337025907
0.156442006024699
-1.214783478439922
2.828512139682776
-0.914618403056937
-1.392027657675425
1.414150593422612
-1.626621123001919
-8.584380743546038
2.075580110592684
-1.803331430133472
1.841142361240649
-0.732358227449976
1.515245330787184
2.980297024021170
0.100721631592662
2.751745310256983
-1.224414966287090
-2.374812672052395
1.236617388842384
-0.583746306492906
0.304380312034673
-0.013389030832401
-0.616387682163601
0.628333291533779
-0.082411959830451
-0.373444455103958
-0.865329904794034
0.151373366799028
-0.268980314683492
0.475868846752461
-0.143428316351419

-0.326821990009615
-0.662435379112825
2.241997483531286
-0.823622670325540
1.825852567357944
-0.225990618306858
-1.596926396225669
1.150381680316630
1.493802714715107
14.568927140160763
0.704990364791441
0.607182012707643
-0.484017909425801
-16.459296700930594
0.406814741367661
1.418905198967818
0.687941900013367
0.029494623431473
-1.389605912001590
-2.972490174330870
-0.269925834219908
-0.083133635684560
0.844318794989229
0.749284423067042
0.323851963617649
-1.597989606180253
-0.059963717579615
-0.042541416239260
-0.589510143033099
0.082686117710403
-0.685453248924225
-3.641829938484380
-21.978081035296253
2.287172889994601
-0.315502653627802
-0.821482437528727
-0.513152001266547
2.630892598743603
-1.941784381695548
0.921853630984859
0.564317078531783
0.544702858158747
-1.970439089180542
1.312959290520798
-1.371703494103189
-1.870106307483308
1.059762869417907
2.781064211228408
1.057022837540311
0.891014675579608
3.257253277951909
0.385816984222396
-0.915053439302209
0.448315153837066
-0.692862096222205
-2.399392025533643
0.315252948604345
-0.378156730283659
1.041641680863406
0.194746412750135
1.335346547669581
0.487472703160283
2.521010789026963
22.744287939075075
0.071819195499762
-2.066817539532033
-0.649414182546366
0.681768773834940
-0.118552118437298
-3.241402439418677
1.839871614132152
-1.054191058005591
0.063922647715366
1.624476413834554
0.434632157351964
-0.299768693988687
2.492648019682679
-0.767417775316535
-2.147241052358111
-4.453778161861677
-0.192251757975132
1.188421623567129
0.235525725736963
-0.238281608345701
0.102260507527798
0.045383735250147
-0.011545546952131
0.016592738464669
-0.405777295156678
-0.286279363586092
0.180535901308105
0.126591457585264
-0.010800027007407

1.663135974756676
-1.436354519565794
0.979865035531678
1.861174258457206
-2.084877078210131
1.356630844753051
-2.513339841785395
2.694808873645291
4.064159376998710
12.861046474806162
6.248256330386510
-3.095679300394592
1.182405438716888
-15.435415431445907
0.960749313978215
0.840414739620117
-0.109787438110145
-0.715461649222366
-0.552035589958268
-7.768887862967723
-0.375461988425419
0.490326365240293
-0.557341196204063
0.511539895939467
1.911394096058112
-1.022826107962348
1.924134579797241
-0.386137710320100
-3.187211755032142
0.222497676136307
-1.480484434249384
-3.336964329683941
-5.583642058426733
5.885201536360729
-2.068887444313490
-0.246591017630728
-2.134991385049283
0.666140025571491
-0.490972955674502
1.096794925221465
1.391877819671183
0.598865671845331
-1.065006030697635
0.982812329357942
-1.612496380766386
0.627261244096801
4.129679300387274
0.988423513735474
0.744263052452718
-6.103170418888928
5.611644920612108
0.268546093370213
-0.834630469522667
-0.000639657012100
-0.484055772265075
-0.743756340587347
1.140980496178563
0.156018209242817
4.186670293520833
0.744700220843455
0.414763338650478
0.298001915651025
2.523930667177465
5.818989420592538
-0.287047584619812
-1.890485282615487
0.083948420774019
0.028689339447078
-0.398709664102288
-3.619807458186222
-2.111753983404699
-0.453907593155665
0.088282036378827
1.526127505389858
-5.851216980561462
-2.795865654826808
5.452005116410972
-0.377039621267491
-0.116512383776129
-0.883757500019574
0.317224167413979
-0.003307378568436
0.037632455292683
-0.051271571411395
-0.010909763797704
-0.549745533899135
-0.086551632461718
-0.005676475476921
-0.356251999208595
-0.319353988764518
0.057996264279046
-0.117945860049909
0.074214476649960

0.844682421537309
-0.978926119351978
-4.234885675489321
-0.006451120968572
6.467992304038543
-0.786347221611760
-2.129232714770637
0.630422873594149
5.230495977965610
19.586809715664206
-3.864644389702024
-1.009970796254374
2.031169911877415
-20.131362988854111
-0.768612620861131
1.336233485609063
-5.608028535211808
-0.517116790873360
-0.174588818769405
4.868810211599520
-0.806959026995262
0.140144201887698
-0.281879905458725
0.193302463563118
0.413921460201313
0.215814220300447
1.157468228905736
0.065196480823968
-1.801892801154208
-0.120605245947353
1.580116262596739
0.198279395458637
2.045469172402574
-3.617531761196435
1.288046026739600
2.582636362303266
-3.037722044300927
0.630870285153235
-0.154843091135484
-3.478053951214469
2.265615539940898
-0.709440619196424
0.783805702964186
-0.634230233277803
0.332365589427683
2.130851030698483
2.018153203401132
-1.845734883706128
1.631172464756701
-4.014385233099556
1.130918339705006
-1.499451418834783
0.690927541738355
0.904544577924594
-1.070640825932456
-0.570531437587513
2.353302209266073
-0.694978123897652
1.530214515834451
0.137898134326216
1.980909137124316
-2.307047734110514
1.515549993103053
-2.168290518000348
0.332188603350561
0.203243459954620
-0.221486805501111
-0.151151444676563
-0.417695535222723
0.317563468062177
-1.918484229019623
1.088741047217343
-1.730418084719497
2.498904576743212
-3.184021032334833
-2.408692832998839
1.315838237942031
-0.330128757715223
2.988466365335547
1.094410092908952
-1.471649967799288
0.408538822401933
0.142026113505610
-0.216809629016257
0.535386544565633
-0.694021836629343
0.275919752653749
-0.047040882139425
-0.475874901391293
0.311772802912038
-0.045586698268930
-0.170260089771970
0.080599993702792

1.099022196417103
-0.945031392850360
-0.691984628021017
-0.075817980219679
1.161619829263970
-1.655382343156916
1.030629009378694
0.900780949981039
5.669760076716344
4.873842003105199
12.497867875601896
-2.391673295828218
4.162428165043303
-6.800521944172955
1.165053923575900
-0.736208779195617
-6.005084293563236
0.646018114945214
0.307652924257496
-12.457719509154543
-0.787490156763411
-0.405177806362084
-0.811396222400182
0.945222205334768
1.309235000864937
-0.063038290141275
-2.273194935818684
1.140773914797346
0.129384839284243
-0.198637135563629
0.123572697103888
2.236964466480589
-20.646046439240735
-4.175122953931362
2.433392215080720
0.099882467326243
0.544470898357934
-1.377552732120671
1.649813365894200
-2.464597691048103
0.058217849430640
-1.800309562061311
0.195313120557198
-0.587915400392171
0.568503661496673
1.624217679034471
-0.031557911910615
-2.279615592679635
0.579727115020983
0.248376648952993
0.269748105952304
0.452293409112602
0.564312454307381
0.421272295486256
-0.244603377797309
-0.876756922042261
2.625961228073164
-1.059212738692271
5.043819264900900
-0.264509489665777
2.008941393545640
-1.700339089960763
-2.544613813653859
21.262193474396003
0.394693547395111
3.022653124363606
0.000000000000000
-0.358879114593677
0.309949485846535
-1.275326037673916
-4.151917297777490
1.097360612502618
-1.264296505426681
1.886152512377649
-3.914262603099749
-0.280393728466036
1.699283281472601
1.019192232330309
-0.122054395471449
0.133107511230072
-0.783555164393188
-0.328685533042970
0.024602526219982
-0.121721857596958
0.164194934466435
-0.234216039280955
-0.273619127474279
0.200873240275520
-0.546582306622136
0.131285763287309
0.222102469826675
-0.593815266313489
0.244756429424622

-0.527323052291388
-12.713865295978303
-1.909987909816580
-2.398684358953873
2.025906464964309
-2.414738564803012
2.505248671619005
2.642898619828898
-1.583954987796021
15.130575572401872
-14.640127508322559
3.526489927138631
1.347072663354891
-19.048817542227241
-1.281940776507822
-0.391060030118684
-0.946578641428372
-2.391939012180053
-6.199571612430548
14.238586626432053
5.948103794277837
-0.056143720143412
0.904570112706084
-4.052076315079980
-3.607683738294027
2.126439510569776
1.352712072728189
-3.322755928232291
1.597453610722236
0.475935935985833
-2.165479418289545
1.098582211638453
-9.421363739700130
2.618554332681207
-2.665791143458459
1.245101304761641
0.116204251163629
-0.691375680101399
-3.011492041924925
2.984964840726416
0.218278305193269
2.713395099472651
-1.642569067312680
1.104495150437938
1.681110165050523
2.274768964537686
3.569124877111296
3.430870996570032
3.546150008221185
1.789595323253459
-0.650161855653979
-9.112780668571084
-1.521615649098197
-5.813391006762539
-3.944399200752655
-1.831474693192930
1.130329075860729
-2.657814088213848
3.293108311960516
-1.373196964180781
0.382112195988467
-1.449933964224885
-5.135784482467635
10.740962494574296
0.922211550573024
6.412583225072996
-0.634889906477254
1.267456660495375
0.416252339483171
-2.892993279595134
1.447413780997743
-1.782757959746357
1.935718391898397
-1.781105090054578
-5.407049357451120
-4.096070060704875
5.991452739505117
-3.007914152492498
-7.704171089850955
-8.980106052327349
-3.352394423183757
-2.332574351095225
2.355815542592060
9.395110741665247
6.743467676920560
7.130371719721220
14.157648772239346
1.766754183261837
4.430357516809377
3.990460692345051
3.136599716046595
1.416780423182785
1.871741159130433

0.082594385407775
-0.020197996010725
0.291907517199575
0.114848885837766
-0.293571888470007
0.019224380575329
-0.101365482816933
0.470513977828130
0.828671057683646
5.241265084663096
3.880666505889923
-0.150277729920586
1.967013087516738
-6.134522541424649
0.590570531945424
-0.874826441113402
-2.182628092894266
1.489217632059600
-1.092479520782243
-5.084963176360403
-0.065131213554531
-0.593248713389219
-0.369428607100829
-0.826892979834183
0.159787148195487
-0.202730853615086
0.701508741758873
-0.093598809076364
-0.171712028051795
-1.114234443464263
-0.133392975470842
-0.055849944879561
-5.265461156501255
-0.972524141496468
1.017307891487300
0.028643643286307
0.169852233297508
0.225368848527605
-0.054969871095246
0.152036248964133
0.024406661528179
-0.208692325772346
-0.071574196988798
-0.044314130093894
0.108376671508336
-0.064866130184696
-0.009909716171941
0.007226621892739
0.012095738093252
0.003375961583927
-0.009781200380299
0.004677673653258
0.012921813070544
0.041921040801562
0.042257139804860
-0.034086837077206
-0.022038753797023
-0.103089788312778
-0.154084729807632
0.113018460440263
-0.174261211098045
0.159388195857387
-3.038671661365922
5.570636809520837
0.138889208954668
2.299821124079399
0.362746587427632
0.178001112713707
0.220844504836536
0.222611000262847
-0.083478145208104
0.054859199569456
0.021407174055938
0.012038280568231
-0.017422827096155
0.041392540875781
0.040948612800252
0.018467598789537
0.001925299684711
-0.014837853331080
0.012291966484911
0.938988816897267
-0.236880565430196
-0.072608672174898
-0.072644677850736
-0.057054352789112
-0.052619458694552
0.003519442835061
0.195786004650189
0.506834738604443
0.566179062082698
0.399627021306931
0.628445952879833


0.047795  0.072979
0.022341  0.074706
0.085442  0.094169
0.081298  0.114344
0.081773  0.101671
0.115049  0.119009
0.094658  0.119264
0.117453  0.102545
0.172324  0.100996
0.133281  0.105636
0.202330  0.117971
0.174610  0.124580
0.216910  0.101957
0.136411  0.101800
0.271196  0.127889
0.298293  0.101814
0.200172  0.094912
0.334146  0.114617
0.299786  0.072762
0.208732  0.117637
0.298693  0.141861
0.382411  0.115585
0.484026  0.115263
0.433378  0.095505
0.475753  0.156553
0.430504  0.131773
0.516375  0.175771
0.597025  0.170279
0.487882  0.185240
0.654845  0.207075
0.458528  0.363767
0.396559  0.361501
0.475645  0.416799
0.429125  0.340810
0.432033  0.322686
0.352681  0.320108
0.218420  0.328122
0.362928  0.359204
0.321494  0.324616
0.326158  0.349555
0.211766  0.290689
0.194027  0.338038
0.192680  0.393135
0.156642  0.438982
0.135082  0.412528
0.104839  0.460822
0.077135  0.435298
0.067424  0.551283
0.053635  0.515654
0.034612  0.527675
0.026666  0.525004
0.041510  0.564593
0.054524  0.582986
0.052862  0.283916
0.056586  0.214430
0.096137  0.515734
0.149549  0.580508
0.198787  0.664665
0.249863  0.561503
0.239846  0.447062
0.300004  0.391195
0.343292  0.504047
0.403839  0.486889
0.474662  0.414567
0.463188  0.490256
0.401606  0.477339
0.455367  0.523662
0.251986  0.706975
0.313013  0.620275
0.249304  0.574460
0.224467  0.545114
0.172000  0.518884
0.130781  0.501313
0.104612  0.418667
0.086598  0.471103
0.085989  0.438003
0.087038  0.490576
0.065041  0.466482
0.027173  0.544795
0.029004  0.508037
0.060246  0.368575
0.233119  0.126439
0.000000  0.000000
0.000000  0.141395
0.000000  0.282790
0.000000  0.424185
0.000000  0.565580
0.000000  0.706975
0.130969  0.000000
0.261938  0.000000
0.392907  0.000000
0.523876  0.000000
0.654845  0.000000

0.306045028967809
0.407419216389306
-0.174317495248441

0.548137661892449
0.571474420612380
-0.157402950502426

1.069955477969198
0.383681879356675
-0.289665896674919

1.319786965940853
0.440247863669003
-0.082891234568215

1.747111444032090
0.171373230414125
-0.135540592042990

2.095626527415655
0.072284105629377
-0.036927441677025

2.391892919585004
0.076513575161135
0.074189775436808

2.662916595984296
0.024995754742391
0.148141898420457

-1.580687029666602
2.031773139055009
1.699360946050156

-0.096256690168672
0.222379177857092
0.171062146562820


