0.1200000

0.600000

0.000000
0.000000

0.519820
0.917111

537.208441
0.515764

106
10

-6.907538690583468
-3.122497579331138
-11.350680434679338
1.837056756361123
14.324949645828472
9.737217917269749
0.031113785205885
-0.174791994278688
3.437321910542470
7.136762794345362
-2.051682043470396
-8.239218975492980
2.511471952762559
-9.725816104908462
9.950355669607994
-10.785538996746899
6.640469080540189
-3.372837586272112
-0.483092421090501
2.014326919015664
-7.195171012513070
0.212935099506675
3.299485966818534
-3.873283111857868
6.343345746218891
-5.896860127468552
3.152450461704472
-4.710229693631650
2.576143485541540
-0.315580426558609
0.864046566583373
-1.102761963920232
-0.244227534606623
-0.651049900592260
0.463456402051359
-9.536022635722599
0.888056042828782
0.021599341611707
-0.585467049997627
1.697973703361015
3.484455179532216
-0.488270317844289
0.254003439757290
-0.696562931601597
-1.214714939835019
6.273410258457235
0.734244318245049
0.882673944225415
-0.227244119949265
-0.878130797043710
-1.391530402595984
3.728525504487531
-7.526351935160813
7.657130278200953
-0.399852346704521
1.161533287142275
1.027634621555469
-0.289676524795516
0.144234102399939
-0.615800546022091
0.135447814676737
0.221266682381659
0.740926135452927
0.184390682278439
1.774784602712340
-1.801816361192051
-1.008652239513877
-0.953431949518861
0.043952018332354
-0.367744900365452
1.486212613532326
-0.826427624632669
-1.135159482051719
-1.805856873564165
0.871212546134562
-0.232474668252760
3.999114473641150
7.228543489609785
-3.091546978907277
0.622439570305782
-0.525194439518211
-6.561184672969302
0.245049701934421
0.332381780635931
-0.040444695587793
-2.842057137517640
1.726675460089389
-2.170541538716737
0.999413441858472
-0.418638871686252
0.545150713260451
0.372048051793945
-0.714491128712937
1.881853076465825
2.408865036540260
-0.748860412754776
-0.197761897633589
-0.093970207946486
-0.379364549747968
-0.281582962428976
0.112250231159088
2.078316383717786
1.107944360354837
-1.355503668529233
-0.063370280013221
0.061937643936800

14.572000014062878
1.520784058215319
-29.008222836973211
1.946952407690157
10.473874630006613
10.184915453464445
-3.662674494750384
17.721673279576745
3.626605567084699
4.422635665119692
-1.694766317425671
-5.656368266744292
1.119736385112091
-5.984332859669165
-20.659650762677813
1.330289742340587
6.468404378730678
-3.643269234284218
-0.105823162626872
2.289898170813140
-6.075889765841910
-1.469495127559053
3.412745887519320
-3.247920623655942
9.083939402046141
-9.389978242315548
3.189695754999046
-7.916815666259701
5.795721285749026
0.492716786987603
-0.793683626392229
-1.410829098740083
1.369463568032492
-0.620905124400708
-0.556293405776156
-10.500575735694641
-0.307726933003769
-0.301495579425864
0.190620188383100
0.632621214310927
6.688035574770230
0.247336441989468
1.852812903507059
-1.312891719918520
2.245899171473271
4.458717622393860
-4.161695178848827
-0.378819735866258
0.147123598602802
0.443251383526243
-1.047197708866111
3.810999427031514
-7.840720880324306
7.888310912962889
-0.855625942896406
2.010907244765383
-0.319125032561299
2.052613859275557
-0.235212550376310
-1.919012046388236
-0.105593781401021
0.031426693823732
0.229114965365696
1.171274588550494
0.117897394813976
-0.889702130595922
3.888869341688347
-0.034033012270184
0.636414790780703
-1.500366933080380
-0.391404831679065
-2.059918516542493
-2.930444994396622
-2.752877383417963
0.759840342031132
-1.779563398242198
3.316457572732622
1.260820195951087
-0.823744829980224
2.103311232148214
0.267924163314932
-0.211528814010199
0.683610038967131
-0.495249087099971
-0.787747529250751
-3.182456553395261
-0.046629604043337
-0.323773984587791
0.473138184801240
0.366896435984611
-0.954554503725564
1.541022427737110
-0.209310532126355
-1.910698204067319
2.922950178388499
-1.302750093655340
0.004328241422434
0.020438649558198
-0.782492921674436
0.230989060902516
0.017855756073269
2.007553587253294
0.965376556540728
-0.625580930010231
0.269189579959981
0.199438298792473

2.193892481541498
-2.934564585531103
-14.453712948050654
0.874925185288286
6.210950687596094
8.790600299678573
2.671443473544812
-2.433655933802122
2.840929670714818
-6.087364130729178
2.755421760302977
7.187273311796981
0.000000000000000
-4.034438579471635
0.184331933533171
-2.366652722613914
0.318605367983834
-1.633936508945585
7.088353831015499
-5.647947212888825
-0.550211042539086
-1.313775854797112
4.044181288844104
-2.921721018076435
0.165669022911012
-2.125611909584900
5.419665136040914
-7.713980912840971
4.634303392868833
0.006511615349651
-0.543333504891475
-0.386551232979923
-2.173925756096814
0.681435941101638
0.088323633812523
0.231819606466202
1.921253336650664
-1.945536578519241
2.149023082714165
2.457170727229827
2.226364146884454
-2.254291708590684
-3.830335276724314
-2.652185909926256
-0.542531992465346
-2.465500194728190
2.624332036143048
1.482692944265217
0.535470368657848
2.674543498965824
1.218469854074116
0.545214277257088
0.451639446773030
-1.181072725818695
-0.299987828710821
0.521403161968151
-0.298196604460740
2.169914530971219
-0.214916303936755
-0.723134328921564
-0.277881492071015
-0.140842334448534
0.299769552928597
0.743768853313126
-1.974901783930489
-0.242242052692100
-6.548037747619043
0.199680297624469
-0.035524582568647
1.218981916482928
4.685876577919149
-1.456822121646544
3.805637273917437
-1.161963466972872
-0.635241183762260
-4.048175353395816
-0.010592383000326
-1.240318644477940
3.919843752943626
0.246170404763126
0.271301886185356
1.935894189127480
1.669774622541426
-0.689101765848276
-1.170811237124054
-2.404336831760429
-0.413069038227701
0.457879047095954
0.647294869298873
-0.254497339637378
0.697808074878835
-1.353693624987870
0.800479685127670
1.360663317304434
-1.254696859501769
0.710537057895712
0.169731899279230
-0.139020605747697
-0.475718783480198
0.055446049551108
-0.091775557851822
0.083200288677909
0.103462122491661
-1.849154586333642
0.146143521695413
0.002020988621701

7.070757183529615
5.358541197425011
-22.322285586803911
1.515386271992919
0.601284836008690
11.650220135177658
1.300586842463130
-18.943434821424422
-2.074915832243523
-9.353087156514935
1.993706361866892
12.982496801954193
8.150381923781879
0.111003112483610
22.417306231092088
-4.127529178946999
-3.754198877151053
-4.663538002194501
15.079068066619575
-13.243346563028085
3.581644415480238
1.852710654875994
-0.595089152626450
3.094829702048570
-15.134609529965358
9.141487296377195
3.731658236203781
-6.343128007165855
5.408222788130822
-0.357339715681113
0.111703235643907
0.043768567696184
0.142821213035068
0.917124086052231
0.218991049272975
3.954005243314521
-0.084167735430426
0.902372033830084
-1.708997635408140
0.522888735557739
-4.985620270023231
-0.629324571721107
-1.113851834587357
-1.567956354719070
-0.883065452343222
-0.384286727117416
2.736379315068553
0.523119658734623
-0.720346529774993
0.427933927990721
0.735096040294084
2.067705720930881
-1.528964987640485
1.718081432951785
-1.282237248854651
1.528344186187560
-1.503336339931838
2.335796427248891
-0.126700243924064
-1.117585632295000
-0.228300473653210
0.289136822422073
0.231476824438061
-0.425224584074574
0.000414018234404
-0.713589724344176
-0.272382051055357
0.045579520844055
1.050499799513206
1.426286083318373
-0.526257287612819
-0.683391119525496
-0.872314609116995
0.730366119686244
0.046957386957128
1.117692699367468
6.789051728908635
4.732971768046881
-7.712132990309971
-0.965393177001655
-0.163796461962772
-3.803272132241892
-1.829498814689669
0.290364381372748
0.708133842483276
-2.327602518396834
0.644965348956590
-0.241526480521272
1.184558907088835
0.100197897262716
1.428461284060871
-2.599008480116575
0.694789818043353
-3.307410751708721
-5.845441664259838
0.937447782392303
0.237515153099786
-0.158536945083617
-0.074077954600618
0.070229173561137
0.049397338883494
-2.879029474490414
-1.403879900049542
-1.130699801190618
0.006617806948051
-0.028823065319021

5.081761004107175
-0.810443781823674
-2.226053062511509
1.587026769232815
-4.977559945309990
-0.816651501513031
-2.340069704096404
-11.078921642411926
-1.581244317105146
-12.786567031081599
1.101563869394888
15.179360490507504
7.156818113690365
3.765001724679090
15.428863604003482
-3.174919278054247
-0.231470442751881
-5.931477472678281
2.799517943413041
-2.606468232698173
-0.425342274086833
0.696989615047499
-1.827669963574965
4.244713775851143
12.245331518039764
-15.276911392614423
7.286780550486562
-10.362908163918519
3.990241410633712
-0.054300547242859
0.138088423543887
-0.274573079442122
0.326286772721696
-0.893696030768184
0.130083926408834
0.915159520030608
-0.768207831521447
-0.369891109793472
0.912210090545963
0.420099149760181
-1.728415214248451
0.641587142739327
-0.241679102378576
-2.144703790621108
-4.733793932678718
0.364375847274121
3.888931650067443
0.583185048552702
1.575911513725206
0.866541775136719
0.379129272234017
1.151499378721791
-3.557070496883241
2.997343074142664
0.136336935878681
-0.057744831221373
1.577954011375035
-1.630477070949465
0.354502521510309
0.393351143187275
-0.679234273520139
0.309406563621589
-0.254048134909970
0.528982338459694
-0.927354070318593
-0.399435040498244
-0.456732676927730
0.287415911940847
-1.326479856000938
0.187797448572754
1.767031308119689
0.467241291156330
0.229131252473417
-0.249303132894005
-1.043025826499119
1.919017037351692
-6.228782482428435
-3.586880271972824
5.089971519297682
0.091387558628623
-0.883719206742851
2.218306203828987
-1.136676239612108
0.894998753349474
2.521232014585447
-0.741690967854430
0.668885930151231
0.076128243687479
-0.432332452696453
0.085235552373289
0.167837803542171
-1.186147043173714
0.901852973700481
0.178019071685158
-3.572590397150305
1.441818115956852
0.352478183885015
-0.192758094944853
-0.063472648861506
-0.163464004362995
0.003220142106298
-2.136528014335988
1.310712171898500
-1.543708701956661
0.002761422673994
0.096178315470755

17.994444564875192
-1.403787338365314
-4.270070055193686
1.977822774467538
-9.947789079005581
-4.088234240314223
3.880767121531267
-6.551821336945090
1.289901809930826
-12.024007308939323
1.449764185005145
15.548434630914876
-4.469518406084655
4.490903821522184
14.660826654231737
-10.349386799692754
-2.764800958968209
-3.238807616802440
12.911443649640399
-8.198244257695290
2.019999373233648
-0.568955556382129
1.467613718343833
-0.305428333254534
-7.637378837914919
2.392345728261398
3.702688815022719
-4.100661948832540
1.911523874223792
-0.076677181113858
0.156052707021980
-0.780891942571152
-0.251280451840889
1.673433038748592
0.110345595499833
7.518076931855428
0.239315554911138
0.547954116880521
-0.046101006896355
-2.849574220862552
-3.788282133705800
1.050280772741990
-0.825627934162187
0.298553799833965
2.628255507340872
-3.956480052161275
-0.991600293007114
-2.507273729353491
0.737364469988142
-1.328032291279942
1.292865094767164
-1.491011796094333
-2.934277231062194
2.642589975102931
1.212060880254127
-0.148463247823244
5.555386103450080
-5.854586986137212
1.104089216151930
-0.102093745064194
-2.164071893085586
0.218502915587485
-0.803154792277772
0.098480670085801
-1.071217787428581
0.997309126057834
-1.586083378022017
0.306213828051449
-0.625552034009839
0.371172694245114
-1.107355657453707
3.266743008425559
1.904901233175684
-0.782564136542030
-0.090770929970726
1.120683142316008
-9.870882195278719
4.349432765072258
8.070889549975338
0.435726452180392
0.137552244594371
-4.724727412451953
0.674095139816442
-0.746849818761530
-0.400455362712850
1.097344485161272
0.681032730845703
0.611415453599169
-0.032917055631823
1.229659150704788
0.509132346697423
-1.886481476073455
1.702140175375770
-0.356728091771867
-4.743917769435880
1.991387831686871
0.502813566202386
-0.079442179767257
-0.608896502468851
0.037126249550064
0.004659341296164
-1.488977833077973
-0.459863885914451
-1.220300312389044
-0.037879139457105
-0.043282629515909

6.984568148024115
-2.911856829224921
8.604019632768448
-1.131663055839548
-8.357093401425908
-7.579255937101475
6.755894668784091
5.763083832924404
-1.462062255674580
-3.785709395162686
-2.775346557296253
2.503061108151809
-7.992979131197161
5.050783542383851
-4.612786432052846
2.383078876008458
2.883403752626425
-0.057505802393214
8.140671215978566
-7.243178106157239
-0.807641345802526
1.713576083659152
-0.973067109704076
4.718327419193393
-0.809939677036018
-5.154019151384784
0.371585762228708
-2.031364554813536
1.916779387371543
0.401772175470513
-0.562752600227370
-0.632007845071472
3.361157739827375
-0.807704055853878
-1.572207530056360
3.916441781182450
-2.281247088713627
-2.317921805372964
3.127610414437693
0.613325556112305
-2.779103535788187
0.355504826966498
-2.866696321694696
-2.192330780354973
-0.662767111923425
-1.029972381449651
3.479788659523258
-0.989763996949139
2.943609123059733
0.469189336632341
-0.090977724531601
-3.789002076897678
1.681155173041267
-0.705330596410709
0.628026972011300
-1.041098794485630
-0.586670500228309
-0.493376683243129
0.997956325561781
0.960031949935539
-1.251977556905886
-0.063647756690808
-0.195391032354882
0.289932510863278
-1.835788090007109
0.731021451368503
-0.000000000000000
0.378774709722225
-1.099130190644868
1.993868080759690
0.205453566925643
1.223644013387375
-0.947754936361157
2.573751182155548
-1.816095667537727
-0.024326491925189
-3.758163750812675
-0.245961284164023
5.370232041220776
-1.543884760906057
0.017982205177151
-1.104852675483980
-3.937136345629801
1.640928659033721
2.169793479907321
3.836539734487064
0.019542131487391
0.073849159187474
-0.769449852554713
-0.168488388758928
1.540580985257519
-1.616157538158830
1.194924168916681
0.807086153962288
-1.935884645503945
1.187230814168408
0.208125097213100
0.148201942379005
0.158596323444746
-0.193244093065758
-0.010259614439233
-1.160291917831849
0.224194123880324
-0.114305571300929
0.141903526093355
0.018033463609938

-18.208760735518464
-1.477895940167677
34.659798289375964
0.591397871037989
-4.205417931128783
-14.889787524802596
-14.763030841162779
15.369537712787341
-1.667553224835347
-2.731443067729187
0.725195407806030
2.152690750570888
3.752366343395462
19.412956077449312
-23.887802827176156
7.995087652731503
0.332447466016890
-1.321244374871792
-1.468333853025159
-2.471602059306765
-1.944374867562231
6.819661558805707
-5.793521790355540
8.942839360494821
-1.646004390892243
-1.609897172323876
-2.078309861534193
1.502450496214512
0.636765256713642
0.129277052167149
-0.237276542177482
-0.486947678138741
2.908338223389531
0.835298853391003
-1.093004272932216
1.985044380789824
-1.962349411347475
-1.239845199348516
1.723644822237490
-1.733810339916644
-2.248210122496355
1.030745627508064
-0.159789237187560
1.155962379594129
2.339713268330711
-0.062836263728897
-1.771406792683075
-0.834973762327505
0.325441054279791
0.198999035784923
-2.318174612366905
0.443906199417399
8.589440725101447
-6.497347181786508
-0.566856006344051
-1.056187922554206
-1.163857393064303
1.324356250472668
0.459490680263443
0.979483860884578
-0.211768832239741
0.155158190366350
-1.033258398550372
0.628748832072479
-2.103659182223022
1.684726180274628
-2.966832677469713
0.339435290029123
-0.626388180472998
0.163895563496521
1.931286383552871
0.131419135674442
3.093682023235961
1.515615544964174
-1.326820816356320
2.297407121339173
-11.585452666560014
2.071809288364471
9.781980433535315
-0.757140147534947
0.119395300961715
-2.790190537764024
-3.178319470285015
0.957084019365495
1.884288036556177
-0.337133952829952
-1.706353117688015
1.409256329852489
-0.447711511816869
-0.130427566358953
0.951664218108753
-0.270446402236917
-0.833051338187138
1.353136137523573
-3.575657412213174
1.683555644211284
-0.438810635644712
0.207279696863615
0.159298323911941
-0.140320249354533
-0.065345089280593
-2.022047034288121
0.225052499224813
0.116557570735510
0.006447733189716
-0.045527661888692

2.493798222065367
-2.108022588572145
-1.663619758455254
2.010199305732606
-9.286473640408227
8.034060474989209
-5.741069095757644
-27.067910254143168
-41.374963354093609
13.366145252130307
-10.729174094483389
-30.808823613386849
7.904182763211277
9.681683581287503
35.080314251885120
-11.626087729367326
-14.816628769803263
-0.067662391071397
16.282556526078693
-8.625175905182076
7.406487511499498
-23.671267006204715
11.868428822927674
-11.304411251924909
-1.502753392286590
-12.945183246902033
-9.784438650949094
-9.796363867984036
3.034121227091297
-19.650498065165493
-4.554279827706913
2.072265011251572
0.929553485799314
0.449557875127197
-2.327089868728647
0.860806333753811
-0.496036341047208
2.453379408954992
-2.978418185162980
0.303463842618683
1.438332968407964
2.220656586647412
-4.993764348428188
-2.932523823951871
0.068983929103382
0.844665272892423
2.242857291878807
1.116612977794472
2.823266104308020
3.992744407803494
0.640350875112065
-2.151883764261385
4.479282040051797
-3.247522892054352
0.478823616945453
1.792380870287448
-7.049803982241254
2.834883552641329
-6.671961243594473
-5.112862877621542
1.483475117965628
-4.175769474630155
0.343857999170742
-0.938662838910835
0.522306010142674
1.022969849356100
-1.589364740910848
-0.494158892773150
1.170958254256089
-0.623027232411403
2.189477033500062
-1.441811407168641
1.151457729440000
1.445693389208047
-1.309556159486986
1.006531331620117
5.210603842081307
0.241818344575485
-4.418910431347507
-1.342594518850680
0.731258558298231
-1.243295113519715
2.879633174968340
-0.976728761240796
-2.022601934951367
0.373898025747481
0.480351521522261
-3.671189447116309
0.423776565929805
-1.178285783352703
-3.506096126519060
1.775634617055102
-3.760298844443070
-3.630285003230204
-4.163052303759287
13.435744143208915
5.528730862585158
4.697761992876267
5.034392332677847
2.741146466676444
1.539984183264715
80.710247898788552
21.645799913784067
21.438513523729583
6.129808475234702
1.011687305913911

0.242137185040883
-0.053219666268964
-0.614261674908694
0.172905797135302
0.126573504572703
0.309900057680481
0.328962678173917
-0.310326903065965
-0.164582446177531
0.035540300622467
-0.070825297259841
0.060022632103241
0.183256617998992
-0.451033814010503
0.732342823506208
-0.610476776704126
0.943412502027613
-0.379207946911954
1.194790085967601
-0.656511845834922
-2.290274769769841
1.011937964155914
1.273519919141154
1.032089265878240
13.366139093761340
-16.819914124757570
7.367612254045572
-17.851957408214716
9.094752575724291
-7.595467638945472
-3.343150529693390
0.097015157670972
-3.432620542769332
-0.080224860481330
-0.477150332165883
4.038838617546315
2.256011164747648
-2.288914547089278
2.781117067192050
1.717787925816814
-1.979465816397221
0.508468460897939
-2.977801898101553
-0.718622880577013
-0.318963823789134
-1.636796331242751
2.266187143504531
-0.086355476093450
0.602737376371210
0.453548893924406
-0.244174116878894
-0.210074624945839
0.669149512078812
-0.757466690270858
0.157698949518342
0.078353587580364
0.098631874604416
-0.162545613170841
0.151297856634662
0.057160098915161
-0.274582551926173
0.127547562727394
-0.697970296308599
0.771387945517434
-2.353244519059716
0.565278684693400
-6.958329284883679
1.295719489592129
-4.193546119016622
3.035028323607092
0.938245787656595
4.101871836263274
3.863533821783661
-1.374159803215598
-1.222249616228450
2.103420352040252
-8.896522518266716
0.069395725020370
6.592980833229436
0.207060441056457
0.767295137524345
1.950347123404736
-6.882187986243260
1.887388405042448
4.263163331132900
0.390425671212226
-0.762475474911577
1.114662593169262
0.048284692480075
0.164386885436267
0.081064601175036
0.074460077088484
0.014521724695766
-0.020988503410472
0.080111712039573
-0.279212609964141
-0.097937533280817
-0.104333576642832
-0.114236273640175
-0.094099904375885
0.023542085816977
0.431974655845747
2.891327212136290
6.367501323628622
2.857148936272291
0.419488606557187


0.067617  0.050568
0.018752  0.056225
0.065919  0.053922
0.108248  0.072563
0.065072  0.043259
0.060546  0.056229
0.070931  0.033610
0.064181  0.000000
0.094259  0.000462
0.093930  0.016234
0.035628  0.000489
0.099345  0.014077
0.084955  0.040981
0.066830  0.029032
0.067342  0.000048
0.075291  0.000000
0.116141  0.012769
0.113746  0.050907
0.158568  0.022715
0.146679  0.022784
0.127102  0.006281
0.130467  0.000000
0.148875  0.000000
0.158245  0.006971
0.169808  0.007816
0.168499  0.004792
0.252060  0.014060
0.240595  0.022956
0.238901  0.039358
0.337542  0.013324
0.357058  0.090906
0.291206  0.118558
0.461734  0.365352
0.367285  0.266607
0.424942  0.352687
0.365258  0.373855
0.471156  0.391906
0.253582  0.218023
0.263624  0.235667
0.362619  0.309551
0.358061  0.367334
0.332371  0.282677
0.317770  0.342388
0.285427  0.421754
0.289254  0.349874
0.356466  0.386641
0.302194  0.352294
0.223487  0.333080
0.269004  0.406188
0.300676  0.461045
0.213713  0.407104
0.233428  0.454434
0.169524  0.427957
0.162173  0.427354
0.127521  0.451873
0.125681  0.559323
0.084910  0.494863
0.096183  0.490941
0.073044  0.381489
0.078496  0.591500
0.112853  0.393537
0.116628  0.798759
0.188189  0.769053
0.198518  0.826956
0.250874  0.840275
0.223062  0.810156
0.340107  0.808885
0.257989  0.917111
0.440116  0.853814
0.297343  0.804849
0.350148  0.837014
0.393265  0.821156
0.332223  0.788451
0.377393  0.631009
0.329546  0.746735
0.376662  0.733200
0.380250  0.753367
0.428317  0.715726
0.385570  0.747861
0.330761  0.636940
0.519820  0.621359
0.426481  0.720402
0.472663  0.681462
0.458075  0.758021
0.500248  0.676178
0.224816  0.484755
0.325666  0.453330
0.314957  0.431428
0.263008  0.520829
0.163005  0.380629
0.097730  0.157332
0.098988  0.140187
0.046782  0.115930
0.023382  0.062883
0.025180  0.036310
0.000000  0.000000
0.000000  0.183422
0.000000  0.366844
0.000000  0.550266
0.000000  0.733689
0.000000  0.917111
0.103964  0.000000
0.207928  0.000000
0.311892  0.000000
0.415856  0.000000
0.519820  0.000000

0.485356623308468
0.350922946681764
-0.060551196075313

0.642684451765455
0.192020890851778
0.013517600493064

0.980879879946875
0.157844961967978
-0.014045527612013

1.265509146652091
0.038373795189097
0.037406982614820

1.509679347429556
0.109807917833227
0.193749832104496

1.811425533179578
0.146877011851337
0.193127063500456

2.254180934958643
-0.059378721075323
0.096148615990723

2.537510324200601
0.062056619094785
0.036078626800107

-1.346600897359891
1.816779851087845
0.987649971065458

-0.167558293214325
0.298552260611875
0.294055292263954


