0.070000

0.600000

0.000000
0.000000

0.568498
0.870472

620.875061
0.810822

111
10

0.566132851750998
6.196785949003308
-1.918497843589187
0.835684533288375
-1.854335925231673
-4.033031087628509
-1.682483686697432
-1.777995055736011
4.023160318588933
-1.435136359486411
-3.594096885454078
-1.066143256917891
0.572865626232967
0.721527943289109
1.541467167809432
-1.771714396192339
1.726351179484198
-0.474298727542440
0.759661292491836
-0.887890582138337
1.705801684847617
-2.181113766842912
-1.039091883858699
0.945049717806681
1.669371039359684
-2.608832112635813
0.349311630528330
0.501457394224481
-0.748987557195680
1.121490325326016
0.862456780528431
-2.648950891980016
-1.163049334717518
2.528255781995940
-0.137186557877798
-1.673171732540566
0.838131049310387
0.407527351662847
-0.523920849258875
2.426181099034192
0.322941351624247
-1.526696335429284
-0.836293572800127
-2.469230068530054
1.651258350104147
0.049486645762040
-3.434083400818037
-1.449798518188409
-0.579282975199850
-1.704334196346758
1.189267398827971
0.184044277840596
-0.171406385678787
1.588983150490720
2.723842195898209
-7.044271851209926
4.611867037985403
-1.851849994342338
-2.823998728719510
0.358708797095877
-0.463104458979828
1.889045698452298
0.161389532772822
2.703015588209917
-1.513187748501830
1.782744537629653
1.589739671220722
-0.773009815350920
-1.093839800268995
-2.408570794765496
3.954178483090215
1.407586688287473
-1.314770183587043
1.883667119766884
0.124725640699759
0.241732135695952
0.837564586883963
0.139933470520512
0.158095287435541
0.218921003926671
0.092747689035546
1.337816465070415
-1.973902396975404
2.628800825047762
1.360222779260224
0.383477366011178
-2.688655142699334
0.217585964537693
0.053812303306781
0.539648345503813
-2.335880227429199
1.521707830710036
0.484205347603612
-0.487878811633191
0.318176167953565
3.612028888894832
2.158916445902197
0.662751508915984
-2.563461578327786
-0.045066852198197
-0.440197203409464
0.314602312287780
-0.340986792026666
-0.099977932094004
-0.324154821559709
-0.294605122035619
0.285549068479604
-0.133359156934425
0.063485995649751
0.057535153618561
0.241303467922739

-0.400852312131669
8.320854742127372
-0.277032571074580
-0.350280762517253
2.366822112144130
-2.237317659763843
-1.804524543835832
1.086557862184111
-0.274637602754196
0.378941357280784
-6.798658267270121
1.323041288595775
-1.179880291772945
-1.435093671680428
-2.335445991603907
0.394614670878878
0.220282433392983
-0.601438990732294
0.164329105924399
-1.082106503601011
-0.648561826638361
1.281297008697101
0.991593901067778
-1.211784132921333
-0.521557246053276
0.831958012222739
2.933433993953185
-4.192328790413431
0.934796720748041
-0.813135731625180
0.980890770542941
-7.974867989101322
2.567392520549980
5.716550255644382
-1.269417189596154
6.633113972437445
-4.414080744598581
0.155671645042851
-3.118070434640749
0.330589088230144
-0.785935558658455
1.789098027365066
-2.564752198659241
0.077175835010780
-0.649386838568680
1.131475176025416
-6.409459178064925
-3.016623699907945
-1.479997157946579
1.864600355180868
0.779478064409339
1.881643625315996
-3.791137527783238
-0.803650638497541
5.675625697525462
-8.365327849456229
10.865753833487096
-4.261763590703831
0.808718391728120
-1.038891320179881
1.102090021784833
1.917126939477032
1.940531202775216
0.630082679800458
0.164841465260846
1.273824402525311
2.155789523079142
1.691782377831791
0.142800603865368
0.622437148139318
-0.273647174847698
-0.654627630315386
-0.599218991788814
-1.695917776674797
-0.322139856826262
2.053663793446400
0.695893772697839
-0.854270521650229
0.376116153662331
-0.104715124648613
0.850725202792730
-0.068615490456346
-0.147840672640159
-4.194263850585712
-0.463735872392488
3.697667216441452
0.175071976918215
-2.974824605170203
-1.971514042056368
1.606810334813696
2.778042578059519
-0.411441536869351
1.702875155359975
0.786195685252583
-0.375036177625798
2.758446964336017
1.309479469285465
1.267798148302736
-0.669035512464904
1.356125300630601
-0.682588045800812
-0.490027841385394
-0.259551495847109
-1.115670227471848
-0.177183903242555
-1.029910189157008
0.232330951541556
-0.256940942596169
0.050521350594713
-0.399842802309815
0.475187987285700

2.661995682495338
8.574834260634603
2.701185379160673
1.257453921273526
2.532097426877423
-0.026289907118422
-3.057343804515901
1.283422263855388
-7.314254735934024
-2.872432845107047
-5.153591443460604
2.183126725731474
0.309359805553845
-0.877942485522005
-1.082665560616340
-0.882069363246835
1.605906483337062
-1.124842799872563
0.225289894727149
0.586496402876605
-1.532401604252319
1.240573964356765
-0.058594126902517
-1.170626833023933
-0.078435604658059
-0.429392753945438
1.035397637723894
-2.020987985647657
1.895949064196380
0.291402869649946
-0.436253435400914
1.432007543913851
0.556106398250719
1.557428488235109
1.027169222170622
-0.135240231370087
-2.704443501027154
-1.276019616307022
-1.307426205709484
0.563118558921176
1.529314982745158
-0.153929805799300
-0.415411299820013
-2.663255732153390
-0.474820939348970
-1.247603305092035
-6.818433303096548
3.381358884150447
-0.490191154684822
0.226446197460914
2.938300221818936
-2.626773775839154
-1.055210682257721
-2.129489291481960
8.375592136065832
-4.451091462762916
4.248514827402705
-0.383918699778451
-0.503947614509066
1.082796721570821
0.424588820435563
0.165802776545717
0.629480475692493
-1.801516082749246
1.699815013412797
-0.661531249616530
0.441371099216122
2.250094312161859
1.586866942067092
-0.725504972589245
0.350370412322354
0.484740561555307
-0.126463839248101
3.491801925557236
-0.472545092407913
-3.357502095690734
0.025281175460572
0.920224565803610
0.123464854768247
0.087719037874120
1.878861897416829
-2.082260037630283
0.712915731130734
-1.593138781108818
-0.811261080643052
3.122231428758805
0.417068360554903
-1.575759729593754
-1.715242947826410
0.936629498678659
0.515504160933231
-0.811947212601856
0.927353222090005
0.004937529496117
-0.141667582629783
-3.362011944108024
2.426958789163161
0.567716473681635
-0.981259020001478
-0.178203685941245
-0.175997230404422
-0.763116944487749
-0.237469371572446
-0.540321456830916
0.140200575165304
-0.474963508995796
-0.498637697717453
0.414606144460165
-0.013158524902062
-0.622100670933017
0.629660900308178

-0.521219482985039
8.630410133311774
3.294869664454735
-0.277506487653443
3.473835905969055
-2.478347633576833
-2.512774129069272
-3.449904526274891
-1.975526615624257
-0.038762925449621
-8.601132072483116
1.088344235644170
0.087834946314907
-0.589410665890626
2.149512769922856
-0.217662796682487
2.167870434941344
-1.923933969575661
-0.355528502373434
-2.475392069892494
1.075765051751663
-3.031935106106188
2.173975978437241
2.276404496000056
-1.194521481568549
2.220080272710684
1.739862752597019
-1.152331656376912
-0.797073386517292
-0.073118826119322
0.637252145601113
-13.141420070853533
0.767899009003569
9.871685270957073
-0.526280738200789
4.618214876727175
0.709185244145253
-2.404236745065624
-1.526411808546293
-1.350200910244964
4.227851584522917
-1.729834693592129
-3.684011041666933
0.217212384824239
0.073170814197143
1.749156279762336
-8.601988266626291
-0.295876599573836
-1.614707900099543
-0.181040632745291
2.497975001285715
-0.136682243670996
-1.564130192633287
-0.075481024506331
7.338818064478378
-1.542713433655869
1.550019935368887
-2.009756292584489
0.437240296251020
-0.062515735537093
0.515221461678489
0.592657715644151
-1.583807305186443
0.710898716817118
2.271578056076165
2.253646618966728
-0.479224939870386
1.181575172056520
2.819193107039052
-1.699481391052021
3.571497125066641
-0.019588056566680
-2.382842625832192
1.863937282156115
0.544624187653311
-0.426661721783613
0.556911015723478
-0.112065185774422
-0.463165001612484
1.090313983137183
-1.922077224060717
0.443739197565626
0.951050170000064
0.857307336404232
0.544260691442963
-0.893009445020688
-1.605940367971644
0.506910052416565
1.961283398815364
-0.393973255232816
-1.153054140386864
1.341084836456689
-0.159438670390055
-1.378418099951832
-0.016939939472453
-1.409297977537457
2.504862485978575
-0.914713074441347
-0.590537884146782
-0.522209149784748
-0.122897505928345
-0.379065009205742
-0.586230286904741
-0.254728403668479
-0.229472729821860
-0.024309036879696
-0.231300300110331
0.253065885322559
-0.573503316102858
-0.197662303981950
0.428918984871255

-0.645497835117710
11.036181350555223
0.556602322322935
-2.111077776682872
2.950110986929400
-9.539735333446812
-3.853095455925503
-0.054233595727864
8.831324818928291
-0.958353692585617
-9.981364683755103
-1.189559666617069
1.983955512130964
-1.322937189861510
-0.174916615266494
0.078122606260542
0.960734754455042
-1.095632850423757
0.064049280231648
0.411104248689885
-1.260795729388855
1.108871530516421
0.772168506045192
-1.283667473578596
-1.057794795002227
1.211984364708479
2.295180172357608
-1.936561548349966
0.392624169133765
-1.682424272703863
1.269359537612454
-0.600030187608756
-0.735138164465618
0.157124229872825
2.560971473026530
-2.371616016788632
1.468454497115725
-0.331540675098393
0.232670158133000
-2.149245010898801
3.454034869900533
-0.983188250818026
-3.579880450285530
1.022904024706143
-4.016372653709331
4.629569864970677
-1.299592523799797
3.779075005065401
-2.552284107345525
5.007299964880625
-0.472437374768400
2.948592219577567
-5.127830589536266
3.250786038208756
-3.053345293433457
4.597275785876970
-5.979512813418071
3.061272433502333
0.665990411404465
-5.135143995261918
2.060740056432290
-0.635720385992113
-0.561688134547625
1.596255971730085
0.647850174078512
5.053138759608570
-1.180516222646574
1.713530797438737
-1.351470178707208
8.338461966961971
-8.304691178741114
0.103434259259554
-2.040431350505233
0.521370321232312
3.320778485990254
-1.105811457765438
0.043012088483582
0.239051743338738
-0.401094757837435
-0.087948857128284
-0.629773051792650
-1.376620881127316
0.008626763580492
-2.824189677130511
1.261827992088441
-1.496618260355009
-0.852517516074574
6.915569289387805
2.828355932181554
-5.818868365074097
1.517755514365045
0.900337113863269
-0.831095525855033
0.004012324941235
3.651217074793110
-0.798815472453183
0.620881993832488
-1.399262462010572
-1.559248003321370
0.290343488079257
-0.226558510025109
-0.631142108003596
-0.349782522970642
-0.943382437505060
-0.400572410106794
-0.024729215455485
-0.179325351523855
0.352294403517539
-0.132566054727149
-0.795497643809233
0.727502907337077

0.266163482754380
5.743652240878252
1.714636566672221
1.507661055945472
1.370098651400826
-8.863305656702842
-0.332591044387134
-1.329407758634814
4.719112453700778
-1.557703683884919
-5.618258324859886
0.844992248615113
0.505624952460228
-1.722435719401661
1.450322039074024
-0.998734760971582
1.576330528660823
0.258619193482061
0.105598426936714
1.141601530509840
-1.187678682454871
2.552651514371524
-0.713904390137604
-3.238081407637149
1.614261515136857
-1.353606409215517
-0.518869379332159
0.938591342762557
0.081430420958979
-0.001727863442857
1.583093098001769
1.668777122151000
-0.979060488357401
-4.107405826221479
1.586262199991271
-3.189402890678721
2.321720272239976
1.928084761401369
-0.093246877743801
-0.350941371070063
0.469119656874397
1.830423201698659
-3.450899832406746
0.631513682415791
-0.358522878317060
1.952472960576606
2.685789820763231
1.527247845987398
-1.201884153820573
2.588459358685361
-0.000423876347679
1.085685923531212
-0.941740322483031
-0.990619102102812
-4.837859359118628
4.953417550946309
-8.201772051238683
1.511845697574074
0.593620100012913
-2.019735302608289
1.154824307103772
-0.057116873142766
-1.423884697021067
-1.855499042075418
3.498198807079755
1.884035437910316
-2.426399928599030
2.273121585394804
1.816421238871119
5.129339701310663
-4.138604026498459
-0.376744046399923
-0.660580737087336
-7.960370508916724
1.764134546483996
8.000373311223099
1.251263671376699
0.403581914275185
-0.142780430316893
-0.446323271704381
-0.205326489315317
1.102389186746596
-2.248312831645435
-6.300394790443499
1.068021044812659
10.489281821653387
1.441046199830354
2.683129893453082
-8.885040702857054
-4.615170710325574
6.115206058550498
1.756969492958685
-1.452235086532764
0.384734446733191
1.067175572498070
-0.143824827267453
-0.722027657312413
-0.628597661971890
-2.190018513503579
-0.753027473307663
0.252509631264656
-1.103143926773349
-0.262137187459765
-0.500433106375240
-0.208648682255793
-0.528400003317485
0.041488174464815
-0.386056687830462
-0.003656555639255
-0.191737793900298
0.090186266772150

-1.488345152957578
8.611814015233730
2.546600663248015
0.088572599990905
4.729109625117403
-6.094841602661861
-0.928497450471841
-1.011084353032428
0.101877783768776
-2.469243782290282
-8.578418697548361
1.584655659174750
-0.567821542545462
-1.153105857137401
3.472586996241839
-0.005306250452672
1.199402708225569
-1.415220508606264
0.355572050466295
-0.232320947897680
-0.022788728802336
-0.187729290433661
0.228235253450733
-0.539866473781261
-0.630730219966978
0.214045387578141
0.647136617687166
-0.793947136806075
0.758546407094960
0.513046080994285
0.312536789376304
-4.018130773306881
-0.202009571572735
5.815170248299292
0.126017460513846
-4.687159435567128
7.002289362437813
-3.393679102151868
-0.131847750913145
-0.572632106138787
0.453357333299867
-0.394448855018842
-1.354009070477194
3.172201915648832
0.642848261036350
-0.068602680011350
-0.404608914572087
1.788051836935475
2.058959439645481
1.869785405322009
-1.331892044254859
0.989710045437217
0.086215647585417
-3.391527173854653
-2.393696105330415
3.068016460784905
-6.649846476445263
0.528297500052237
-0.229414923345020
2.391412157721353
0.133224937972359
0.868640588674867
-1.785889140214388
-0.931815005410143
2.648189402089003
1.946421974756869
-1.531948473161350
1.549108261881474
1.470663691803588
3.511151523487429
-2.771721009785815
1.720040125839956
-0.832543029530974
5.157740406469426
0.995013616302749
-4.490947480482333
2.086373113846246
0.874739316490916
0.001518675972713
-0.042623593542180
0.204647745149779
-0.886149813164777
1.448649281531443
-0.489450851899618
-0.249212548909806
-2.744030422832239
-0.032574798815226
-1.494989489007150
3.315510211177497
0.309146076589708
0.983034866828385
1.809774895675810
-1.231459609117745
-1.056634224196559
-2.043523605943185
-1.106146498945412
-1.038754123931909
-1.325295266112225
-3.570831708589999
-0.648608955371625
0.176463976841484
-0.290060354156755
-0.418381268129490
0.532815949043109
-0.842016846545195
0.396455186398742
0.201201590970975
-0.225083266742942
-0.197210259339946
-0.288136336911659
0.212213817813977

-0.575736453370269
6.615228480181689
2.489850309582729
0.005176995282089
3.977094707636651
2.020964611912353
0.591933616031538
1.408122965481085
-6.815479446255123
-0.266767691213463
-9.207405649214904
-1.014028602194132
0.614847453832557
-0.212365530154949
1.705010472133753
-2.159961025936680
2.038924778829368
-0.662044788792997
0.253720266148251
-3.564776527912411
1.093081102040808
-0.611638871373198
1.967284093177341
1.241139133091551
-1.219271176342004
-0.267372507603547
-1.173040906382993
0.869093333433814
1.149946532304536
1.225537606264205
-1.328228302150952
4.447567958090652
1.927599343327576
-2.507752359756645
0.435927358202152
2.318578178530189
-4.217598064583716
-1.606968257602894
-0.376065223100242
2.713836462973579
-3.127244621516311
2.683664451084001
-0.662038144783399
0.183403413082805
0.010453926375557
-0.168646215176583
1.877311736070525
1.936744365512119
1.904631294285701
-0.220111933757298
0.121430432461262
-0.719316806713105
0.231330446332527
-1.032881683818255
-2.883392210026987
0.358562538908682
-1.236098633476084
0.381928038685821
-0.204400769425386
2.141066704036427
-0.517775346094118
0.764743017909767
-1.040254406168469
-1.799583999129103
1.953107094186622
-0.840294979053744
0.267309903283284
-0.071021648181320
3.203233455991631
-0.829398087361839
0.982204316008401
0.056964302959787
1.664150371906334
7.503955815239367
0.365057965228147
-7.880391231959643
1.334599903783826
1.077539949424618
-0.009887914984743
0.457347095836646
-0.230475949034491
0.987812502041367
0.525339484154484
-2.530361293161167
-1.602894605706599
5.222875115493443
1.847949880162894
-0.369043598506959
-3.676935266766864
0.856043185457674
0.225790593785706
-1.078777806606930
-0.776813532264946
1.183465993700220
-2.264601547236214
-4.796524391778213
-0.403016604847518
-1.090600170144243
-2.448550391372654
-0.757477161360243
0.048150289440381
-0.100373927189569
-0.206543934344409
0.639603600042073
-0.588975986675938
0.148379528260219
-0.053590136964251
0.203906629874241
-0.453379680677259
0.138351824711014
-0.140698949204047

-5.498031959920488
9.241425461138858
-3.054446401305613
-1.473461567826972
-5.640715878719163
5.146540445030272
-4.540912224826624
9.184166592147449
3.561124557094926
-5.015053738513349
-5.480040681246025
-1.224944473975835
2.058316029088373
1.128753542049128
-7.579533217356131
-5.611995485111841
2.083473060292838
1.155413065463549
-5.253498971649393
-0.977534882430744
-2.646106559345867
1.911338302679777
3.864528715850844
-3.401070624939886
-0.403875235904786
1.361238653367643
-0.074645988935902
-2.034836014140338
-1.527967832491518
4.615254394560223
-1.546908692547362
-8.111089511723279
1.074532753453803
9.822279924978570
0.921472572494253
2.512477975255831
-1.553587812505075
-2.693622631271799
-0.319564900064376
-2.018011396266528
1.082025891508426
2.629336723612047
-2.340077907306994
-0.804449002564340
2.583535588074753
0.021804259243515
-0.209885361910004
-2.122335202021051
2.050097076139839
1.550490944035583
-0.373853994681921
2.162119272158219
1.350754444481362
-2.918149582141238
-0.959172952932794
2.829056472209615
-5.451470093338472
0.588923004300922
-0.065258203334155
0.148815096539396
-1.482303727978622
-9.781652981079768
-13.168488693457453
-0.225720283049493
-2.011085022701134
0.449352430177621
-5.674596907894496
-1.962963853701461
2.313226072579504
1.467807639396567
0.208077311868020
0.534716712507447
2.387318980120014
6.810196230611504
-1.646643492880088
-7.951268248870854
0.031013870109946
0.025030083679813
1.959588520215696
-1.386106568475844
1.595125354497001
-0.415961748463371
-1.419384668047036
4.173247658214783
-1.408943198596908
8.861751765639351
0.539456716148951
-2.896792709422444
-9.985534275747961
5.595990431150547
-2.831725282537229
-0.442626173778246
-6.539010918085474
-4.227939574283597
1.813978899887742
2.671639384397286
-0.056952082430528
0.505143538098860
1.936642170960032
-1.656980177686388
-0.839055755643903
8.098050242095058
12.487845437035961
8.384446588862463
6.183707016920748
2.374609103276980
4.142385867219764
2.232095906822236
2.128244587565379
1.847816766510084
2.540045152211371

0.018269062974436
0.413365062645444
0.017356297603441
-0.036399857425674
0.093159422290710
-0.099339228532846
-0.065247948526888
-0.337038079482056
0.055787707425757
-0.264076248297436
-0.247568983384160
0.292861978799391
-0.286196382540420
0.254085931913693
0.523975279816018
-1.150281570164279
1.159548889154604
-0.149517623891230
-0.118604746242216
-0.158587032681832
-0.204388233884625
0.477937529265218
-0.016400300163437
0.212577734400392
-2.914385864797432
1.697355278806815
-0.347706941880099
0.432040352529862
1.038744748329776
-0.432061451054479
0.494584166939230
-1.410926197304004
1.873543749513198
2.337340321396154
-0.692376910463443
-0.332947517185900
-0.809891588243948
0.377069400659682
-2.649596217868898
-1.028451653106588
1.038897947319811
0.412839546088546
-0.400476844743797
-0.285009106092138
0.135972248490798
-0.181877884619718
0.019189937993268
-0.067175876688019
-0.089659865332407
0.035987056369817
0.143314056062235
-0.090161440066771
-0.057727223287727
0.035092509338379
0.178321821214260
-0.591582277956283
0.307357497363368
0.101865157385286
-0.041152793963099
-0.008008426748949
-0.002548716938657
0.060796915373028
0.005049448311998
0.013717541024322
0.011865048017355
0.007392102476938
0.021541017937096
-0.003489620856187
0.063596971956160
-0.154390947334610
0.247600293691715
0.162957365803113
-0.630579154304327
-1.813517231798079
2.066329157023409
1.662292232839581
-0.690878688830837
0.257895080543319
0.096112811050118
0.188958150377700
0.085018568763605
0.207476550421895
0.213129252850753
-0.251780563251824
-0.041801086537996
0.195036169906294
-0.361353130439179
0.158485319305448
0.362405312038881
-0.174721996384569
-0.148068346354556
0.058050085266139
-0.004328170686991
-0.004142683510244
0.002861205238870
0.142628058725639
1.022594092678749
1.017194208015237
-2.161118711475579
-0.541324475929197
-0.222336613704304
-0.096418524428017
-0.099227401217312
-0.098256160463235
-0.123559003734048
0.053164274834785
-0.022886118214092
0.066460027473642
0.048838360127301
0.133538290944821
0.400125064591967


0.062298  0.103759
0.127053  0.104430
0.097133  0.114243
0.080510  0.082513
0.091101  0.085172
0.086731  0.104783
0.119404  0.082494
0.168381  0.132401
0.092676  0.098063
0.174432  0.108455
0.128218  0.112693
0.203850  0.138642
0.203315  0.112894
0.238136  0.168020
0.163481  0.141878
0.280377  0.119874
0.301646  0.117841
0.329263  0.156601
0.374911  0.111260
0.408254  0.138789
0.445795  0.106639
0.450186  0.144400
0.391703  0.136015
0.446873  0.168851
0.493097  0.162271
0.498128  0.171586
0.562783  0.146909
0.566071  0.174236
0.526551  0.159457
0.481853  0.212417
0.417098  0.227262
0.348964  0.262750
0.340088  0.302790
0.343218  0.256271
0.388084  0.279157
0.362709  0.269792
0.358501  0.283804
0.328707  0.276797
0.302216  0.301471
0.278330  0.258698
0.257007  0.275438
0.228314  0.274100
0.195982  0.299424
0.243062  0.331855
0.161712  0.323572
0.182305  0.362958
0.148630  0.379806
0.118564  0.425130
0.112581  0.355548
0.144605  0.286790
0.165168  0.238031
0.179584  0.198013
0.115904  0.218788
0.105934  0.293302
0.148541  0.372188
0.099959  0.467365
0.112760  0.470287
0.119697  0.502874
0.176354  0.566907
0.102932  0.557689
0.073862  0.593369
0.050495  0.519132
0.033358  0.357305
0.071027  0.383638
0.065731  0.339863
0.063349  0.144919
0.051611  0.172510
0.071132  0.239111
0.092313  0.418581
0.161518  0.463527
0.157809  0.475357
0.255019  0.529298
0.293578  0.446815
0.341838  0.444864
0.406951  0.469049
0.334971  0.441074
0.484187  0.485304
0.480445  0.383485
0.436210  0.870472
0.351036  0.785885
0.257497  0.705873
0.221292  0.691233
0.162004  0.721328
0.147732  0.761697
0.207708  0.844678
0.122990  0.790304
0.177350  0.828761
0.139602  0.713734
0.125605  0.801466
0.130457  0.700249
0.124554  0.746282
0.082524  0.679413
0.068832  0.740484
0.071465  0.654005
0.122505  0.588185
0.098342  0.438658
0.261963  0.362431
0.405775  0.399097
0.445745  0.500242
0.568498  0.276332
0.000000  0.000000
0.000000  0.174094
0.000000  0.348189
0.000000  0.522283
0.000000  0.696378
0.000000  0.870472
0.113700  0.000000
0.227399  0.000000
0.341099  0.000000
0.454798  0.000000
0.568498  0.000000

0.436157355157962
0.183599881680745
-0.246970537371195

0.598962588711545
0.650141173232080
0.016363179548919

1.011553853398766
0.551323962160076
0.005025038888327

1.280856471658545
0.600971288486390
-0.012511432001023

1.567226301262612
0.555541098234417
-0.003950499653430

1.971310689780465
0.383364056339736
0.098580261915707

2.327828269130130
0.223477570518932
0.088721539101624

2.697753839673176
0.163074344907513
0.087707554745236

-1.507097988331487
2.110483324507506
1.066282615247077

-0.087469695897270
0.331786560166129
0.176707016008448


