0.150000

0.600000

0.000000
0.000000

0.181367
0.840163

1226.959766
0.877802

35
10

-0.445391128268084
0.003495369745043
-0.111939962693438
-0.315413851637323
0.489834633832264
4.522454305494571
0.435061235689666
-5.152898370811332
0.254035486119778
0.986468014658525
-1.293269803416346
-0.265649357575334
-7.251865571848178
2.400287569103390
-2.429532677030444
-4.134483769179086
5.152367446642156
-6.514207833485714
4.580876654928990
6.540532714563493
0.687284287150608
1.732038279271107
0.292141274564653
0.602172386582748
-0.516838037055069
0.139933842749792
-0.522300228244579
-0.263453999772364
-0.074913189422083
-0.369411715157755
-0.000099350135121
0.025814457252763
0.090251107566037
0.133787557184825
0.592832233454797

1.015620360222556
0.517509528812254
-1.109781027290255
1.178780033505774
0.417922662975965
0.574022250103883
4.549455290118078
-4.634534990251585
-0.049305481839555
0.371923919454100
-0.274230313557063
-2.308809017050283
-1.862430404938832
-0.076712238643755
-1.206180543950418
-2.356951803105208
-0.771376634137966
6.223821419446024
-4.426036138541889
2.884166937981868
1.508090386888831
3.055844829031891
0.031930454186469
-1.553301593450289
-0.356734290718394
-0.618424515263674
0.230122416158516
-0.900841008995311
0.111523665252914
-0.665036158389896
-0.035337715897842
0.042688100677459
0.083581617519551
0.063080427977723
0.345939584061578

0.840541872578095
1.139871924277116
1.180543798577708
0.915835135957425
-0.090282946873522
-8.195891846021411
-0.205493650625609
7.791677743183224
0.804426280081142
-1.070484862372152
0.408883996246155
-0.826741951934221
-0.536846276969281
-0.649976040615966
0.252670070152023
0.568791556196995
1.371431673023637
-0.263311759890664
-0.054602916292252
0.081891973402266
-0.606448344744733
-2.696988444881335
0.712080354855759
-0.189576604059019
0.018703670664127
-0.250084380089357
-0.183964577334713
-1.175352878670095
0.788215741154591
0.048906309757357
-0.016168314338729
-0.013730169745343
-0.002204640602938
0.008539008748168
0.095139493233921

2.808698532138469
-3.282179950760620
2.825206214363687
-0.020956032834452
-0.367487339147673
-9.946674121454134
4.583685720068627
5.284466211518912
0.887998034821428
-0.103009469126108
-0.165608761256892
2.008522327523146
3.013882291993868
-4.598107250173854
0.448829227340650
5.728883502995215
1.101074197235296
2.325628652082402
-1.599932966327395
-6.984541162683986
-0.662524870199205
-3.059906131293058
0.447240424526394
-0.175426284368988
0.480403473348911
-0.842274708521405
0.472743582241256
-0.016871724297220
0.086631142643264
-0.314118294850715
-0.041835917943787
-0.068940132012931
-0.054721728512015
-0.026444457193232
-0.172332237629204

0.690455275008189
-1.626058240856984
1.198460991702936
0.830229806534935
0.007262340115592
-7.115298879752270
0.516839468948840
6.016612744043038
0.423439730355889
-0.532450161672617
0.035840029821901
2.217795911642875
-2.037712019656659
-3.609641888078940
-0.876934955395365
5.247995072938033
1.368413995695200
-0.773215831320976
1.296131861304620
-0.092710562411882
-0.155315849503184
-2.566803566810687
-0.576138095589855
-0.046664095576846
0.366658744571766
-0.752566056225243
0.867806705073129
-0.542745676114360
0.024447336634678
0.269270243478062
-0.032420140264153
-0.068645970365528
-0.034696375685280
0.015844317551600
0.046513788945083

-0.457546897828328
2.221135717742072
-0.921424445648951
-0.375292217220250
-1.098495838813478
-1.133662223056162
-6.483838314929883
8.148258371796434
-0.410363175496274
-0.459234222273963
0.747893681153102
-0.497790491301781
-1.081446023574608
-1.490274397111496
-2.687698481532126
-0.939037161825848
1.443233090321506
-1.394213222448220
1.342682345444035
2.478341375983694
0.097044436104715
2.764510453087971
-0.548657818925329
-0.612439287546901
0.512738417781630
-0.232363999159004
0.101659719887979
0.938904299449990
-0.076304931759486
0.665925988917583
-0.012796524276453
-0.051674253913371
-0.049151534284452
-0.022625203781274
-0.425997232598403

1.551661376448670
1.504299298071507
-0.168826726167178
-1.158259445564232
-0.670417800995480
-10.025253479482680
1.452733630105506
8.813081688130163
0.092440094478513
0.327003206064398
-0.223185806476413
-0.756904410960212
0.486063072328918
-2.167316050484592
1.924981743264226
0.474796552873319
2.787948659483456
-5.166590054352617
4.374921098889947
-3.513315830190736
2.182949267661065
0.001448346830342
-1.198006681081399
-1.494237095387375
0.678346928888989
-0.210927193603670
-0.588189933437503
1.253341831812408
-0.259656135294499
0.236940589838291
0.002400788462431
-0.088722649709169
-0.093082392890662
-0.038176103050254
-0.324290389144826

4.022556801423957
-3.213780964381442
0.264596844235102
0.045658573878071
-0.141226952509745
-2.042514625156641
1.616343217466892
0.673980061841976
-0.107761129598136
1.234493029557087
-0.993886655592761
-0.786939211924370
2.402767619497705
-1.454982271288453
0.216789819980688
0.738044739600036
-0.378836804568147
-0.157446368291086
0.245537888392443
-3.123000563860222
2.398057566428083
-0.615863925707992
0.886522142135953
-1.864383546134494
0.229457179772392
-0.216920443709230
0.351759600157843
0.711005169043209
-0.584190656729520
-0.049605108662148
0.017623131637757
-0.000000000000000
-0.046245958722382
-0.041965569025567
-0.235642119484646

1.382808247677257
-4.156304386335338
1.624183167836423
-8.901156171133080
-13.172964501992526
8.635290459912255
-10.218166924401968
0.115803640106154
-14.377150610250970
-5.351593117319303
6.024997233608432
0.704994487013538
-9.480242957615653
-15.519711269564860
-0.189444213707778
-0.178910836873928
4.113991309848490
-4.170487011203906
-4.283420130898604
10.663096694771451
1.428765140853665
-2.099381172274446
0.427618307006165
1.167616920319357
-3.281798765045130
13.323033863864859
5.369671345562908
2.827718756814447
13.186918720189155
16.247969213664121
1.084640427613466
1.366839763103457
1.173723240106418
0.760609246579894
3.750441883282862

0.202952381827865
-0.013704958478869
0.319770973854089
0.128215980685044
0.066135190647080
0.018013205848787
-0.061295288477423
0.054626706020952
0.038597112557745
-0.161730287261833
0.170386011850621
0.494883637593875
0.647673937326588
0.030424735063204
0.950603772566803
0.403222709776463
-0.070891045945325
0.257039627891179
-0.275586077381691
-1.462323597867635
-1.066280709960938
-1.110795334867599
0.116853850935593
0.477005079111460
-0.072167709053746
-0.069053065277803
-0.043440454851057
-0.008604836638696
-0.026651683549614
-0.061462322794575
0.004765085283610
0.009266111442947
0.008703015241333
0.005788453977084
0.099059792944161


0.075935  0.224191
0.081504  0.264802
0.104908  0.286363
0.049230  0.388692
0.028584  0.840163
0.026751  0.755563
0.017323  0.762122
0.029987  0.760903
0.020013  0.698847
0.122445  0.514461
0.181367  0.460976
0.114342  0.231515
0.104950  0.134882
0.030340  0.173559
0.117854  0.174899
0.075311  0.169659
0.065243  0.130758
0.061401  0.105461
0.071172  0.095107
0.107164  0.154287
0.141027  0.339486
0.105618  0.205671
0.145476  0.210466
0.122446  0.395035
0.000000  0.000000
0.000000  0.168033
0.000000  0.336065
0.000000  0.504098
0.000000  0.672130
0.000000  0.840163
0.036273  0.000000
0.072547  0.000000
0.108820  0.000000
0.145094  0.000000
0.181367  0.000000

0.325010584968852
0.576617316220042
-0.020453728455201

0.708266605908151
0.485138054487384
-0.281639166420163

0.909120005696775
0.043041516269809
0.023525112047192

1.209094810985784
-0.259098532550237
0.250883626351272

1.439693360730324
-0.147672780240096
0.221147962119851

1.878294806990001
-0.719604281845190
0.322728836307030

2.215598135456563
-0.588735454820837
0.289218844617650

2.661042568146984
-0.136319474575997
0.099228960434819

-1.052736130688147
6.072155690367201
1.430120832346876

-0.013562138637788
0.124600254567069
0.015406026327961


