0.100000

0.600000

0.000000
0.000000

0.227369
0.716430

1097.240932
0.594562

57
10

-0.589650594166083
3.303769934166953
0.548392919738041
-2.848997981568428
1.718355031563553
-0.820406744371059
1.211113362095384
-0.171694705948313
-4.162047739159775
-0.843344371883493
-1.597317358581780
-0.183914526587079
-0.632474040835619
0.156907843151615
2.554156934358005
-0.052814804984882
-0.142823373184171
-2.077479381489764
-0.674654976738248
1.285565390811180
-1.174397150038597
0.136610014882183
-0.153886852356587
-0.000376820841221
-0.447847748925806
1.070759181301296
-0.521975361045503
-1.949150179515499
-3.007775945244270
5.576630860276993
-0.397004019592986
1.324983218809799
0.767427132317096
0.200973817786922
-0.633057193072464
-3.448317670916798
0.312456074717333
-1.697890967682395
-3.374398838782669
0.171932298659481
4.097970850037611
-2.935822899082938
3.020848605799969
3.216047834759086
0.371078051672839
-0.239193819192545
-0.301486372215030
0.266285280295475
-1.165673318008640
-0.861525462684629
0.142922384504711
-0.007885012248567
4.709591913663450
1.392619095131967
-1.583313729835317
0.951179212590813
0.190022706058574

-0.750678103869062
-0.495620157962039
1.093332712468488
0.806652424489855
1.338456735070965
-0.179785536475563
2.562203557955368
2.587646437245961
-4.927641018639519
-2.744042288152952
0.236456098377011
-3.400129287668681
-0.354552170972104
-0.051761370672300
-2.442342061944616
0.223930322336160
-0.036926322930101
1.173448281883390
0.774774080469176
3.653676547274639
1.317677264967603
-3.567959322401628
-0.874582602161583
-0.572937857415546
-0.862760707869220
0.349555528832294
0.194888097972872
0.233104878165210
-0.114375146198457
0.364490849670197
-0.221059914468555
-1.291172158822326
-1.633310094863560
-3.900263991087086
-6.342118484041547
-1.553364128933860
-0.485124660511473
1.755325123533969
-3.282946780222030
1.512074798254916
3.752463717848910
-3.899084055487658
4.532598120179175
2.463011546532606
2.338962461675139
6.010360426004612
-0.054795289671159
-0.380363005777583
0.033503725782984
-0.087771039037731
-0.161125844848722
0.733020101778772
3.494199993056042
2.099507478484653
-0.426777700499146
-0.719082766730592
0.179132557168567

1.088637620571755
2.796602741991952
1.310224778266863
0.455161657269387
-1.544213493366913
-3.450966885517542
4.444130471574703
0.717630373824872
-1.333306478411156
-4.158395523261397
-1.247483432240026
-2.361446994027814
0.518975248556787
-0.038218651271031
-3.811190755991371
0.365938348053451
4.996719607956169
2.112300967459191
-4.265017295821828
-2.919193447804187
0.594704498968494
1.956740912712229
1.787521813501869
0.947717967453470
-0.097636358682191
-0.719786938049916
0.447578998218188
-0.582971887271405
0.574236503610287
0.277436137234311
-2.448209783884394
-0.496725476980721
-3.437938606416989
-3.687088671950464
8.277505981177756
-0.215888640018982
-0.840766349089212
5.603611755796814
1.652751207526309
2.559032063961389
-2.461359364800785
2.222625843191882
1.035093912130935
-2.455198382917005
0.316930133792032
-7.086520120411835
0.084360326587673
-0.099728312976301
0.601471227682035
-0.739460927568648
0.461816130792713
0.621913334051647
1.490536381269574
1.147009780109460
0.272534349104588
-1.134912041250148
-0.105826253163481

-2.070454501092427
-3.053104068059130
6.702674293946977
5.247655998692952
-0.260017301187140
1.557515288515526
2.670199084016379
8.694678539959030
-13.728712576421808
-2.075267253898752
-3.344782229738845
-12.709053903157422
-0.265650960609234
-0.012459507759061
3.570290366773511
-0.318063302619489
0.547530658714975
-1.227638526937717
-2.430811737733886
-2.336908638602727
3.274812916701031
-1.646777096792313
0.884989506959669
0.814706159821207
2.078850968498134
-0.151660161995751
-1.319266952144869
-1.376206992669565
-0.462548379170996
1.372705735423946
-1.040275200729427
-1.414405146278605
-1.600705821904215
1.596090149869537
5.967470822699368
1.596677761534115
2.136437075439927
0.414534762949999
2.690545698499090
1.498340114196898
-3.069163033467484
2.398001015090460
-3.873035515273668
-5.097860232052371
-0.839353615054207
-2.373245962431902
0.554702143549966
-0.062543140606390
-0.019901690736178
0.247459006111999
-0.324372674003408
0.480722529439445
8.846487076558448
4.468902042202857
-0.564789887837969
-1.081634326155855
-0.162309334376703

-5.089880704050238
-0.733170446322182
-5.311834744948957
-1.243032544424686
-0.434578016365684
6.032836180029356
-3.095339036746018
4.127529763088841
-3.935147101892026
0.347233877939132
8.124914576769600
-1.930520202441670
-0.895528483522964
0.026150156957873
-2.495509116977403
0.230322413306191
5.002120625144315
2.390607763820566
-3.659928958199478
-3.563379749322819
3.550234040961729
-0.980163670543243
0.889727537694446
0.177753814074382
1.189924173141497
0.180988106361071
-0.642603127959750
0.004866222396439
2.196417876187377
-3.574588763122027
0.369457697967974
-3.324831442650548
-3.483371353591030
-1.364263541486572
7.529998545767606
-3.965848406881525
-1.334490931166058
5.843826332892117
-0.026105098509211
0.459741225768549
-1.252575233171359
3.122968412791578
0.924748060057110
1.716623222921133
-0.861195902738086
-6.778570043178642
0.066320500900957
-0.420236748099670
0.658831086483993
1.078604691468619
1.342158503770314
0.108846043286139
1.834099199277210
2.305549548671240
-1.361830398502718
0.153852774250341
-0.228729258288910

-1.735004271999440
-1.684755224271070
1.829774788345926
0.837139475313180
1.340543254134193
-0.168681748721313
3.226768169722013
4.945687296350040
-8.744631747385878
-5.338377630510484
5.172570468095626
-6.884271225021911
0.730082614589754
-0.018026756771650
8.202139195816468
1.846240217163229
0.927969258781248
-2.262061115707916
-5.616375308432866
-6.700613238602969
12.869618747274528
-11.211874320728544
2.551433702078580
-0.460394890403262
1.619656862126574
-1.244275679670928
-1.630072705719538
0.646093007882301
0.939888093604131
-1.281717923805388
0.229542357480769
-3.518225393683122
-3.744038872791986
-0.764186006553049
16.910604427562099
-8.199941285601520
1.453263689042797
5.796988193450255
2.360599150449831
0.821722467277785
-2.716108634051266
4.698762027178905
0.053403953404522
-2.310358269696754
-1.826802166426270
-11.726451390020143
0.664201750209754
-0.820323328225734
1.054332829258919
1.139207514385181
1.548874565403523
0.348025781967077
4.913818072129476
0.982200532266713
0.914646910717351
-0.430287438505649
-0.537942797263255

-3.504238032133820
0.847505309244007
-2.127612804648605
-0.710531836397349
3.037110089197693
0.774406352264707
0.698190331636766
8.357287183887694
0.811110087534982
-1.508041598572147
3.019347317901510
-11.343348900642287
2.069583494215055
-0.412889696768728
-3.210580156710431
1.319681360203251
4.182298852613240
5.398295604753609
-4.616815239616705
-10.982976156961872
13.688151867645658
-5.263689496039918
-0.063272736111493
0.397707112259146
-1.233760610107397
-1.101171381444466
1.026921113902476
-0.784322061079799
-0.648824519210084
0.257411792734055
1.744284889125277
-5.950615486645599
-3.401984510314557
-6.307604267448929
4.409564062615106
0.857147636146058
-1.484871072403217
10.705774636280189
0.694632618546479
-0.416629441386386
0.402894176468532
5.929748246287374
-0.575276711535042
2.893465229748069
-0.715600442598522
-10.438359409619480
0.705042626276174
-0.547952335191488
0.178338211671418
2.575980969895976
1.295841239130573
-0.440516254147922
-1.492376192263333
1.450694153752255
3.319550895978223
-3.195074077280650
-0.569032000382523

-1.392240227707320
0.186562184076644
5.680015779076071
-1.605943227052154
0.737485054273141
1.329434348142630
0.478492176668988
4.114502913128044
-8.825831939193556
-0.253680907498083
-2.311193538092606
-4.584256181986928
3.125944048860616
-0.324686887996331
4.487575266663403
-0.525929482341235
1.168330954789108
-2.651545248676480
-1.024062577179559
-4.347087424134420
2.471829595526129
-0.739953951631808
0.256024306890525
-0.121153305858829
0.525256415391401
0.416468537930258
-0.941358623531447
1.226510705634396
-1.182257186976501
0.312334835129667
-0.583310865043014
-1.804943712456202
-1.693299612060793
-7.138864268250147
6.152017567340274
-4.888238245601261
1.222858751270341
8.108468249131427
-1.074960260211638
0.115174998768041
1.006681095259153
3.197716368892534
0.933228468805863
1.150027288759757
0.637104300545140
-6.278243941056577
0.313653633634325
-0.131117758187424
-0.001189172905128
0.424376217378794
0.957560670523530
-0.471459346858326
4.454729473669381
-0.631806344688700
3.975588246080189
-3.744225910706632
0.106887715907081

-8.595033568328823
-1.177634306449110
0.544220607634435
6.681449778408629
-0.140107546473919
2.133718636021871
-87.410209306455570
-34.053400724904513
-56.174460380966707
-22.504156074269019
-6.486520693831047
-23.527743656238290
-10.127811420570719
-41.052368162419363
1.274297381786637
-0.945105696455515
7.482366077277415
-2.253742502972919
-1.874180644862460
3.512804491594876
-6.949002995284953
5.772328159412967
-6.850536657154867
4.147280918711319
2.927753519291933
-1.490843744070205
1.258620155913258
-1.376309604178379
-11.633070039290592
4.824933447060920
-2.350852214554407
-6.683330934543513
-2.260621877944763
-3.060700159650801
-5.288842593196990
0.506500201548072
-7.441786271244262
2.586022505467988
0.170517733486499
0.990658166812319
-2.053827160352502
1.706271941815255
6.036609365286425
-11.043438793817028
-6.761656720093115
6.143097309409975
19.859257607340830
6.603776589409651
4.394900700129221
4.167189708282949
15.199481190553454
7.164775342304366
151.353566804553820
54.008489258534716
4.501959203265646
17.311133500009902
28.303314196098484

-0.001173257642371
0.000697444211384
0.011046777184826
0.023707108313979
0.004279302689523
-0.001073205830733
-0.019385113846676
-0.013628818431245
-0.010222527877172
-0.003211221014016
0.000217365017262
-0.040874083277969
-0.079178137173597
-0.710448047100516
-0.057392491084051
-0.021717121060253
0.052707856106483
0.089293732914752
-0.010935251995506
-0.035225685980354
0.113804108849828
-0.090013903134072
-0.005147329197685
-0.035625597233587
-0.037424700310161
0.012886937714698
0.023749061584072
0.015346828048316
0.013020870947706
0.010813112318809
-0.004888327536599
0.004518527639505
0.021057090855675
0.030493906751405
-0.006212833990968
0.001489024745856
-0.004296382845609
-0.039288823638035
-0.016123379231943
-0.015603232230268
0.029934500144649
0.008797752919093
0.016598173817851
-0.001817707357466
-0.003979253584490
0.008819981071404
-0.017105903007082
-0.006750052898551
-0.011739225363119
-0.003508768166355
-0.011325462785172
-0.003357480990230
0.024483330668762
0.038130950040047
0.024750652319500
0.275254369347466
0.462774560122616


0.030094  0.079275
0.045854  0.059742
0.053601  0.012646
0.071966  0.058666
0.068203  0.095740
0.040212  0.068576
0.040700  0.000000
0.080035  0.000000
0.053651  0.000000
0.019292  0.000000
0.042200  0.019037
0.081260  0.009775
0.142147  0.042773
0.210519  0.005800
0.143969  0.114601
0.227369  0.190636
0.135853  0.146729
0.143113  0.099690
0.151230  0.159345
0.143786  0.130995
0.150427  0.138012
0.153950  0.127398
0.103147  0.146464
0.167352  0.331318
0.188761  0.472332
0.156056  0.372709
0.165764  0.458976
0.089481  0.342225
0.063979  0.300151
0.059009  0.327513
0.078051  0.440705
0.038299  0.506018
0.076849  0.716430
0.054305  0.680503
0.045029  0.565959
0.037966  0.583014
0.034334  0.598411
0.065216  0.694415
0.089672  0.578367
0.089454  0.488227
0.100911  0.545466
0.071994  0.531027
0.067456  0.608056
0.031685  0.564456
0.033527  0.669521
0.049864  0.558478
0.000000  0.000000
0.000000  0.143286
0.000000  0.286572
0.000000  0.429858
0.000000  0.573144
0.000000  0.716430
0.045474  0.000000
0.090948  0.000000
0.136421  0.000000
0.181895  0.000000
0.227369  0.000000

0.291164672086060
0.405697623524213
-0.008550735100972

0.668377368060824
0.449771093810521
-0.049001845591891

0.970527372717436
-0.139587291035553
0.137518275937778

1.161898608505660
-0.093400855194274
0.263834553490823

1.529128650511415
-0.197645278213340
0.161477227635092

2.008746614076773
-1.037162709426976
0.037104491530079

2.435579334941175
-0.810707650161563
-0.053294309771907

2.795410794098793
-0.110293956484252
-0.108691575958362

-1.342244375989243
4.790532931283591
1.617439355284320

-0.005232225165669
0.023985332980893
0.008254490473712


