0.08000

0.600000

0.000000
0.000000

0.535985
0.866306

661.908446
0.431415

110
10

-4.044394336406961
-14.141956957147560
0.967605941620804
-6.534759670348680
2.732537687072562
-5.273596353280666
0.218064596039733
-1.962068318349477
-0.338996852843110
-0.596463050913130
0.578936903098212
-0.502954068595477
3.970769631815738
-1.372569735581330
1.792134211100038
0.319376885827743
-2.151059123381220
-0.207590835283532
1.950996322539745
-2.131923893138353
-1.367687235378795
-0.766799699093220
3.642579284351684
-2.300436480495402
0.933610284766485
-0.085902659894359
0.296941283383691
3.866163230077292
-4.161901174454168
-8.401355399733186
-0.476242764840664
-26.662384362705073
-2.770787246834578
-8.049062907282048
-4.567710976010921
-2.775947221262109
0.430671652900251
1.107674730898565
-4.766679355138886
0.334386584901801
12.821439242015417
1.712149239450550
1.100908793175029
-1.881198437397057
-3.298076523441944
-10.195007176721125
1.464171169094825
-5.593110778705364
7.492246929325807
-0.709686972605043
1.256424496304339
-2.249211900802869
1.694858589125251
-1.062373507127978
2.823491864968016
-0.980108100855567
0.874821187402231
-2.023164764540509
2.044606580399345
-5.122804476225157
-0.986516135093296
2.291725608117357
1.716932758529265
1.245510591756754
-2.445732453950047
-8.447040804593712
-5.551519963258555
-5.197763346576694
-4.397816129027079
3.553244686204775
0.929366280450989
-4.984609401837432
2.372669889006421
8.421410409943190
9.647381448142570
0.099118451553140
1.145524659071151
-1.548206723729851
5.291203155411724
2.668048654387579
1.550081720748326
27.156656693947486
0.073416373831902
6.743484432190689
-0.495486729849156
0.785986854430025
1.369630856042295
6.250264963257743
5.516961708733907
4.004693124777532
3.490896920017169
14.783847226915894
2.908329060306699
-1.439628880755252
2.337499222578413
2.369971316591302
-0.243490060724650
1.499562921997417
-0.558565326063417
-0.226882114983853
0.041941747649913
-0.949844710391906
0.808713853423112
-0.478628049367488
-0.563344211900974
1.523042842586063
-0.351092761096884
-0.206573063231294
-0.575751355065190
0.149779805873330

6.472839197964714
1.127865826144070
-0.244296247464384
0.166390548957494
2.206696318809628
-0.547991682230691
2.384482354542362
-1.273582685008878
-1.171902616052117
1.056377140543508
-0.237794030577945
1.221358246337306
-0.849858203621356
-0.429707145005917
-5.727876969570303
-0.395140007091092
5.816261875573616
1.181225805570068
-0.299594439392543
-0.024599593340220
-0.075384988575530
-0.924571684467924
0.457897016182915
-1.448464650733030
-0.344716706838143
0.123818838175012
1.380978489049329
-0.323769878808395
0.048098124071326
4.419348799515054
-1.398069114438355
4.992594616887073
-0.824866326438295
1.861330173671569
0.800254811186684
5.882873460275810
-2.319243377371643
-1.455202264314984
-7.898348386034749
-3.386250069559529
-3.108864994556636
-6.968807523973104
-0.875595351236264
0.199717437202676
-4.862261337151660
4.868004787987187
-0.317565351434629
1.968172477563106
-1.438586556428987
1.305386028053703
-0.404939849486518
4.161409351263691
-2.928536973422873
1.533958322518290
0.384982740961450
0.995055532613376
-1.780647328363970
0.301128673237434
-1.178874318274632
-0.011214468444067
-2.720548905703684
0.872164287421905
-0.003213467121411
1.276194601544840
1.282281239832916
0.265216074798557
-1.860880813138832
1.789632432915677
3.497166900841067
-3.442751325161726
-0.699193458802267
3.026883481792952
0.853528012870169
-0.801357259864562
-4.013856719179197
0.434121010891216
1.509006069156214
-1.853703775313136
1.925362359641371
0.030526043686470
9.476896240069308
-10.581863895144753
3.835073450225499
-1.000415646299026
-6.915459548423741
8.305905075400426
-1.748940206981180
6.232673138040876
-5.432851782950015
6.168369837670520
1.330777397328985
-0.963023852209134
-8.099852213897879
0.151603438423094
-2.811147247493732
1.371669236548271
0.645441562770789
-0.016306285594110
-0.038073802459055
-0.008776187162034
-0.068334053900543
-0.781215476100622
-1.178539492055495
-0.125810468466785
-0.694436354552711
-0.337469337212361
0.072625915333995
-0.225447997221902
0.522200457846454
-0.293230554533057

4.523689422161946
-6.672623729049215
1.196443679412804
-9.893806430473530
2.876936630523915
-1.403008270584237
-0.221772552127215
0.538941434836064
-0.301273176067164
-0.728581733012078
0.356592079587006
2.013090077900196
4.452384149528280
0.072541926740908
-4.725215912965933
0.724458160680521
4.820320805722438
0.076069825445699
-2.625805152896966
-0.087681336271177
-0.326343001876191
0.309123749209419
0.914739793004272
-0.675274715077898
0.141196963780726
-0.412902931343589
0.363078299951944
2.286418446154161
-3.448358969340786
2.597659269123534
0.038612826036325
-8.225453288907005
-2.868738299736910
-1.297336251282304
2.227257255495941
-0.814278411954427
-0.885462055733000
-0.639886081433682
-8.232718550658348
-2.386735130745124
0.071511531617480
-1.226315527784343
-1.237919399826786
0.485063922542857
-3.178235337578634
0.702869323160592
1.218036541409467
0.798707640870337
-0.491260167872917
1.498826478896163
-0.791148546551460
1.945822932255696
-1.142028771470547
2.460060228448056
-1.307905483575358
1.222398091962132
-1.698630363818118
0.476257045883287
-0.105421252381686
-2.663170006241663
-1.384840260577873
1.819593365226387
1.511723715796921
0.518720514816856
0.690773479241982
-2.516587744816444
-0.168781211144972
-1.982818980050119
1.466459430973589
-0.586770745545452
-0.286271367600798
0.463170693776696
1.176306425617153
2.455871089484361
1.212642228179581
0.057699364898937
2.677677157953343
-3.064704172496051
-1.455958104237294
0.887720064181657
2.298323911282622
7.125802745463870
2.422430360690210
-0.322066357339204
-6.569345251262402
8.547259806568397
0.441020368535425
8.312276143622729
-1.650806039666926
3.097315488821264
-1.009747571638565
15.236914845051819
-6.472716351444654
-1.155548428749206
-1.313394997326519
2.570355000404020
-1.361152596379961
-1.451468006130162
0.276764185030080
0.518626514210239
-0.673285445131406
-0.234185394730762
-1.132608081314782
0.129517461060054
-0.589855142831321
-0.264853795170441
-0.259660011287018
-0.356189944172020
-0.393241296475114
0.048075296424054

1.653712721135017
8.050169116984680
1.934170931378515
-1.570975987488744
0.903373365054696
0.068863043102736
-1.935251636050438
4.808826005864678
0.899768893515675
-1.862025918058780
0.877867823468614
2.235158785087401
0.227222504208711
-0.400336050283428
1.589131041097984
0.071836100562646
-1.935300648130942
-0.439699082502842
-0.648773148373268
1.405279022236974
-0.879925798244875
-0.712016306583014
0.994675149907241
-0.906145019972973
1.863942812541376
-2.883859776772521
0.957296027398231
1.026321643389051
-1.067265532218295
4.992411056310623
-1.214596199254783
-17.712286064601745
-6.340396623843548
4.038725128233802
-4.310911090166845
3.644717866266078
-2.214785753325888
1.949669169954773
-1.119752958301254
-0.751530128427663
-7.226278608877931
-3.249803336200765
-0.794735778563138
-1.153338369615039
-0.573139719408894
-4.180067994006275
1.143072877600748
0.178370363029894
0.861098302214064
0.333802950165699
1.011853147172364
-0.488855281609420
-0.391251078272030
0.930993496930506
1.334530919635121
0.169655853693808
-2.438741880887589
-0.274266832632678
0.422579399291600
0.691304715275780
-2.610420368276378
-2.692127232209462
3.442936839657062
2.855652517854767
0.202157763028177
-0.713529759179997
-2.110710251842058
-0.710543517300089
1.009130970296321
-0.218034585448537
-0.395549500092685
-2.922746714945258
0.558032812745368
0.410755895223802
2.543718366448515
0.215035831487975
0.403212502851205
0.108167319355190
0.723776527534207
0.293146802100480
-1.726325948359711
20.149365266500322
-1.308475708399379
6.572340841478505
-0.475618333587596
5.184658904571572
2.943691517914123
2.056311239277308
2.564980622888438
-2.108709188372383
0.432017828494602
-5.706668554873123
-2.852606799202377
-1.738131937159261
-2.256388187218013
0.364359408302669
-0.783026913414749
-2.664728114452003
2.475825246179945
0.165155512709801
-0.873402340211775
-0.174629823636364
-0.199026366296860
0.001919478857082
-0.699014538148483
-0.394628762040254
0.338915859892709
-1.151927679997060
-0.313486888279055
0.191104352527557

2.337708030963548
-3.807698408559054
2.924585794200151
0.966473596079935
2.563544556357595
0.437831905698789
0.411949701513173
-0.178370264887846
1.255491983479851
-0.458857885351724
0.202770301241168
2.030743007724027
-3.189152628468532
-0.269800856188104
-5.739342379977471
-0.317637049772403
5.999439014693907
1.028994816495901
-1.829251908573276
1.565679497477487
-0.016994807224267
-0.600509138926366
-0.677255933998877
0.151967106480074
-0.132694905322299
-0.431160392869637
2.573379967633373
-3.604704218533053
2.007074700523619
3.590356141512290
-2.149597563569079
13.176432696146305
-7.135384369875606
3.235816762100679
3.585646036960459
5.210857025508317
-3.223641583080326
3.277465888117217
-11.006941700807486
4.052080685435938
-9.782418313042074
-1.804943446236562
-4.340836992593673
5.527005281522805
4.234214677967380
1.925880342725958
0.781985831750966
-0.807040331697179
-0.218912687328617
1.630643619722287
0.550796788960297
0.989085881717445
-1.452027646812287
1.119383287086619
0.156564636697963
0.192231207040577
-4.369055668648591
3.836526036572774
-1.355690723869954
2.426787925496969
-2.053191624264503
-1.816287239612509
-0.600529618203681
1.279632362780294
1.910273072571658
-0.101210239836900
1.699989293828398
0.183412648651303
5.457470109679155
-4.829044835878344
-1.073570365257228
1.065923589994611
-0.554499125944538
-0.066712192840473
-1.671954074541950
0.065782155082602
-0.143263484038813
-0.016482692747276
0.212663411064982
-1.271711237429613
-1.057572095420249
-14.504538190178861
-2.603691235294164
-1.662261449251870
-5.971069413838003
0.754090097766608
1.756446236744653
12.360342618292835
-0.786228304645516
1.554049972205749
2.852952541485038
5.394918078541926
-2.599287541116206
5.488729398016277
-10.186972765710360
-1.059077611503668
-0.911356832699629
-2.034259399817008
0.761277676920366
0.168776359041644
-0.592682959391841
-0.505309205499655
-0.306628621436179
-0.117609074149738
-0.200299904587891
-0.562268395297495
0.467120297146788
-0.876038373633978
0.320692079575849
-0.076406824232766

5.859453993319892
6.887514784541383
-1.142148907510795
4.665026766933670
2.368629008217714
2.548014089059504
-6.086195870693310
10.526654047044126
1.057288016446425
-1.858836556363724
-0.440387962304857
0.534862145777231
0.022913268751984
-0.818034096248924
-8.373036158388876
0.669261018793916
8.964061302499902
-0.752536904561796
0.289667757233092
-1.757637450194697
-1.395560226617404
1.647004125426957
3.131506068376773
-0.082500841638972
0.641136971581610
-1.441893988243964
1.079411150398393
-1.672754360642171
1.044506341107615
5.822078786681173
-1.702872898464686
22.334407790511722
-3.126542071837380
6.997231340711030
10.709067489063901
4.007851447460052
-1.842866287532045
4.485881228660994
-10.813486664045756
1.938008039004865
-12.353887500825506
-3.225782087747459
-3.154847102191076
3.355602674370405
-2.505479815840350
7.864372010184046
0.027863666793727
6.344516439050529
-6.351177857948726
0.765713719792695
-0.166275652749531
0.221980300267760
0.628118758699308
1.273939943155484
-0.861579961461829
-0.133561327821629
-0.846681575236847
1.744208348623870
-0.422008387624731
0.420257510617129
-0.780023874926448
0.167685276652162
0.528724517099355
-0.722619465449827
-0.516684024619733
0.634321643210654
-2.841215677306406
-0.657141140399063
-0.513647330304077
-0.504522696158215
-0.864384014056532
2.649400654430600
0.505573150094701
-0.227187758712821
-1.464127123112617
-0.568368859107304
0.090545990555387
0.248571205067188
3.182339134149642
0.090296686465178
3.454142206141830
-30.619835193773309
-2.671423109216216
-9.269104475475659
-4.900639930580775
4.090065737297198
-2.004489117402338
15.622190267313083
-8.006003592102793
4.483267360780825
-0.069496511118389
-5.299968206006190
-5.075021070971260
-3.138951839036977
-4.581006575299333
-3.120593972780318
0.905103189435004
-3.944173463683694
0.548531832549285
0.387549218392919
-0.959740799682195
0.764743151926687
-0.609695138072596
0.079111110708447
-0.259065217781684
-1.602053922339109
0.471630062458968
-0.012610611167719
-0.181040406081037
-0.468395144500595

6.735376507168138
21.308205107266250
0.446730001741720
8.657945092020624
4.505199377402432
2.167203248397326
0.541793636760400
1.096422358846954
-0.132957791668788
1.296862992307069
-2.359075277824105
1.205326013180532
-0.336571359138561
0.915203048020198
-2.168082307294319
0.797875746628975
3.839664737003510
-1.331212492217598
-1.683136726857895
1.772738549555317
1.008559498177453
1.267055218563308
-2.555395146990564
1.360160262618253
0.177590246873746
-1.620492851813603
2.039708025035558
-3.299377887672081
1.884094416892805
8.175859939054206
-2.391519152640370
2.904755410901889
-3.190923759188046
5.011401474068213
6.857292720919781
5.895038835961890
-1.712754816190552
11.594406434276777
-2.480307498066531
3.689387431537606
-9.739001620242158
-6.772256655477142
-3.489748458257715
5.308880213914715
-1.532713255341325
4.476923490847444
-0.191891179834113
0.183866108933429
-0.309291317255345
0.525987698739382
0.489397507607785
-2.442817046966530
1.880729000113344
0.289427499265508
1.350650675007710
-1.183722876183090
-3.164902955769723
2.242343343306441
-0.142665857725655
1.638681323380588
-1.630975172198304
-0.647273791580438
0.765014446815776
0.844013143090870
0.157617574628622
-2.677713750018926
-2.633803098427967
-5.132177497877244
-3.105412913601377
2.770648540813232
-0.882181925783904
-1.916039790764208
3.811732388002922
3.642616855147833
4.420145643386029
-0.166475773450244
-0.035590031244993
0.797861293038720
0.282491982211281
-0.237462078928130
2.110586267552526
-6.521044567553461
-12.915294773940451
-7.573800905557931
-2.506410508781048
1.209626925942829
1.194292333628427
4.347128178225400
-6.234867944575911
3.538032865412173
-3.557021312704745
-23.005906264945878
-7.105189087977792
-1.967539241277402
-5.926913417898777
-1.071217276753943
-1.681960142930377
-2.017591895267408
-0.275872119543880
0.663080519686488
-0.085364655858522
0.132605915223642
0.274169118980416
-0.004451294804900
-0.212221454825234
-1.853639238575568
1.212957579950684
0.238807857525169
-0.439442242733323
0.299499879038596

-0.992876261791973
13.914396479730208
-0.220519564883748
8.266445947563078
-3.129373471991353
6.220643767384266
7.807780515216392
-3.440128145757390
-0.758141496519689
3.030360673734216
-1.299632484119119
2.175509805961553
-1.044615226424870
0.341585533143437
-7.613365622604357
0.994001351060041
7.426284828733777
-1.276495151127730
-1.865330282340218
-1.230661065634241
-0.128122988252695
1.968190835946853
0.787761800633673
0.533573192223456
0.185062264856931
-0.736737588464371
-0.280351081302556
3.531823812248255
-4.101052976199855
7.982586672210578
0.554307263863637
25.710956551547529
6.303615582835247
2.255177654478643
3.738846885107796
2.994696811754260
0.294558502478998
2.014417031122725
-1.448554416144217
0.708594231260055
-9.884736752312890
-3.207503262874341
-0.458216907473923
0.264643109295767
-2.749455259311755
-2.575669224496790
-0.118810985993435
-0.642583149926043
0.423405501791012
-0.573115388221426
0.823064657777296
-0.223027296983896
-1.086022329396027
1.779737573941378
-1.118985541863027
0.574943138217673
-1.328674427064075
1.058363681622881
-0.301675213146950
-1.172709865145137
0.619082733469665
1.078919593241034
1.598240302223036
-1.127037442891177
-0.703630180458222
-4.795099527146760
-4.212876278246089
-0.479865448191125
1.721067989749379
-2.536033973723057
-0.515254304494448
-1.166233298663122
2.125595290078351
4.670892071691671
1.781890490755522
-0.008140128687291
1.458971208059099
-1.488392650280713
2.502319460676929
0.146091946568274
10.705282204451173
-31.947484546422377
-3.554668605622411
-2.581452414441862
2.480284442531308
-2.486806256723710
0.288305924452362
-6.109504813977105
3.136229540304063
-0.900629126960008
-0.724948703968350
-18.808451985285547
-1.275358593165607
-3.452751317182249
-3.844996459900297
1.061083437176963
-0.711631524033600
-0.156951301896000
-1.062021375462320
0.255204537961953
0.051476093280588
-0.158669346502326
0.345287182185064
0.410149922621831
-0.156037677937587
-1.456460030072565
0.840479296013052
0.002316975579837
-0.521111849203725
0.005136361392871

2.587438002871238
-2.973351926313919
-0.818493797340909
-0.815483423472559
-2.546627844552464
1.670017361511197
-16.783107195869054
13.525925634447383
-14.617068877460447
0.700376855085121
-12.900424741596956
-2.085931207003931
2.432573220100160
-1.314297241064605
2.793888856198125
-14.954825717550758
0.231455368916422
-5.038473410107489
6.218415777706262
2.199250778137423
-2.587650380077703
0.957693240615878
-4.425472636359007
0.741541252751299
-2.136167328722175
1.877091625654320
2.180192050529826
-0.803284771670849
-1.193530443006299
3.489022849663619
-1.076129462829645
16.111874486730073
-0.476604228303992
0.163545502637342
-0.543444101068525
4.462681432084507
1.550856930099625
5.144277669096465
5.342030269569684
-0.819013215789521
-1.752596975985391
-6.888830930002190
2.628247285520491
-1.723535170677693
-3.501325899674417
-2.682182522347174
-4.020843904263041
-5.161946809943469
3.249487457532670
-4.492017592527936
-2.105315343758586
-5.610996471507016
-0.778988206784995
-4.795514561444739
-1.715842352372472
-4.595281598835577
0.353152510009718
1.170830930185434
1.532961387151837
-2.695774487533027
-0.564856470304032
1.980623096572099
2.310016694328887
1.168244975244601
-0.017504869985622
4.197861816421177
-3.326832149412156
-1.219410437980759
-3.066088693589554
1.621684322140099
-0.421374513293930
1.314685968223434
-2.440318893137961
-3.932078692268186
1.669882565464155
1.499017460417606
1.355086510124222
-1.426266328938906
4.341968537611466
1.009129440805290
1.865969056763903
-16.782525775270557
-3.644078443758068
-0.287937052395122
2.113506720743785
-2.827549912012485
-0.884140188230329
-0.834886336208419
2.526597153006745
3.377372514370761
-0.035565107083688
4.296977277961295
-11.988306487677132
1.805224123384572
1.602853942331387
-9.360907411873800
1.576817465162820
-10.354097010591612
1.821153781313319
3.517293808252662
8.583863893053721
3.990754922717215
6.954760200291408
4.585127642486343
4.491606023871130
13.443274300597418
16.881273839030516
14.334086586136628
7.279752119629352
4.013803934578183

0.058250149028641
-0.081259258864453
0.004330785388125
-0.044372887593475
0.150868287929905
-0.111340831684122
0.091274871317256
-0.054189172000865
0.086122501308222
-0.373908226901823
-0.257086390925475
0.651090932621714
0.053306479597424
0.525853300166961
-4.142504002873018
-0.339746257931529
3.607006779559733
0.123793132457767
-0.960138021795444
-0.420662556685227
-0.403958724971266
-0.249916722940866
0.405640219301155
-1.140275615154590
-0.486247405018420
0.314529982188527
0.367054703491351
-0.000856816519660
0.212380261938638
-1.103511633079153
0.050981224443191
-3.940821958534564
-0.532478863506061
-0.261468150575206
0.590469637680949
0.340846984605890
-0.113120156907033
0.784787943885535
-0.683348403063935
0.319806791645186
0.454177905112466
0.170400511087990
0.321545701372831
0.055218393763635
0.061522933482079
0.002427195831756
0.029187010048741
-0.001492351399543
-0.025675669286567
0.032668815712902
0.035569211626085
-0.003019965479266
0.030708972087934
-0.020016463329821
0.009463756285046
0.030024116288544
-0.006586367041078
0.002122103946463
0.167471709409896
-0.154031418761835
-0.431948410389327
-0.058221119805125
0.142025909966605
0.276453878089293
-0.078111100453568
0.155165574442178
-0.310530219588955
-0.051021697398065
0.245545379060917
-0.024244187707535
0.288715234719197
-0.167705987862427
-0.407799085187776
-0.247057102043920
0.699748459612340
0.085023003035788
1.106792887399612
-2.001483210473320
0.823171868608411
0.132968787895811
0.224575557348198
3.667251288995989
-0.459881746171210
-0.108626996050555
-0.364946193858606
0.241522815164415
0.154597929373506
0.938225526971857
0.038228354311415
0.078890286687871
0.064118502454838
0.096137281416561
-0.067191889144585
0.275448860356974
-0.046825944714989
0.002251012890175
0.000969620170820
-0.009004018791066
0.000231814292740
-0.126980228194599
-0.048008999228437
-0.052679302277818
-0.055738928854816
-0.054188686953288
-0.021575092492619
-0.046451309397670
0.183630985226662
0.337705259640990
0.338489956308198
0.413466411146110


0.077986  0.038855
0.089682  0.137023
0.094502  0.077217
0.091887  0.115735
0.138193  0.052071
0.122555  0.061545
0.156944  0.052375
0.158614  0.047641
0.196974  0.023942
0.184182  0.044878
0.261806  0.022700
0.310245  0.085699
0.103525  0.097325
0.329386  0.066913
0.259795  0.082768
0.358775  0.026349
0.258153  0.078086
0.398078  0.061916
0.343503  0.093161
0.469186  0.111814
0.535985  0.084725
0.423214  0.108563
0.499942  0.082689
0.319157  0.329878
0.486143  0.277300
0.433579  0.261414
0.404169  0.349971
0.362504  0.340563
0.355194  0.359981
0.243597  0.427833
0.349861  0.405394
0.206367  0.382210
0.191087  0.350896
0.216106  0.411113
0.224610  0.318042
0.228624  0.448301
0.179189  0.456846
0.300211  0.401913
0.207009  0.343071
0.248881  0.399232
0.231260  0.420379
0.239022  0.441900
0.208048  0.230676
0.195263  0.249450
0.179204  0.332838
0.116809  0.301749
0.095889  0.277868
0.085358  0.335712
0.088348  0.324178
0.069467  0.454781
0.068830  0.517115
0.054977  0.567607
0.073526  0.602906
0.072039  0.751502
0.087008  0.809718
0.097303  0.866306
0.121116  0.780346
0.129314  0.815925
0.198492  0.859458
0.235148  0.776499
0.211551  0.678078
0.245001  0.761114
0.287626  0.739133
0.137518  0.708805
0.247696  0.622641
0.388978  0.797087
0.324249  0.720456
0.399893  0.755997
0.399002  0.706237
0.389507  0.711917
0.392580  0.625148
0.437145  0.732003
0.352471  0.711106
0.397230  0.811818
0.418808  0.735321
0.534421  0.771009
0.467186  0.634155
0.451666  0.665515
0.326206  0.695146
0.207379  0.533064
0.219740  0.369565
0.208873  0.380688
0.289251  0.399619
0.230744  0.323236
0.154484  0.284510
0.176093  0.297068
0.131380  0.364257
0.204261  0.357556
0.124412  0.306167
0.147746  0.322967
0.109321  0.164934
0.091372  0.131171
0.086410  0.028685
0.157038  0.077656
0.163557  0.081594
0.048391  0.031769
0.041692  0.056668
0.033952  0.128413
0.051334  0.105726
0.000000  0.000000
0.000000  0.173261
0.000000  0.346522
0.000000  0.519784
0.000000  0.693045
0.000000  0.866306
0.107197  0.000000
0.214394  0.000000
0.321591  0.000000
0.428788  0.000000
0.535985  0.000000

0.307392883699728
0.230345528280339
-0.070326857305171

0.555706687061376
0.606570694972398
0.031695010024664

0.900735063748480
0.516093523037058
-0.007559095699396

1.317104482931565
0.406333741095287
-0.035493040341463

1.668236561079244
0.315411060948771
-0.066280953402129

2.119119338478878
0.146192276166751
0.006445398562561

2.497086193477917
-0.058128779784718
-0.006795291069286

2.699347067580754
0.055410656367331
-0.039410444399064

-1.690713709656686
2.036214221650913
1.403316679910261

-0.058769951491233
0.128091999851079
0.083920704095160


