0.250000

0.600000

0.000000
0.000000

0.422617
0.905467

688.384524
0.677927

49
10

-1.903461370013325
72.268864242431931
3.272561674098467
-72.268637748057060
-5.015097204585757
-0.809359407011307
-1.843625842675790
2.802038835890602
2.323859301917422
0.829615598322416
0.907334855424938
0.478984193132442
-1.007046404097009
2.628490879417000
-1.196824113830901
1.328627190081433
-0.334649217840671
-4.397252881482118
2.099098258049974
-1.933308927481470
1.157921252499177
0.434692148556068
3.273010507135759
-1.567380466721277
-2.040343837028558
0.738808180528778
0.492959410435609
-0.591830206478779
-0.018844018548941
-0.270890552597057
0.580417560310207
-0.178998130118940
-0.429498495721193
0.562475229158481
-0.071524431699890
0.376655644665584
0.110567830900588
-0.049737025533319
-0.014828760746593
0.212037732961492
-0.147219477532790
-0.301932053043214
-0.711652778628178
0.115029765039004
-1.161692790229405
0.730917651972127
0.849841587993452
0.145303845316666
-0.454477234082765

0.752135172191414
106.726596344496980
2.225061723050616
-104.511121943764350
-0.347999796213053
-1.836004003361717
-0.060113979369717
-0.611316758224320
0.477541322152947
0.317353510408495
-3.486572785381772
-0.298766517377271
-2.661817582859056
0.604762377074164
-1.890694458414499
-0.241465253738678
4.825622927988032
-2.725587699234264
-2.139187845271734
-0.786009364961641
2.105104456118447
0.216887236641046
1.217594553144691
0.171901913355931
-1.222985054587086
0.356522793184675
-0.264443374440248
-1.200677526498918
2.563903540338565
0.534911560529238
2.265810430979064
-0.748310800735292
2.770504433496893
-3.573930428649751
0.673961901993449
0.452258655233982
-0.155027288458140
0.248084723571922
-0.243700665462139
-0.014056294728346
0.045914563227641
-0.327008473346901
-0.470072525446173
-0.032553940697946
-0.117647882163832
0.105127032671929
-0.100199201910344
0.726658482739034
-0.316948208112318

-4.160635871545049
-210.593416515017570
2.247782383515488
206.726939030152270
0.611630784255475
-3.278118094217082
-6.999353714010253
1.565649848588509
0.050056390573947
4.056899506959531
3.800250139577775
6.631462141865955
-0.609981929684512
-0.577235754327149
-0.260539791435019
0.087320153750806
2.314245673148299
-3.222743392107950
0.069134960261744
-0.195427696630807
0.891824732427482
-1.240695510741895
1.210818049873577
0.353448182612869
-1.680047721963588
0.596081687910814
-0.059456797780330
-0.097062046212033
0.752901439373711
-0.037823616660012
-1.679728370577478
-0.315454926335424
2.221975633179506
1.470606961762227
-0.681291949689958
0.471630262282012
-0.288813915692560
0.285744440724570
-0.370116446231687
0.487353791115607
-0.560489023833778
0.160612621421842
-0.473214503326682
-0.044231580944495
0.441976887246715
-0.477469780394171
0.078176095731497
0.802848737528656
-0.484021565647953

-2.923499611516357
-195.872155933746940
0.714383712238114
195.517767372702020
1.309633865058695
-4.449137265191530
0.945236234920294
-1.300626938594684
0.781955822441843
-1.256678026527026
1.590728839096833
5.725237493487356
0.889451407887166
2.479784315769100
1.658646241269885
1.467675113093427
-4.446282385499408
-4.963127475484664
4.557035936442784
-0.846596889035420
1.305935726938512
-1.665965796926159
-0.617258679643492
1.961148944789146
-1.045075492835649
0.601737398628497
0.039535398071963
-1.686226394252365
0.254107260905618
1.313967484588918
2.249555532790048
-1.218774125817809
-1.679420500415718
-1.207824771307691
0.232712396389848
0.255642198068820
-0.249114064372036
0.355627625107921
0.139296678031877
-0.086281037938934
-0.357744064988881
0.091967784047478
0.034536352880677
-0.299728459544751
-1.125722843355945
0.702926328950093
-0.071099341042196
0.606396129001435
-0.414289493171223

-0.291584592039955
-84.937963055725888
-0.146084757504962
83.846581199707529
3.306351908340627
-2.315061139180819
0.109035971817598
-3.201817285640993
-0.611884225359750
-0.332571598760169
-0.860410829684952
5.527858874371847
0.934295143773648
3.327781807731860
2.440858260260736
1.198043337586658
-5.721145382016090
-3.416015565799385
-1.016105793477719
-1.952977511580064
2.416646225126278
-0.473774191945145
-1.820942286715418
2.365194890899147
-0.199941341672838
0.256354500164012
-0.753320387085122
0.572354912048446
-1.280413163635713
0.560416010237252
-3.190831111682040
-0.206992258981800
1.227483654463980
3.768102374996779
0.910564642059097
0.124446818779038
0.001214902427686
0.258832108833494
-0.079940116833362
-0.370303972092536
0.101633254781901
-0.004883644714381
-0.047545128857669
-0.134091509366554
-0.416245705481088
0.566826618040606
0.065678020593365
0.201845620009327
-0.305554502304920

-0.691498348045023
-61.642515007908969
-1.865264961882085
63.845511997294956
3.216946547122028
1.049742814568643
-3.640787689100169
-0.762016344085154
-1.734198731422951
2.710635358949388
-1.136414852323035
-0.436183522744412
6.003439754301928
-1.596631589174507
2.688747171450848
-1.526285834570125
-8.819562932555364
0.377927279219429
-0.724051644815007
0.331026597020041
-4.098840917430080
4.409369551432608
-0.526597140792919
1.082411128152297
-0.691456519393248
0.194975511511723
-0.296278323340520
-0.868013333092499
-0.841151573667687
0.552145621588576
-3.568751888337423
-0.842631322186937
3.108798414629279
5.339475191124255
1.203711078142825
-0.182015512464439
0.604932927064099
-0.244801621603216
-0.244131976926661
-0.554713902929992
0.573920694432568
-0.198181129998854
-0.263053984420695
0.140543001547583
1.203769906756603
-0.756103696970766
-0.385756605898383
0.786667365144574
-0.286807005199085

2.967162973752297
119.137572594994400
-0.207089374077377
-120.158760380015820
13.113141742912616
2.371486771252023
0.476544946780276
-13.253245161442585
-1.226329993783754
2.332294898710582
-2.760792441500210
-4.039113381411122
-0.372693166411243
-7.307417292962434
2.796494610225071
-2.308052187377124
-1.496262694601703
1.400533190055299
-4.948164050871025
3.631579884051495
-2.220748062337445
6.950382282042423
2.022517380579251
-2.492129446223522
1.489790894693543
-1.827743941386115
-0.008158144670493
1.814795299273969
-1.815663375883157
-1.346730026397502
-10.808611774214757
1.431181358503221
5.785930008214699
11.454148891708563
-0.139083711749893
-0.474936523482962
1.632051245279299
-0.932836260443473
0.420669514622275
-0.504844367857445
0.183406623199373
-0.037562706500558
-0.891459822418886
0.549167386041025
0.419027147590842
-1.155351528558494
-0.231064575582296
-0.199625384608718
0.784590133290774

2.301146517105363
-46.246138043592879
-0.861441857400176
42.473128705489472
1.736071949925519
4.738703888074058
3.117421378240801
-3.979397492882675
-2.354124499118075
-0.099487269529888
0.112994714073247
-0.917283378032884
-0.292330652744216
0.581407108638835
1.444821487684573
-0.196907305828345
-2.386084420472961
3.344577062091569
-6.100192722454059
-1.416688505256455
0.267404103566941
1.701623774160560
1.096654293173250
-1.483083058351606
0.057512331314751
-0.960945190167821
-0.467610647264140
0.947942554726770
-1.048617063698434
-0.553516921797040
2.798655553196942
1.587151945929652
2.304297771703891
-2.343354871993091
-0.025469509470190
0.000000000000000
0.634207333326248
-0.407042144586116
-0.444255920354956
0.112427859866787
0.226131936649342
0.056918149281847
-0.737769819787073
0.412426076183197
1.242944561528297
-0.197118643950053
0.191905185076450
-0.121115374147374
0.151483806514116

-1.602691595672232
-21.646820705387423
-27.587590317054769
21.991586760172140
1.788171862157820
1.651290917255669
3.252339171660204
-1.796848134855677
-9.187951234964105
-5.452683233942248
1.903950231871608
-1.072961782030139
0.546859528718428
-1.118111390239053
4.970780349872182
-5.056589298944986
-6.256243652919596
2.119421595090347
-5.240137203604382
0.282913395347142
1.450907284650742
5.429376551890448
3.305183070760692
-6.881464154940620
-0.914245542496427
-0.637729107144124
1.191512573284848
0.154162204627371
1.644683410940222
-0.865470969106761
-2.993605354183921
0.104932351417725
2.186243754924010
3.805495570826357
-5.966811069564526
-9.905769790092142
1.054619707304097
-6.218031301968106
1.145273228208541
29.621973120916902
3.009895602736227
2.233358773250297
3.335531112334586
9.533784995334015
4.399552985154929
2.748649858737945
1.863474900207122
1.358973256789437
2.316857712383448

5.557312097160860
-54.967969629819201
-0.402304396270986
55.067121302227406
3.013096449111095
0.315449599626700
-0.820096513046362
-3.237554839871878
-0.335520455034533
-1.117556695350016
-2.507157780150039
2.554372627395587
16.812838540358875
15.033375159549008
-4.753150721650065
-1.581218793123228
-3.561488994539843
34.113503333199205
82.636923406562474
-9.448815731023416
-34.250092598921135
-8.425190671558045
-51.874437072810458
29.561472755814076
25.693689687386758
-37.261113623664890
12.000837087684417
37.421400025690858
-34.617341487335835
-8.498979287346341
89.186526167787306
0.569547668923448
-84.937861229164454
-69.613076355422379
5.336413775713631
3.328208898138798
-2.205318808362213
-1.682585878870452
-3.257720194697645
-2.786694193184812
-1.297912694442645
-0.221750769977753
0.842943839820383
-1.820189368859609
-0.147079041672769
0.351120994830544
0.453056328362334
-0.895754448419329
6.676722398824859


0.063019  0.172948
0.061864  0.152528
0.013951  0.175596
0.061364  0.152816
0.053933  0.096094
0.053288  0.120451
0.089246  0.090233
0.067966  0.101126
0.030133  0.066965
0.102745  0.074893
0.084765  0.175084
0.074692  0.127219
0.146361  0.120290
0.163867  0.158022
0.133991  0.139634
0.186733  0.088777
0.141187  0.128362
0.240857  0.146308
0.228775  0.162953
0.138574  0.173490
0.214896  0.147440
0.165288  0.130664
0.295952  0.128530
0.301165  0.111742
0.355346  0.139016
0.422617  0.223663
0.265903  0.454133
0.352524  0.296355
0.311427  0.276087
0.275960  0.333789
0.313035  0.235544
0.210585  0.302391
0.238417  0.170691
0.305160  0.240386
0.055709  0.276774
0.035071  0.905467
0.154523  0.758705
0.059622  0.643543
0.000000  0.000000
0.000000  0.181093
0.000000  0.362187
0.000000  0.543280
0.000000  0.724373
0.000000  0.905467
0.084523  0.000000
0.169047  0.000000
0.253570  0.000000
0.338093  0.000000
0.422617  0.000000

0.297804393484346
0.434862526944089
-0.180922178677441

0.610330394909980
0.428772199088101
-0.113115180036411

0.949669166672627
0.435101706424501
-0.182012182511608

1.249201881144740
0.443712365587556
-0.015020275136918

1.593944163629783
0.182740501243704
-0.041882463907661

1.974102425438148
-0.070146716915366
-0.118832214042062

2.298095119926938
-0.191806414942434
-0.192258621725183

2.805549062549433
-0.246349477254306
-0.329443471397179

-1.435019959054528
3.123899286094978
1.678148758136676

-0.960305635562645
4.584224447090318
1.266482900461453


