0.2150000

0.600000

0.000000
0.000000

0.431475
0.661511

776.374274
0.368087

103
10

0.157230912091368
2.888907630919411
-3.076348950654986
-5.110690654289432
1.328563469104455
0.026323852200027
3.351615460326376
-1.093473953137082
0.352396330000881
2.561176920252617
-1.098811108438744
-2.707713052231408
-0.539973631893846
-0.070978942311703
0.062164648122464
1.647651281491274
-0.273863010668471
1.254224916843787
-1.867762253566215
-0.621120584494357
1.874993650067608
1.323275733839207
0.083346769766602
0.029230720942069
-1.238360021788342
-0.677858733963953
-0.555492206011609
0.210755110858329
-1.625061388824020
-1.637206360659016
1.602417073116840
-1.236275278943408
1.504179367680522
2.440551588504033
-0.442426160046780
0.570283412861279
-0.748622876881575
2.422869818711551
-0.684057076958841
-1.138102026648394
-1.110401572611060
18.657826548270386
-2.350047320363910
18.354745831488447
-37.743506614885057
-2.230608623594542
-3.042349500294056
-0.718918180989819
0.073805472098142
1.695809426693416
-1.428396734359917
-0.733456223535466
0.265253205189218
-28.556092529952295
-1.857185060642716
-1.838685059255862
-0.603841390902177
1.225306412854852
-9.054441828695440
29.451939410056752
-1.405597611442636
3.344328120591043
0.943052872664644
4.493295525908940
0.301553322309092
0.486817665789059
3.107778163710397
2.183765385463617
-3.613880699640935
2.835829131976349
7.940739768115877
-0.912133055466958
1.112822845924111
-0.826488090921680
-0.455714640327352
-7.013179186840055
0.027917053542035
0.386664111843458
-0.802119486206314
8.607940621048575
4.026704996830416
0.884814211210987
1.466373359981490
-7.795066947375733
4.069274284278023
4.043802642121968
-3.392665138160986
-1.467797041849753
0.604571047990726
-0.969805728466735
-0.698796363686832
0.190503130356044
-0.317224233193341
-0.016071790960192
-0.022117014369919
0.299094639019783
0.124997005443823
0.221824290149003
0.246882977534670
-0.032861829095966
0.275277579144717
-0.951114956333164
0.761293002312202

1.120324596516223
-2.957774702504513
2.651510632317315
-3.976236451767071
2.842144337492182
-0.867371953610721
2.280447080339435
-3.293021315280019
-0.451577533343407
3.686633291967616
-0.639842194935393
-2.467447851613909
-0.264899468178081
-1.594805290932068
-0.158811425658966
2.719032310964725
-0.448966560138113
2.662380395602890
0.385533733439790
-2.595460177012886
0.049535340642828
0.805451030148961
-0.720737340568358
0.192360849700731
-2.250276969441562
1.436259944124891
4.480536124473345
-4.422185266906889
5.230727008527112
5.753975243842727
-1.467734858466620
2.658476606766706
-7.700524041053476
4.313937148957271
-2.141798224589693
-0.551214553960746
0.237504198492347
5.477773263254044
-2.157515139718986
4.884919506974609
0.097057200966403
0.918941175389364
-5.060192802278829
-0.009138510842182
-3.685990497762318
-9.858682479426811
0.804593382004161
-2.107567449729815
0.140996623621096
1.033127857888733
-0.659949949395714
-2.871867545208245
-1.203776787520417
24.794790824500009
-0.276495465782452
3.525804875886199
2.397566753959656
2.407929610275637
0.314229749439211
-24.475012778378719
1.012130525251565
1.009105322793038
-3.629680097983207
0.395048531453472
-1.614965675656222
-3.892393794732675
-3.002910775422404
0.453821982477874
-0.824701818999744
0.819489070475451
1.186070856835859
3.151230227158955
0.746080052168262
-1.061990042422646
0.123865188674322
-1.330724125670246
-4.442094270191889
0.937511204226754
-7.280766058925353
10.685089285683084
7.472451964984019
2.374898440821666
-1.305820637505468
-5.174263842381664
3.535666372427612
6.308679927890447
-3.294930554848876
-3.705340657460089
-1.369035032179736
0.742343685744930
0.375073519442537
0.677389995513659
0.720415329587615
-0.399110097873819
-0.098445695632024
0.768498109372645
-0.392362439969099
0.371859972722169
-0.282661367296973
0.422301231832256
-0.052056634207461
-0.452433129056154
0.350040840771048

2.758599746504562
-0.480145514200371
-2.024353013313247
12.043196140182767
-3.574031963005468
6.016246304287731
-10.608492776051857
3.326857717001532
-7.859916071164472
-2.036722849744992
2.342472514437417
-1.348443739372178
-0.220929581802149
-0.154556458282560
0.246294769816029
-0.100355353417337
0.371405325786610
3.307056822479114
4.722680719230327
-1.788307658916108
-4.924188607887873
0.623154375956002
0.086930328998683
-0.912162360993104
-3.090285882655051
0.547042398038587
-0.384595605873071
6.210277079913313
2.722311494734847
-4.596156949615194
-1.725594494461907
-4.806036645673734
-2.882771535859808
3.705742844464797
8.977767427075534
0.346279395297167
-0.351754615764198
-0.666024424189661
8.087110981851412
-1.604009726456455
2.232784900285664
-3.594121336062354
-3.101159007566823
-1.939807716203535
5.180902920351317
-1.387702506650338
2.342822607576833
-1.548818051811522
1.631298161221548
1.771765615189355
-1.383525912567058
-3.386713585126043
1.154121903575895
-2.590159502627911
1.972059312827907
2.080075879848856
1.803784116634466
-6.344542669828614
-3.727045423001329
0.481201432054918
0.592568706647608
1.638476534101153
-3.819075477117067
-1.103681216659398
0.348758354412815
5.105016169135822
-2.466186625371352
12.756971595182032
-1.196674678491071
7.485413854956984
-1.256556084036271
-7.112110592631037
-0.564372844417687
0.072899032461750
0.439781113550814
1.351559482747036
-0.238787354283703
-16.955768849025660
3.942955655713732
5.464388070455097
-3.110164675844290
1.988805419877795
0.290429877163331
-4.379486778901316
0.339326670781038
-2.704235989494793
0.854734079191458
1.585410729179686
-2.615063435718557
1.033340497814786
-2.378802052041276
2.809599560031119
-0.721138727833905
-0.251773281887197
-0.134113835257560
1.237227131947958
-1.246107536039335
0.338858535294929
0.774036143847704
0.070092018299270
-0.152139942233788
-0.234191410229534
0.170976652074406

6.208954274436612
-3.558569818911592
-3.237968600011176
9.865274920847405
-3.993768301358879
8.415999108137436
-6.735357534495019
1.720790672631645
-9.689066216398778
-2.822381285372587
4.108956624777488
0.052677399041345
-0.664138119366591
0.186032241108686
1.193691592512862
-0.536996542280958
-1.489774031767658
-1.190177417764909
-2.562596490811109
-1.553887412886780
1.256452383983931
2.679436382644056
1.488318180886208
-0.088457013026376
-1.361528972189351
-2.881511118434252
-7.740639241363852
2.874606017948014
3.935995269056358
-2.622326919675588
-0.710038254520512
-2.458446984942350
-3.813618756233280
0.991049140004575
8.193741748053428
1.244110172643854
-0.955007425492143
-1.673264365556628
1.779901112722090
0.460543341909886
0.446451016564213
9.449821794169825
-4.732425929739006
7.353368678197256
-19.087108568944394
-0.075260058821555
0.828778641418316
-2.029981975447388
0.949166018294239
1.651252413455991
-0.542480035256244
-0.583154075713308
0.670358552898828
13.923084787663079
0.316328612016245
2.424281183060332
-1.292774529549348
-3.330262382406142
0.256443735507796
-14.769766086607381
-1.025035051738239
3.818187326836227
3.813142138999740
-3.554263954281905
2.447668448221485
7.601783054633217
-5.406973764686474
2.411756896202049
0.511442529662203
2.705915140440772
-3.436886260796981
-4.146911356112312
0.860655749064437
-2.579403459356576
1.649799509407083
3.466035307238226
3.840471325221305
-7.634704378593303
1.405646201305688
-2.263390096338005
3.044404204982618
1.003669910554190
0.123125769988653
3.260231086732891
6.818657318497589
-1.834637737146790
-2.894846448983356
-0.862949226297090
1.960589600992368
-0.163770345942225
-4.125561032817068
3.261898370061207
-0.543044156589561
0.069311093800482
-0.386469974928244
0.721252215560768
-0.493402600406915
0.093755405324076
0.574321062728528
0.423353325686037
-0.405053144079890
-0.521034301322336
0.248132823687455

-1.981784609304211
0.421464521192733
3.820731332952059
1.345860765431836
-0.442138660992612
-0.606222235983262
-1.783013928388118
-3.935369817853405
1.583872641769611
2.055900761832000
0.271905063760756
1.409623287355543
-1.248586337066791
-0.985645593996474
1.366857638798339
-2.299035134388735
-1.089140067847189
4.745942216081639
-2.554728559651555
-0.495762072892912
1.783025235483898
1.516530504309690
1.269431448559321
-0.447429627930032
-2.286289172524295
-1.722911045405801
-0.283358409913665
2.804199293303110
0.070980797656092
1.554645191123862
-0.789532809008182
0.958938792532828
-3.708275632384850
3.100421671862035
10.461086270915768
-4.544868795159156
2.619149472539869
-1.939539950059609
11.240479772169513
1.723165212458867
6.447305604975818
0.520694922445063
7.947280170687727
-14.666380413388527
16.779893512184582
-4.157113255996677
7.025424645124351
-2.327876528339412
1.113710283167863
2.059004201444957
-1.410647974800959
-4.467160800195413
2.613021905306903
-38.605593869828596
6.270955896794807
3.974417298709696
-7.171243635786797
-11.786072357983588
9.861342159926625
36.419817016782503
-1.360978382719312
7.239041666137328
-10.045694312595110
-10.140022013083961
1.606181814608519
6.691243807922525
-2.244819966067475
15.184663941837586
0.414495894415180
5.970690412188168
-7.455658004430398
-2.242296207896185
-1.296705106240160
0.755520968677346
1.598903384111096
5.463688918978862
-5.013883706151351
-17.535360011255481
-2.466266875243121
-15.939131627255541
-11.269742137459337
4.806449236709367
-10.775620968893797
13.999426471318563
-9.755652373569005
-5.465457100301105
7.744019369980433
4.270866339796186
-4.671944383318312
5.300145424602157
-4.931380321485628
3.336649655829906
-0.411353467646912
0.264308978198003
-1.132484368912500
2.017193013094970
-2.485364119158059
0.786566098211109
0.000000000000000
0.002584674707829
-0.097340031037406
-0.422872187378205
0.286105303488485

1.420838433086030
-1.522863159750693
0.834961190743649
0.000000000000000
-0.543478515155288
2.080245446747715
0.368148765513106
-2.516539654355672
-0.624624756418123
0.313094486149802
0.605785725835652
-1.193581143147131
0.685437256073063
-0.188229146023622
1.238111523508131
-0.456518996576537
-0.622006182334291
1.364813539485703
0.764413310228872
-2.174199145012162
1.702171482481202
-0.865143234303948
-0.004884810084444
-0.107645176375779
1.691784912943209
0.752391861661606
-8.173234326466224
-7.257697385810938
1.427149282725069
7.125016826446631
2.835184490840314
0.021732465901051
-4.948512061188167
5.579685054632135
4.210510826997035
-3.947351502576001
0.429832495845477
-3.716748817152250
9.011921533682020
0.077293890946305
8.771805045320930
-16.671650407683860
14.596643726434387
-26.349349118662772
45.648890956603069
0.608748418846454
7.072941450605393
-1.378094407246758
2.858560559803787
1.506734126880381
-1.021206219003451
-5.332462741233767
2.717468073687614
-23.931998384786034
7.045579222202754
-2.053675440360200
-7.006404186518276
-3.916651265240982
14.547192543732903
21.088329450324238
-0.129897023589190
10.201416460811940
-0.206011959178376
-10.435790234087531
1.237708937743833
9.157466218872486
-0.234126154666452
-3.661566330058776
-0.040609976422413
-0.159858468982346
-2.118198351702323
2.607048049307992
-0.350192795020911
0.455522153508538
0.303689858392830
2.035201108260083
0.413414582309083
-11.820778879144532
2.935268213689935
-23.221761260364556
-5.859625346017520
4.840448663064944
-6.937689443345366
16.542168556414715
-15.817272631016143
-10.853060368651647
5.240820681316051
-0.890633778281109
-0.262559504573816
2.166595204020714
-5.361903964072637
-2.481919332802685
-0.388846339043801
-0.076899131066939
-0.833346691673019
1.838306477269604
-2.372114893972038
0.730913670133353
0.137133871823881
-0.791394367701022
-0.050483247740694
0.555673612052809
-0.520923992721209

1.179784566621977
-0.552233394808139
-0.390533657821373
2.235290793919969
1.801096407097579
-0.657983034769048
-4.358021632075910
0.842206820156400
-1.621021769384371
3.624250535467977
-1.896942167345796
-0.614805181863891
0.184393973591636
-0.297759288691106
-0.009627772731715
0.047527628254912
0.760477901161665
-1.431752462268237
0.042542646441259
-0.173635799618528
-0.068469882434558
0.087742522816616
-0.052150161217546
0.021641145981222
1.432133539321408
-0.078511709258265
-3.004247060044564
6.891431990226494
2.329467479664791
-8.524210584931556
-0.614205231699487
2.825121074672615
-1.389102714207710
-0.486208182307186
8.097301301557529
-3.913811957228986
-1.009646981952335
-2.517095638522600
3.205553009832428
-0.047882510731789
3.521608903805081
-8.018367328386926
4.631381704769606
-7.784724983004997
19.830960150187160
6.264226860992518
2.687159693218866
-1.215391829314446
1.739779612987571
0.953710345493961
-0.375441668563907
-1.125712170799078
0.381383372875016
-4.653183320536279
1.451721341032018
-1.849100034807135
-3.781748871419453
1.313235633131396
4.912080672694013
4.131630031223020
0.161091846564514
6.781202294206124
4.510009118130466
-4.882646045833980
0.289455354232023
1.607852919092092
0.056682786098532
-6.315015078833439
1.185386094418978
-3.469737772600325
-3.164953361771322
0.755311860569640
-0.428346782688337
-0.167913342269327
0.474519235743696
4.445594279802924
2.670142476210456
-8.699124735092040
4.042559600403120
-14.458108250062935
4.733443717428735
2.641183339441596
-0.507993534550658
12.531456959606730
-8.923956773034202
-9.411764481255300
-2.010265513639256
-6.766890441489949
1.132589348309947
-0.553689607949156
-1.721536236958871
-1.317567454836233
0.193633548199478
0.058219400719320
-0.508764568403803
0.842835746047697
-0.641605950055813
-0.072487329868838
0.255004559867801
-0.461307580098513
0.162526948820401
0.286588171985149
-0.246927448765592

6.531116277669901
-1.942426275298053
-3.229049928412337
7.645158492924129
-2.205694447117838
3.433725355327828
-9.579512283725029
6.507185976538958
-6.063449451172891
-3.203487640883774
2.478054879203401
1.248180785751678
0.644412199116446
0.009075855065766
0.355933086355264
-1.258137353417564
-1.799785155044811
-0.120082793258242
4.254835140418184
4.818341100612668
-4.355009432510816
-2.330812892221984
-0.153358091330695
-1.310623304026594
-1.659956188790140
0.872475395621742
2.749195123336498
6.240376818101762
5.131487960539002
-9.230832181744109
-0.403227742996555
0.977081890756949
-1.891325238547215
1.635760350198785
-2.324470550087448
-2.030056022061569
1.060435503933405
-0.651092682800501
-5.743823741184449
0.235618971990797
-4.705406359028439
21.430716244479907
-6.311414874269206
42.147866617497478
-61.772016832592683
8.471431467653190
-5.412856898429716
-1.497042748158656
0.487125596391456
0.049102109690093
0.424265953723550
2.344370553317122
-1.979037083923138
40.626408190061042
-3.167027100379446
2.742857030500333
0.664339243294805
4.893129199123936
-4.050160028748371
-39.684990632912289
-0.434345881958307
-0.188116065638490
2.362770793209973
1.249738439490785
-0.027554669806650
-4.678134114892130
-0.774319338617224
-3.830736336971131
1.549206212591419
-5.300681393013551
0.540283062841085
1.046137321461386
-1.844129268047031
0.000000000000000
0.839670406818231
0.734659862871608
2.703033102351454
5.139785889623508
4.526019761592537
7.940289458225604
12.148927878795645
-1.994565468552043
3.645519982304699
-4.791148174690681
4.951328197723446
-2.622592175324785
-8.524275593673178
-5.075048999027112
-2.372866335827411
-0.775014892807986
-0.078732938592320
2.309391878701911
-0.352784620303930
0.358458512203343
0.199958325766212
-0.410577183191571
0.949350429175478
-0.521363614690251
0.098512116438783
0.128718058278963
-0.072704274432937
0.571393906576457
-0.367350558459640

-7.536290162479817
-5.447297172018763
7.882092459706098
0.826361536293216
-3.998604730854854
-16.744471578495574
-1.913022008015478
3.472555127678359
3.944107822016603
3.391236868288550
-13.141862458581855
6.789281869616120
-4.789088601840486
-0.728759073965246
-8.165134756203008
-4.020592977485225
-1.585477258180897
0.429592747328358
-1.688041300291267
2.190053949430449
1.131628015790726
0.294846856943662
-3.263688890344498
0.777138167677058
-1.990266838891994
0.531339930364102
8.512738451587742
-14.759648613561353
0.569612738125585
8.986011732889379
3.805698733824943
0.103743283457367
1.261196213882502
-4.189794298910408
4.367410361760298
6.715229496297480
-2.967761803957611
-8.158290852104834
1.831035293500388
-1.247582076215642
-3.481572989749867
6.183662473230401
-7.430237291750037
8.160353497101935
-16.671062053090001
6.075724292955271
-3.163262935812258
-1.114788194146646
-12.844878191030705
-18.184590583157970
-0.929902804943096
1.094916183119919
-12.111279162177205
114.242175694085760
-3.529020200827632
-9.748018119879268
0.105871770982453
-5.585340645727964
0.134684251118339
-105.694233533556470
9.455381827894543
-3.057774933894072
20.084781642616047
5.293318923669704
1.955686113847231
-4.838993551403467
-9.923379144589713
-9.778628581810800
-4.910297335543590
2.329429209841167
-27.805327151402810
-4.077056876763343
10.721094028334258
0.496259685287918
-4.493597440048666
25.442075904924209
-3.834172771148331
-3.988553060459051
4.738671853889388
13.800755613063808
-25.602745702845116
1.543170783097943
-1.421772493512597
-11.557226417095807
11.839338603366464
1.577901410374043
8.109963621738434
16.452569819318995
-0.689156519618987
2.465669606723135
5.129006218545984
0.902406747092301
0.245971617370413
6.273338248473753
11.689796961247481
16.974604235374624
3.187325785100587
4.518970745348961
15.536624303621679
9.238638727733459
5.850832597356867
1.248802312557995
1.889857217691276

0.126696268553547
0.496532338055547
-0.652508473747870
-0.058256472613799
0.277527729355674
-0.328142646729470
0.113236614052148
-0.655885075700265
-0.085438259423315
0.757527267428612
-0.347806263017572
0.317482178420482
-1.030687478270381
-0.110008506932145
-0.356415600113489
0.754254085143330
-0.184540849293553
-1.216731200504385
5.065571683939083
0.614710000177894
2.719612030525243
-4.345455525361150
-5.074593868963833
1.237675125948798
2.346029455471207
0.289989201323199
7.318895533628335
11.927067331078829
-9.110519290821674
4.281160160919302
-3.400397143925078
1.640859596253173
-0.783060028116707
4.359180016094328
5.342921759995346
-1.651231948989979
-2.643563416382580
4.232954809606281
6.498085013038826
-2.458080534118972
3.929236354459841
-17.448320135224389
11.489478093853924
-21.902280072083791
42.104337323479697
-1.141455025454103
1.822543420804684
2.908371664724212
-0.086770757757163
-0.104170078747355
-0.068672091277119
-1.518208264105773
2.063133151241312
-30.219494174415811
0.917936565717588
1.276374483586807
-0.598412760545007
-18.185061154173471
13.265773513214389
31.596725523705565
2.824841246687830
0.631834642090145
-30.089733192366431
-3.125983164989861
7.222938044751330
8.560207082792797
-4.029990299964119
29.718760959785346
-21.407670169385320
26.562317099367455
77.808108248005738
14.855288851769529
-9.100681261242629
-5.148905673434697
9.410279789077547
-81.467294124115256
-29.198327167061272
-7.844058356624661
-6.923459451438204
-19.927619073333602
-11.581431043537567
3.249539918954191
-6.607782555311035
16.488240206726253
-12.294307394001958
-0.381429903852892
7.061330156243202
3.820205446519982
1.581013275270748
-0.590148376832895
-4.903663199745261
-2.163268715640123
-1.243098380363727
-0.502668005054538
-0.676013824769141
-0.371360414489681
-0.565586663310688
0.285284741957162
0.190645590673060
0.323754526721261
0.375153614458699
0.469542457942897
2.379483402824661


0.052244  0.078566
0.038261  0.077094
0.064254  0.073738
0.079098  0.065000
0.065121  0.045144
0.082407  0.029635
0.084328  0.070146
0.100157  0.058820
0.094781  0.036613
0.117519  0.060759
0.125845  0.033379
0.160073  0.094241
0.195644  0.055217
0.119427  0.113446
0.230716  0.042414
0.158254  0.100844
0.250816  0.093501
0.175390  0.131553
0.326292  0.165481
0.245238  0.159140
0.331743  0.180181
0.303124  0.155392
0.388990  0.135033
0.431475  0.265883
0.297961  0.280544
0.380568  0.237234
0.250237  0.493584
0.289415  0.400179
0.254905  0.397533
0.280520  0.399520
0.315388  0.407557
0.203543  0.435693
0.243980  0.395266
0.251220  0.344789
0.236469  0.345458
0.188711  0.447399
0.169375  0.466763
0.172445  0.388234
0.208286  0.349455
0.142687  0.398840
0.167376  0.309072
0.132601  0.342723
0.142931  0.311865
0.134968  0.334961
0.135168  0.337652
0.086360  0.286921
0.078218  0.312306
0.093240  0.394389
0.034866  0.277345
0.010283  0.372406
0.029462  0.349379
0.068397  0.535605
0.062453  0.630120
0.100931  0.622552
0.079887  0.568618
0.152950  0.628073
0.115136  0.555379
0.218504  0.580803
0.181235  0.574574
0.102535  0.621098
0.180801  0.661511
0.133731  0.541154
0.197820  0.600557
0.164833  0.561644
0.230270  0.628738
0.233608  0.480416
0.173645  0.628999
0.202628  0.582206
0.278336  0.595292
0.273015  0.547536
0.329501  0.560394
0.274168  0.527231
0.331950  0.606225
0.366515  0.598388
0.379965  0.648422
0.326862  0.549932
0.282816  0.489639
0.222555  0.344781
0.160322  0.402925
0.147881  0.292492
0.115807  0.249523
0.122673  0.212088
0.165513  0.248093
0.150869  0.285809
0.147967  0.326509
0.075141  0.291469
0.098973  0.249607
0.129083  0.253208
0.186452  0.151841
0.192852  0.219932
0.293733  0.353120
0.347568  0.274948
0.000000  0.000000
0.000000  0.132302
0.000000  0.264604
0.000000  0.396907
0.000000  0.529209
0.000000  0.661511
0.086295  0.000000
0.172590  0.000000
0.258885  0.000000
0.345180  0.000000
0.431475  0.000000

0.582812653084639
-0.186417934925571
-0.154380371539900

0.868689326393047
-0.060604986978114
0.037590324374112

1.145852283623591
0.077744678851451
-0.061171271458210

1.356545702870877
-0.227413648564510
-0.051195691246652

1.678497975084599
0.158711964197858
0.297803515343027

1.956147132615199
0.168972163816601
0.369422281466150

2.417743967377970
0.008616980115102
-0.026373038679801

2.767350152921755
-0.203761168407883
-0.225160603663753

-1.518399518364234
2.643880168747410
1.677923598694824

-0.409719094494438
1.862432827287735
1.139124632088661


