0.050000

0.600000

0.000000
0.000000

0.712588
0.789909

585.389745
0.602479

103
10

0.041303336964570
-1.421188374632115
-4.681681081417770
18.963501258016699
3.080031836086695
-5.220775257751935
-6.263736237187816
-5.497199390377646
-5.820844025499368
2.986886399329821
-0.391276127685497
-1.778026706947679
2.900732452556785
0.130220156906925
0.284703384975444
-0.997624340030393
0.674727249629720
-2.389843817301211
3.282994265344601
2.428425411892955
-0.142610973293796
0.201712152716370
-3.787710723414207
-0.012945453280191
-0.399690776020984
2.013924986634773
-0.083127297798019
0.795815668369754
-1.634212051661623
0.368199997348140
1.434180003310296
22.071283840854505
-21.176532172145553
1.771938307603085
1.023765823464952
-3.441391609228771
-0.425813299087241
-1.039393208967276
0.211355820884395
-2.802938604749047
-6.784011611974181
0.556071189088316
-14.849386479597046
4.598939523116418
1.662834948897577
13.486242062991444
2.456833734603586
-0.391197709371775
4.551589489297663
-2.357999603918455
-0.787325666618262
0.857864728122490
-0.130159472998464
1.292378006225868
0.833276023523553
-0.523770364470850
0.226619873363574
0.116970871182790
0.611705843032208
-0.130419206747620
-0.281663890975514
-0.181497067243211
0.437529671725927
0.279668575561464
2.520878002238680
4.269512648649037
-7.678566493303884
-3.030863757764526
-0.508046489682270
0.797273615354142
0.120622472283471
-0.045731743708445
-3.638414992970984
3.568779833760400
5.316957028871674
6.604213205285548
-0.723450406138430
-5.683717656077633
-6.640661355044111
-6.600574577821854
-6.095715172381026
-4.099008201758096
2.124741862592293
0.628926829083245
7.917925354292224
2.659467975065283
-1.622773067935385
3.363577046014373
0.822840304642397
0.078521524922629
3.797592253111968
1.316566378181417
-0.497940738643295
0.086509230373559
-0.361324306434453
-0.090865883980095
-0.274692070648901
-0.072656338294319
1.585700472551549
-0.410250383005834
-0.244250019076484
-0.105871726603185
0.036535091312069

0.496432659134423
-0.823264659356383
-1.419785262511053
10.902442968951748
2.371551920524772
-3.607632192007735
-5.387604097135709
-2.440038227289945
-5.150163975317014
4.934409059138657
5.191816230704560
-2.194243182087803
-1.160957528479762
-2.746629471455237
0.606319723689851
-0.797051121722923
0.937347495388641
-0.854149783530494
4.088175360498084
-3.353728112128582
-1.075319684830038
-0.143739832610701
2.362810807222620
1.127963624644583
0.450171849042328
-0.044461631423714
-0.581893152905580
0.508952094414956
-1.024496235535280
-2.934193236244621
-0.286429523005148
32.046406342531476
-31.623846495970618
-0.369005945080308
-2.000980013498536
-0.137980333965602
-0.993708698440787
-1.531428853029993
0.303616498596023
1.477361595323701
-5.714043465921518
-1.560329958776511
-7.793733386435083
0.865361762316294
1.876002085768540
8.088054693996135
5.402143799989610
-0.489103070056968
2.136599262774054
-0.996479100889978
0.195045782202786
-0.719617612185080
1.150492260038520
1.889421549698519
0.265137956114398
0.905853201412153
2.094047244050913
0.245790234356275
-0.806735772879616
1.362674550804376
-0.472714589085524
0.064251476040775
0.490432395359750
-3.468439812588538
4.401130051002666
3.695253060949565
-3.258246764191148
-1.302442555405089
3.735122860212543
1.928019451001568
3.246296845177174
-2.588189474965693
-1.688533830069205
-1.882577122573375
2.225623187121621
6.632798704688669
-3.601644268668669
-3.060501431498435
-11.033275118420056
-3.942889164711114
-3.781688383595627
-1.133132441234898
0.231473884055208
0.621625628120844
5.628074717754426
0.412335114212825
0.815992400402379
-0.332120639874203
-0.396619455794157
2.255888256747183
5.135956091946750
-1.041563623163338
-0.258235215523498
-0.262411270676209
-0.798986555747598
-0.432883154142043
-0.645378182239132
-0.271242938206562
-0.278469764434700
0.426558178184001
0.443928620965567
-0.524931507989152
0.546727330392341

0.910218447222070
-1.377578684721821
-1.070109967028038
8.787392841640028
2.017123139784306
-2.353778345485427
-6.877293478757824
-0.127208203801725
-2.213893710252047
1.025275312707515
1.388856177134096
-1.003072656560921
-0.761248962108746
-1.446182031056055
2.664027639166669
0.105771125633588
-0.731505354443942
2.995355838132638
-0.724764002407578
-0.562699879018436
-0.651741780380891
-1.179525612425749
1.761358924824436
1.663724226042569
-1.007118542884377
-0.116936147083293
-3.564019215686569
3.257747821408746
-0.434918449262122
-1.645826734932181
-0.418325596254815
39.680570699320256
-37.905790430222076
-0.054740335541256
1.591199929067987
-0.488054025053170
0.454482238028896
-0.489480948064749
0.502635887246781
-0.578433683667985
-2.819563134445471
-0.090512534428788
-4.352715798228304
-0.193859562084307
-0.142438513081596
5.273909817683633
2.615677732604267
0.977986289752101
0.894563336137683
-1.272174058774869
-0.411040871737938
-1.096880324811113
-0.029805421808587
4.680722481035659
-4.357615328738651
1.571228599782062
1.083779985144258
0.218878735502649
1.957375237432877
-1.161948185650030
-0.456844498079605
-0.069886892020511
-0.300235356322785
-0.984640979894369
1.229021319716093
-1.803166822095939
0.196678704763687
0.977383575014950
1.559448877905668
0.482226768324836
-0.545243142804940
0.730345364192025
0.594756045373118
-0.997032917224771
6.257448632599780
1.041289608951412
-2.543949193660321
-6.755940678526458
-0.148029501013991
-0.540861796451115
2.243979176270656
-0.345027181258907
-1.428658234900916
-0.908145884702618
-0.665941416152302
0.581866993754838
1.405325787332223
-0.974845008851757
0.990101214072439
-0.487301393955672
-0.170018818458872
-1.088289862600089
-0.127261483504925
0.029394417681450
-0.399422197514711
0.338456298612255
-0.593581311214043
-0.189068038840134
-0.840833868473147
-0.111354413105180
0.483985963043396
-0.499985363920067
0.466795586978200

1.805614983906877
-1.521554330849957
0.154742565981932
13.812035048846163
0.969266439611655
-4.514318749289062
-6.119665310448260
-6.842918849513699
1.598984901476601
2.100060465871992
3.300279369990395
1.189531457446444
-3.303672825848906
-2.813286526508320
0.571472037828841
1.013555039568167
-1.076127884486420
1.020652055946211
1.545146374027631
-1.101456654797620
-1.205826478495992
-0.635423770156287
-0.691243704284172
0.961933499577677
0.664356940909327
1.793117784664296
-6.323442909890384
6.226890994061011
-1.151754560742746
-1.557927363378348
0.320234623786194
14.819419507138681
-15.203804708902970
-0.386311217177242
1.167866057113763
2.678160560316829
-1.011673264604667
-0.476683104294619
0.196717829590699
-1.954523376790500
-1.894701709708677
0.577537430240859
-5.638987173462067
-2.113446330445887
0.583270341665473
7.545602587951909
4.888438854388845
1.834043528972977
0.751748128274566
-0.517404928936637
-3.089815298132440
-3.947979067108826
0.944113936825568
-1.380437872834245
1.232313108138879
2.393029172517676
1.917395475711001
-0.033152154153150
-1.010926615199890
1.469907576755874
-0.589911002439987
-0.480857509476609
0.670269502630720
-1.527861901717164
2.477093671640000
-4.961145371396590
4.154916322751531
1.069799078421823
4.126399689723747
-2.002298898784065
2.753409735320883
-0.178896291155415
-0.843969888962974
-3.571521535213898
6.498199138051239
-1.492242934103612
-1.581976462957863
-7.181905878452596
2.233387347324471
0.044357376033589
1.127699991634404
0.387461095008086
-1.765596112009275
0.629650643290492
-0.426060237325273
-1.821456015808841
1.524370358515709
-0.988575662642787
0.394775436057153
2.292892293555967
-2.495206449807488
-1.430207185934166
-0.002296346205322
-0.283932700149587
-0.673143278438297
-0.577205272473267
-0.258815975455472
-0.168879764129890
-0.975879594598962
1.376862647351014
0.153502300165717
-0.884062043047718
0.719885751181167

1.305149075396229
-1.006076947455856
-4.614766161596120
10.396556016384606
2.260145978152871
-0.793460184481080
-2.662768085333668
-3.981911579820090
-1.102276300356091
0.987211157201560
2.123241129500621
0.736862188016927
-1.674848255379378
-0.025491766715690
-0.785657029340572
-1.054906552335336
-1.083299870084888
2.606914429522901
0.119439775430864
-0.852629417951036
-0.534992048559293
0.157611550407709
1.201985183291027
-0.246681844577532
0.689340908626688
-0.655307907685622
-11.507410650239002
11.274931333515296
-0.546591067926004
-0.562020371096832
-0.128804229680866
6.566604483595403
-6.204800448548447
-0.718173701833322
-3.245167529249343
3.305613805655982
-3.395323704283511
1.497862806162465
0.049001616714851
-1.196650444560351
-1.542990005464354
1.565029436892994
-2.640159399957325
-1.360249754185299
-1.700732984782878
4.172691143317159
1.820967202857705
-0.263186829232074
-0.820297704383857
0.215203226917781
-0.684337713790417
-2.613335019881001
2.933293206571073
0.058345177403912
-2.500118578411263
2.669699070740808
2.126561426954851
0.144513515323998
3.130919140647104
-2.849532786581105
0.337520020288028
-2.185804702305263
1.282216551440647
-4.504566343641097
2.389748632790832
-5.783288891957345
8.466427744390131
0.523292909165682
2.055957455112169
-1.443390058963030
3.310935907080271
-2.057520902770882
1.007105243423799
-2.317370692056946
2.233782212746204
-3.766329559340694
0.518688234790259
-2.464229462570041
4.818630714919514
-2.125905254598156
0.636045010935450
-3.435181938936161
2.332873876914802
0.836211391816729
-1.136738664716677
-1.521127497791020
0.536411314982129
2.969525207244972
0.643059074878984
1.891158386341368
-2.413033050657467
1.452902641227602
-0.155877059011469
-0.430029799099979
-0.713390430713806
0.098798081391189
0.225471345198377
-0.508193856710052
-1.006110825373145
0.732038362901143
-0.260188893361407
-0.186633783244444
0.555374212998709

0.339632261255816
-0.182260682393903
-0.042471553595164
6.767190560284016
0.349540034682562
-0.697740747984173
-4.868112034932794
-3.644912407492948
1.510466923651215
0.910466509748089
2.706110612090400
0.078167990744110
-1.543259924928723
0.524140969159183
-1.968811747760018
-1.979126419627811
0.328893976366843
1.661167569153175
-0.788709693965010
1.249741244280940
-0.202949672670379
-0.351149885843497
-2.001221606380211
1.483666750304310
-1.077646584557712
0.460381679198490
-1.916775163413505
2.149751382222107
0.059921262636236
-0.246381864810582
1.394352232314232
20.461528934367205
-20.241307459938565
-0.217556355036338
-0.198714013220477
0.811672595298773
-1.629243727264474
0.934939353786248
-0.122856937316414
-2.380481414737177
-1.871833732389499
1.449515873865890
0.000000000000000
0.410083800575541
-0.024819173389103
1.168396310330298
0.226478150772939
-0.706272193904954
-0.601841610264914
0.256137855664802
2.022159984089475
-0.030490628815561
1.676485177462641
-3.206859276332183
0.672491957492099
1.095815354625831
0.622491885018705
-0.351069804410576
-1.091257554842116
3.003252838801418
-0.463536282205364
0.324666712986216
-0.656160424247653
0.639663045684575
-0.986464617567365
-9.633001283990481
10.022867174228235
0.329836775014990
-1.102150411168707
1.210914967072945
1.192377425603376
0.035568799054669
0.921021596024047
-0.390481436151692
-5.373820208171659
-0.683088099974232
-0.690957076850144
5.110909415066216
0.977633129605261
0.624772971074678
-1.043102865249812
0.609171285971784
-0.393542199266924
0.758413179387210
0.732261621599138
0.086724936100410
-0.254867755472241
-1.110738801079787
-1.301365794958639
0.924443000257387
-1.576686173356003
0.252680564222734
-0.048783894793180
-0.040631000461653
-0.684678060535707
-0.064074601614516
-0.219411717155856
-0.512038017463628
-0.845135995210405
0.312773891167820
0.090042934111034
0.036292861111646
0.282772073667393

-0.311190792671079
2.354324019664831
1.705676969573262
8.005852202178824
-1.392910933618074
-4.588015062264971
-3.656701830153835
-4.204575888448508
4.756819197509713
-1.947864184720129
3.162852872297149
-1.483144757395796
-0.123907759570755
0.509291232200559
-1.186372341001944
-0.201557504894512
-0.498897751642290
1.345076262458931
-0.355878451140596
-1.524946787813003
-1.056709601813568
0.745641313814281
0.128119768204239
-0.445280046930431
1.993380328926218
-0.027507718668251
-2.250137454280385
1.793639498325003
0.038529064170244
-0.467690779377577
-0.133663772234678
-2.957130489635414
2.475982703602127
-0.110721357878650
-0.940557067743382
2.144421110381386
-1.753992750250080
0.803094410441378
0.380932294062617
-1.624065536490513
1.558144906493047
0.585942032513704
-2.157805834925938
0.886096171800664
0.604496098106783
0.230972284655223
0.795040849830019
0.689305910460310
0.076745543317078
-1.041633696637455
-0.212193025619081
-0.248747907286577
1.112897377627889
-0.144116933818582
-0.120590718052907
-0.135461875754440
0.340087588013123
0.147097141652296
3.020820019406241
-2.615622264573368
0.562963611096139
0.963075990715965
-1.625401296086338
-2.061057989775727
0.199955669321315
-5.511903713053811
7.569515179075991
0.809362270901617
5.364360818207191
0.498428829555482
0.004474779629845
-0.580591749723989
2.378629421542628
-4.624074470594910
0.236707259405408
-1.542839832577241
-1.954497898784068
-0.403074693119517
1.679742553803297
2.161455378827044
-0.869318952945482
-0.606312827368196
0.434019376245703
0.004411274357511
-0.751736710145469
0.448138214828086
0.548451216126634
-0.187995277328673
-1.748399703319605
-1.051106123452542
-0.753694151331824
-0.774405007765321
0.171768429463260
-0.223391952450303
-0.042070904510369
0.115481204632730
-0.594389853466831
-0.275581415504573
-0.672203957780178
-0.386686979079907
0.622831804400757
-0.689633222649364
0.684909055127981

-0.226383757652907
1.871703169505768
1.261332420922463
7.909723858087650
-0.908615411633651
-5.161877476101250
-4.910713744802737
-2.032505950717503
1.393995541563414
0.375921657520190
3.567935065078431
-1.879452231619225
-0.096194282775337
0.384121758704193
-1.075525746611359
-0.369215035781599
-0.579753061771188
2.179596562754881
-2.348100727131630
-0.069391760830675
-0.932060843202715
0.082637050631387
0.581855040062857
-0.373213167625878
-0.945681503921437
0.869210048779232
6.276935293372935
-5.559662419086088
0.445469063497951
0.252617176870159
-1.077645626167808
19.326152005587193
-19.036796049140744
0.893068955648935
-1.617276874697230
0.825369464269155
-1.975818771693191
-0.804254887249210
1.242240287820960
-0.940239032866818
0.638721243602538
-0.084133567482609
-0.194792580502845
1.722022832224823
1.055474790031083
-4.017541987129444
1.027773222353063
-1.019173409993648
1.739351114506928
0.906295558794805
0.607869732363560
0.803165839026245
0.132435355820549
1.332587739845820
-1.604224423174375
0.439170571746937
-0.517400144846727
-0.126797721638575
1.096053574427911
-0.496717615119434
-0.152195585414145
1.026251692170297
-0.678275877828583
-1.924056900230635
0.904478361905238
-3.153636197586536
4.333075329512250
-0.598340399055974
-0.078918425905902
2.792082859126383
0.344056700283936
-0.989380029253359
0.445463025802284
1.275648674007188
0.704463730979228
1.496629515149799
-1.822794385204732
-2.112191502967130
-3.388218315952139
0.134347643703747
0.857030682365375
-5.769467025913110
-0.773630916549264
1.474188378984269
-0.092507512691542
-1.765162456239561
0.339149541706248
5.516062399328492
-0.398216023060792
0.810720597422257
1.135103265293886
0.844977379864969
0.191049694282244
-0.049165599007570
-0.089111851666184
-0.003227022287251
-0.335445134180143
-0.186016850989576
-0.301063691673308
-0.206217244607675
0.444815032029998
-0.303258019064287
-0.158743740534276

-11.816663151631539
0.171408515296120
-1.508703745803665
3.891391495413402
-5.467983820643227
-1.356837570391955
0.957808478682599
-0.236480028850161
-5.597489130161819
4.884388041175123
-5.482835842773762
-3.194088163677168
-7.650669530148456
-3.296290200832327
4.573203264677219
0.109529314717449
-6.127858929747684
2.131462239676930
-3.393581179041925
-0.477749751048644
-4.189753992326484
4.940856348777372
2.498467441583471
2.045921036204022
-2.001679571131148
-7.994327551997745
-1.783557953795380
0.558669716578584
-1.636338698582618
2.508719613628399
-1.185369155896771
-11.279193150681674
12.818027550628159
-0.324485755502731
1.975894032922152
-0.510677537559062
1.445786974697202
-1.502032834054413
2.814799797614922
3.716862378943571
-4.025059329551143
-4.911300248784922
-3.309923399653318
2.335703883294551
0.493113035209586
2.977352239147991
2.204608628225783
-2.239824567248507
3.130997267545172
0.057148147056799
0.072171513642852
0.866905782056273
-17.318344700067868
3.299036408471211
-1.539250570628761
-8.734386930049505
-7.218690589357027
-13.158970858777730
1.966314369055433
-7.884685035965207
-6.794176545019565
-9.300621125705117
5.644350904396798
2.217906455534815
-0.536380123766538
-2.228630363814907
0.453025072736046
3.762401945999411
-4.322995326059883
3.642104962599555
-2.668985210874821
3.108180918925203
0.674335581093194
5.030286675670536
6.008740985981380
6.918514437209485
-5.591046569371934
-9.411986068896892
-7.656236375404530
-0.299480712210312
3.677182946405788
-1.321732751533697
1.220514674658657
-3.097445603037079
-3.651912378433768
1.830990618068292
-0.069356242323086
2.740439714062783
1.051241476359149
2.155091802354499
1.496834638451606
0.209643564279895
4.780057744338517
5.939782586502094
8.406700044700351
16.016958876016353
13.551916933289165
15.590219557680808
10.396608852787773
7.617943813807122
4.818440998356290
4.833678116845575
2.065426427905954

-0.006919597823476
-0.033613204788469
-0.184633822600582
0.259588921813499
0.068520998648780
0.012265528357795
0.180186283726337
0.257253756539923
-0.920793534407381
0.343217590853842
-0.438481149039649
0.309557361968325
-0.207116695094628
0.194729269995792
-0.356281123396839
0.192627172606943
-0.200717932398080
0.225673058169261
-0.314741231896567
0.255266163576714
-0.466708369775069
0.288399550019328
-0.502864172271558
-0.272059093230540
0.364334050349510
-0.011507626369833
0.949316197473923
-1.137558997288391
0.330647769593594
0.043594032113932
0.029304699511816
-0.290704341751080
0.515480998313653
0.030541496259234
-0.069811544936902
0.055105711466395
-0.053387205839349
-0.101706169861680
0.061993203089745
-0.098774814506711
-0.027731054749096
0.101811742329467
0.129743390201702
0.419085010233568
0.109912339586898
-0.032068714534382
-1.594737830170223
-0.054752730852933
-0.144018194530543
-0.169788739278569
1.182439371137203
0.010006624265190
0.024073742579449
-0.021008284882196
0.019539987662212
-0.000953764236424
0.010546776190918
0.024047565102500
-0.013933211866515
0.013122545507831
0.003911940940873
-0.001828414104366
0.012411026282618
-0.046200914112754
0.046880456656643
0.097830439714368
-0.013284866755611
-0.010135535979292
0.164455167922420
0.055835118321406
-0.012878416761824
0.075764299825980
0.112808570515748
-0.162082912824792
-1.284112257651747
0.004087554617357
-0.153747269072534
1.029813561484747
0.269916224947279
-0.116146812430282
-0.206983874232165
-0.592965902355838
0.256966410781993
-0.036442034151710
0.173273995628439
0.320251448394895
-0.293836976361019
0.683445609314105
-0.064945601105327
0.074419281449694
-0.221152079343279
-0.022663619926296
-0.056943350680585
-0.019359232894734
-0.019750807181778
-0.020264141000934
-0.014363168564767
-0.003366532389491
0.074861617023662
0.129239764933813
0.156678329164544
0.253889035711166
0.092155103331489


0.047891  0.024047
0.074663  0.061562
0.092731  0.106580
0.118596  0.098234
0.057041  0.116536
0.107736  0.081589
0.129892  0.114720
0.136732  0.091741
0.152530  0.105883
0.177338  0.099146
0.241830  0.080683
0.227495  0.036697
0.201440  0.026008
0.316697  0.079069
0.274062  0.100775
0.379907  0.123274
0.391362  0.076458
0.434672  0.108651
0.459016  0.137219
0.602200  0.126734
0.514550  0.050669
0.526367  0.116930
0.590263  0.099684
0.619320  0.182549
0.641686  0.134508
0.562270  0.080593
0.711391  0.158886
0.712588  0.165799
0.508893  0.186725
0.399955  0.164936
0.246244  0.185272
0.159707  0.140713
0.162282  0.142394
0.119471  0.280720
0.130722  0.454618
0.125847  0.364687
0.134074  0.349951
0.219381  0.327189
0.226594  0.238047
0.265805  0.280729
0.345030  0.299101
0.288952  0.285100
0.352063  0.327937
0.372649  0.352484
0.227347  0.380519
0.349891  0.314392
0.394218  0.281348
0.420060  0.378392
0.313539  0.315979
0.455039  0.348322
0.366986  0.276883
0.073977  0.365971
0.031153  0.487037
0.051870  0.453651
0.036894  0.430690
0.025541  0.395720
0.055116  0.300219
0.030427  0.789909
0.027337  0.716413
0.033454  0.708272
0.028561  0.659304
0.041890  0.619959
0.074152  0.649156
0.078681  0.497913
0.087515  0.517536
0.118736  0.476894
0.113136  0.471074
0.147990  0.562661
0.225815  0.540592
0.190358  0.494458
0.244808  0.482404
0.230026  0.505851
0.282775  0.504539
0.244252  0.542965
0.305257  0.519993
0.345548  0.485788
0.180830  0.516064
0.301355  0.524844
0.345706  0.470320
0.388889  0.475981
0.438349  0.458659
0.528896  0.511740
0.436729  0.438483
0.496431  0.457099
0.421570  0.469068
0.538911  0.437215
0.603972  0.434361
0.545325  0.513470
0.289272  0.386395
0.361184  0.509823
0.338337  0.460254
0.137566  0.404495
0.000000  0.000000
0.000000  0.157982
0.000000  0.315964
0.000000  0.473946
0.000000  0.631927
0.000000  0.789909
0.142518  0.000000
0.285035  0.000000
0.427553  0.000000
0.570070  0.000000
0.712588  0.000000

0.311691150597538
-0.086077059281118
-0.139620816878464

0.741885601795217
0.132455535961995
-0.435133184773098

1.152530406128274
0.101490969182946
-0.296962884876980

1.413159593138124
0.061402121432058
-0.260003533898831

1.642749463147637
0.320972693841641
-0.281223129251264

2.145486482944198
0.185550285214202
-0.110919551513075

2.525266731880564
0.011130683092342
-0.084320436984710

2.913417250739419
-0.010792535709962
-0.147206056478285

-1.779367067269792
2.030452481061293
1.855818933490944

-0.029199313518333
0.046978089450570
0.043108275738252


