0.050000

0.600000

0.000000
0.000000

0.665904
0.962378

669.486243
0.758783

90
10

-0.411269147621455
1.744808855081337
0.363835692668519
-0.670682226632955
0.478771482156917
-0.252564297576692
-0.257502195156334
-2.529303978633437
5.004023067830791
0.213596669226008
-1.854129822586838
-5.068524001920241
6.710718085201219
-3.290688342891265
0.701679133034586
0.481331611769530
1.032791701882981
-0.319605819755832
2.302928216924363
0.101151128045336
2.913775432112162
0.180803614563103
5.406668144011727
-1.466961371682528
-0.931594419927453
2.552592168845759
0.322176025717249
-2.050994679166039
-1.914500631123990
-2.937666404242502
2.313711010557528
-2.625755447429416
3.137322766863128
-2.160251537636318
4.963983095889081
-2.256608810902168
2.291606634196828
0.056426932519057
0.275673430154594
0.053412981982407
0.480950255594765
1.515614697748599
-1.168202372009692
-0.112797555471459
-0.660783805817863
1.534411957455065
-0.649642937191647
-0.191828625317854
-0.563634577717220
-0.485027408185705
0.418839735172042
-1.491197851253499
-1.608247126333135
-1.926554506886270
-3.817434232651934
-0.900552430364087
5.840560946858601
-0.036975828861574
2.533609688967776
-5.663582785002540
-0.256477031311428
1.834263892019894
-2.417462763794126
-0.588088144498563
2.106191487805937
-0.243928838811902
-0.967711248413107
0.787494894747431
1.446667169687626
0.843620649108843
4.371303836243587
-4.965813860156820
-2.168954188257443
-0.447022059593220
0.375015516430972
-1.271227111380452
1.711978129400842
0.465323845648234
-2.911124985716753
-0.067366440954850
-1.357684596633698
-0.840707472478757
-0.228294949376405
0.078875918328061
-0.126001811484819
-0.693564075674186
0.041624061599712
-0.170490136933102
-0.071126726582671
0.077977065648199

-0.763770487834507
2.207183068826543
0.481656855250383
-1.293983001285514
0.423389717017347
-0.394745285332727
1.026928294417450
-0.242874165077927
1.912797822167179
0.758758392141223
-3.249309922872102
-3.692008606493025
6.291565600420161
-2.689695272490351
0.758037812757683
1.187352579724323
0.885450804407124
-0.949333936253388
4.926559241403389
0.356715520420109
4.011375252563902
0.251546683784168
-0.553382154665417
3.219548293396185
0.511633605569285
10.547568237970850
0.583567855161705
-10.559916809837894
-3.148518603664705
-5.115916689285734
7.385908025653355
0.188105098415487
2.644878184180202
-4.631407645629150
10.632465027943638
-8.522468404931958
3.550399638830259
-1.614679826398009
-0.906590883503807
2.577401049404934
-2.101730353603741
4.736281222765241
-6.152337266146723
4.523806987406997
-1.288769463886310
2.488911829707255
-1.811998016156516
0.549856340420881
-0.340284373676952
-0.716152368628495
0.764443448377553
-0.378689998084738
-2.074550251132738
-0.734991154504793
0.616281266128131
-0.301581724811609
0.757374378874923
0.301150077439138
0.975676383582786
-9.011074902983832
-1.022861890769314
2.498468869112041
-3.335016510340284
-0.680989946636248
3.732290774323763
-2.270348112889949
0.397036080170587
-0.613474456283790
0.636002005334848
2.909069832292130
2.594808504341012
-3.705461410612745
-0.761309666975006
-1.276132379770022
-0.305544286194306
0.065934909071476
0.142343955743686
-0.085199175419063
-3.722872616758557
-0.034140714386885
-1.976907181924693
-1.437000957277648
-0.093290756251569
-0.175856207259339
-0.072342688413138
-0.649325952187336
-0.723407777315234
-0.028479655172973
-0.036838239001321
0.237032611795610

-1.493110275518778
3.654778171141493
-8.349390001972896
7.701309086054917
0.392993155591532
-1.238331275709064
2.089384648867259
1.995210571942076
2.570391311387140
1.780924316482023
-3.266738412889259
-0.260931945157747
2.694358484021939
-6.331329143171404
0.039887782879757
-2.009407999454081
2.583570355824183
0.352318380252625
2.414463928621773
1.109207622031559
2.320019798919376
0.263239351941492
4.463034906755341
1.428931074779764
-1.788146518354620
6.077898302911012
-1.913543738095405
-4.275770322921813
2.099647133933419
-8.959533553316945
9.966887459813311
0.153516178334576
1.068227094050066
-1.017361339027613
1.303094909733456
-3.049310700398001
-0.158013907030180
0.418058153942181
0.655889003111164
-0.087970482038519
-0.967176733548672
2.219373750498473
-0.938884654810270
0.309405048862859
0.090417729325389
1.038587847167339
-0.177728025759168
0.353885266593630
-1.338749064090973
-0.518740736038422
0.455115927014335
-0.410106081166518
-2.011183997647928
-0.473976126004042
-0.922776075174586
0.342000959423638
1.760649989249201
-0.323442775925798
0.543580023544169
-5.542933126065740
-0.159510840725989
0.779589661712539
-1.931324375985650
-0.406061939965182
1.607344079011571
-0.573372755038622
1.338416242662418
-1.851849070944704
-0.284769300616183
2.494325026229458
-1.183345260771959
1.054239958113314
-0.465375685651935
0.464551253880007
-0.802018831120267
-0.603152976513981
0.649768713892160
0.101792073765507
-6.234550345471614
-0.410838046311318
-0.010156625265843
-0.390154153041166
-0.118564726942993
-0.657244435298458
0.158610884711247
-0.574463820975237
-1.065813038704086
-0.174395198199581
0.086191258728065
0.276461544236688

-0.854080607129850
0.547595337469206
-2.682728804411815
4.586971521820893
0.942801134597992
-3.004295107679223
2.983268260721312
-0.370196682667204
4.084498179743259
1.331695157761698
0.754463420396714
2.284205105859895
-3.270057570691070
-5.655821157729752
-1.417329606418177
-1.686102320107815
3.349162699508280
-0.867748712170498
3.320345491113714
0.819577434267306
6.929077008590362
1.191964745869890
7.884228431866202
-2.967837194456074
0.460867980287643
2.615416834330274
3.369824389705803
-1.982638384127769
1.967123059735260
-19.833713950694662
17.241220554623975
0.097157033276335
-2.228428159343732
1.746869328623253
1.642700109029734
-5.442793931831684
0.843294366207822
-0.927551690067873
0.929280040354083
-0.006088501836318
-1.934274956846393
1.676211067634043
4.984788045663910
-3.701761380329698
2.923412592749973
2.482803871169734
-0.955848152377868
0.859440308593312
-4.515271947610275
-1.839813499567792
1.233047311764430
0.083239850688353
-2.139468839322582
-1.328676850760898
-1.622886113786105
-0.354841309641220
3.235892474518105
0.947624051880314
0.360516346476142
-9.988155541007703
-0.256902676446234
0.927100172894779
-4.279701914423951
-0.220237796936573
2.748230204851029
0.122388723440762
1.048608561347842
-1.125043340379990
-0.311933869079263
2.920009597978444
-2.383345796417867
0.514661903113790
0.480062574907120
0.925521967379357
-0.937192053063576
0.110493857990415
-1.231503796924111
-0.103645457634108
-6.652080784672318
-0.265419681480559
0.817423350582207
-0.807657859145045
0.085578805446627
-0.511564827973585
0.053653341313840
-0.173964883300181
-0.736835149467351
-0.263545526966405
0.091611955972040
0.283057835720816

-1.223823376346118
1.378878607082717
0.946535627477614
0.563677872535089
0.350446914870789
1.155576548677338
-1.057018314348064
2.446580814096221
2.461163231620869
1.839461361388560
1.116975717918421
6.120811508933796
-7.644659009137000
-5.729067629051545
-0.059345795023772
-0.685865711677696
4.041898501040993
1.658843826019327
1.289963006284503
0.104733435808301
3.314452711515788
-0.723645443251960
-0.192448402990239
2.440868382620306
0.484427553643269
6.628578163653388
4.895212184864354
-9.808686403956779
2.380126152723757
-13.215969270499640
15.829447822862500
-1.718263625320162
-0.941733384905974
-4.702724695516554
3.472805039408168
-3.401637309208069
-1.023275374451338
-1.543158779620679
-0.536207367044521
1.579729570467989
-3.219109318334490
3.375079286284761
-1.622149146542719
2.652111563951062
3.161984886233077
0.976293917132265
-1.772831294035218
2.629599123019621
-3.919540282600800
-1.584689154118313
1.682696764764325
-0.826705685002973
-1.013070162449679
-0.310372436685020
-3.437943500873921
0.103466408284593
1.987419100989132
-0.578952834488055
1.076030005049353
-4.776189267725976
-3.100091208867703
0.422301139942303
-2.899040371713823
-0.178001382113852
2.468518282697202
-0.267094481622775
0.314156511027684
0.460249438928775
-1.141158629598420
2.861994630791855
0.560308514630431
-2.436254097283011
-0.550237385678838
2.007799926450301
-1.438521171672044
-0.053199194665878
-0.607315566692388
-0.099789358417743
-2.225403029053191
-0.364422398094531
0.320928854132021
-0.150090934039745
-0.358978860009927
0.399436419006812
-0.129457919262555
-0.001322618635828
-0.653139858952136
-0.392077447105900
0.111910153573008
0.241199406846276

-1.148863596587390
-0.170568220360320
0.485906776497217
2.490458391346593
-1.901273754389613
4.299657252483662
-1.347988005148407
-2.709356433927955
1.403592089349909
1.267183054478175
0.502021715703360
2.287234150152123
-3.201325040205701
0.158002840548123
0.230970763786264
-0.004079810295960
1.277369722882533
1.210294042355218
4.362940543488429
-0.985830316196628
2.043169922816755
0.108239201869686
2.212382562494931
-1.692469133850653
2.064182524430104
-5.995220790370990
3.150456333880562
4.075958509814982
2.885420218064709
-12.241853454678436
12.271952632360584
-1.170972630751022
-1.999603574892012
1.259422096988381
1.848525745237859
-5.064080872038313
-2.501881230807300
-0.809351491197081
-1.110740464628165
1.370780455475878
-1.576073199082650
1.102992558434152
-3.318271871115398
4.394335630098308
1.570963047774860
1.175947121045001
-0.446713225747302
-0.394451031831817
-2.499893014879518
0.256358903883477
1.400218609113583
-0.208809769198600
-0.966518130828844
1.016669560145918
0.045622696676973
1.081617465083568
-1.583688755039450
-0.166676790697882
-1.283052150708422
-6.015587205843407
-1.560528607673828
0.000000000000000
-4.407383054351363
0.099177095403447
2.867134202249314
1.312586483647599
0.359841556696419
-1.575549452163562
-0.758921623222660
1.011580735502441
-3.774772980440520
4.450913229114256
0.858454903269709
1.187437007938048
-0.894569436200744
-0.027267708563694
0.121389571614997
-0.571261087883836
-2.154689031679538
-0.320244464624452
1.549987435867778
0.341649349674804
-0.332217279942464
-0.200286175100449
0.108786322230991
0.140432076140022
-0.680998440680726
-0.226969664540410
0.061083548641461
0.219605749946522

-0.656614734630017
-1.171366631434518
-2.835248082458989
5.127500318105071
0.150760558566036
1.027265905212962
-0.360379859493887
2.661082132423251
-4.436374900732439
0.637371302348097
0.641673608410505
2.619940451539378
-3.944889530938150
1.504617440896450
-0.069595537994960
-2.548633117861113
1.986107383496776
-0.110355118647182
3.633652249292383
0.661265061522231
0.878129058519081
-0.846806167119427
9.715617226265692
-5.239385121882892
0.901553944474157
-2.067432302638005
-3.524407045221066
2.019795160767964
3.241729680579839
8.145745894928105
-9.477884866495741
-2.230361242643329
5.827818740841517
-0.779758355491472
2.377758340669940
-3.229147681640211
-1.298679479280734
-1.139418240955690
-2.800552168097766
2.916469269104400
-1.253754298759571
0.993953907937615
-0.942351455358526
1.209243238369446
-1.549016604148853
-0.181068892337558
0.397149828235603
-0.194197469426400
2.765331032951369
-3.559778808015683
5.998703778762800
-1.179282926299657
-0.281393420436151
1.561888443125844
2.287308954805383
2.534223206621454
-4.562397218472703
-0.016736626613531
-3.534336680567570
-4.350552559427962
1.219870832395661
1.551846692270890
-1.316840543268792
-0.274160169779218
1.387944231146976
0.441992637315731
-0.058519990405292
-0.587883153293570
-0.994494170144289
1.189580599042311
-2.490890058504839
2.164350001106597
0.152164360335168
-1.006800688157571
-0.423445839028216
-0.019448294601274
0.053904699109003
-0.269545662158111
-5.540544065081702
-0.196668870740357
0.581459933064580
0.074711088009507
-0.190530826727819
0.244669023061238
0.086845440977787
0.861842366300623
-0.764680427128278
0.072172518477340
0.027025022639583
-0.027425610465203

-0.414941369093385
-1.497775464110320
-2.883010895667913
4.701525681695459
0.461767077161654
-1.813397469928539
2.957071070332142
0.608688228779758
-2.728782939737589
1.208662926167405
-3.928754209119466
-7.111095797369445
9.984661510409016
1.212660276474552
-1.115410181162476
-2.822031096345830
0.563127353306128
0.971685416668788
-0.384405224296701
1.532281178402351
11.764929105407845
0.398358475498288
-0.762870122730737
-0.347546005566101
2.139224427643137
-8.374355590302363
1.643635338373898
6.904346516962645
4.184786785939498
2.512942363527611
-4.103795806529257
-0.713273064291291
-0.870342442095796
-0.265532037112810
-3.003676173853244
3.191201741127805
-2.493876531036490
0.130664345019929
-1.185412119360573
0.269217912489150
0.993032375443261
-2.970394106354517
1.793869371429936
0.194781340659143
-0.110407899549559
-1.795697920315504
1.695106262968670
-1.385443647278253
1.691196610990887
1.383138904838066
-1.403076116035227
0.924376591660902
0.269312286876391
3.423197977349064
2.103704332399292
2.054222010140602
-3.027473076982533
0.237280218976040
-4.650187167012870
-12.387727410889720
1.351741539869516
0.532710504599177
1.597112806684583
-0.064933254176108
-1.824143885638323
0.730076139570270
0.018280917742468
1.436521424470471
-0.521678765300401
-3.491850180607278
-3.804930470949778
5.203585497294370
1.077504128016419
-0.167273999788509
-0.220130435742779
-1.016252432665604
0.465787572343441
-0.266383398824097
-2.137200321798716
-0.180248669889555
0.899313748940022
0.843416191835457
-0.337392533936667
0.218913477712822
0.114796116924883
0.782837368653928
-0.750179422770423
-0.002821643237552
-0.012876464449217
-0.028265761206874

-7.660413607758557
-8.195071609041126
-1.984209162597569
5.171132421933041
-12.345783194873299
6.217099880464951
-7.220566536265717
-5.709362519448534
-4.167677571998209
-7.497504801589096
8.414900711283829
-2.043077838433247
-10.692853767489490
10.071000972577666
-2.707573295131008
0.692239099108511
0.024594510135044
3.569262711042677
-0.709467365171328
-0.593593104075458
0.903942541342743
-1.199911255896807
3.207129344220822
-0.957943101779101
0.647041783506035
5.753706736418715
1.338179815852616
-5.711381622006869
2.247974460422825
-6.603986927470764
6.799755499506901
4.859044181609968
-3.497162455391815
-2.244474107144029
-17.537751414085701
11.418074953624958
-5.134168476781508
-4.108569222281572
-11.171436959359299
1.510737494714400
-0.418292580979435
-3.574127266621345
3.780740863042730
-0.993871131180436
-1.367271678205264
-0.071421289721007
-0.553002456796184
2.061546767622573
1.940629100382572
0.405193900582951
-4.680895079968609
1.704007824341710
6.135354144450282
-0.588981254026958
-3.661521478716256
-0.103282650758620
0.992798429609098
-0.322456568327063
0.402644714563310
1.974402306874372
-2.649503344848696
1.739806342900836
-1.872937122473053
-0.883677461977725
-0.771549822278642
3.485781803376789
-4.409125091262427
-4.465689855602495
-1.647902051417533
0.849045448566197
-1.163110785905138
-2.796401830474112
1.715960579589938
-0.346050244070293
-0.964693871954577
1.295774725890272
-0.666097651051921
0.977357281663605
-0.724057349569269
5.267311457839301
10.852356424937344
5.420271512208072
9.756845400416507
6.978954783663698
2.078121853962670
11.711303009980442
6.624349874977012
6.756102012521154
1.022443247532039
0.614938755629037

0.001743869110796
-0.022202019714022
0.182382148509963
-0.038539394082953
0.184590128229063
-1.167544378578988
1.767857832886065
0.513912637040469
3.432756918445107
4.094374069217301
-4.833449727540407
-6.767004556556302
5.908055613477221
-10.580679909927847
1.666125377665733
-0.162690012578166
2.063501400148084
0.568673327579807
4.016992236925235
1.139180377226043
-0.528355154228323
0.606296868353324
1.022927574116119
0.277788177166181
-0.324990413381499
0.247014158625905
-0.058131637441580
-0.025390924347618
-0.128132917130130
0.067434193591298
-0.018229537809880
0.133784463242648
0.032805736246804
0.017445791664789
-0.031749597002225
-0.008388182936768
0.003340682312417
0.037434829381593
0.017582019330505
-0.000105921490167
-0.008388443989657
0.001793223994474
0.265157263552547
-0.265140151193330
0.492110025045007
-0.305991998393667
0.382209900304780
-0.126937328898747
-0.287929935785391
2.787664651727837
-1.367491700184130
0.335982079005976
-5.940393965252743
-3.572993610836182
-3.637259508693941
-1.365411512443806
7.503949194882866
0.429286441670032
4.161610316889758
-3.953419025390614
-1.295584464844165
0.575988422478670
-0.098326892764777
0.389275548851510
-0.078155863624565
0.073015756066823
-0.069374629264385
-0.020956818386651
0.011109125825743
0.016664144444015
0.079373204673874
-0.071792187574569
0.148400500914677
0.250473590845909
-0.131464089333661
-0.167417927266846
-0.655712064234953
-1.313675706459603
-0.242097369485300
-0.558458540091485
-0.176730706841737
-0.169829026583040
-0.153944419223502
-0.160647578542193
-0.004815031997550
-0.220316772741099
1.290138062036022
2.723532028602373
0.634471106723979
0.560036540638826


0.028082  0.042757
0.072773  0.040705
0.087388  0.056707
0.090762  0.053253
0.154815  0.037760
0.188097  0.056463
0.213605  0.062802
0.284581  0.079963
0.293600  0.068179
0.347071  0.065319
0.397898  0.083337
0.402532  0.056061
0.402385  0.063355
0.301752  0.080200
0.436090  0.279310
0.261726  0.337634
0.330107  0.354166
0.292599  0.262678
0.360696  0.239323
0.332631  0.214463
0.376771  0.253199
0.287365  0.224511
0.199815  0.185813
0.205917  0.205194
0.179083  0.216003
0.120605  0.169836
0.098601  0.162288
0.118981  0.164607
0.091018  0.189871
0.070552  0.184190
0.068806  0.178768
0.087231  0.117848
0.083023  0.151103
0.052958  0.171004
0.041044  0.149870
0.049307  0.148501
0.054544  0.219671
0.080917  0.370365
0.040575  0.547197
0.051884  0.526502
0.064222  0.472274
0.081724  0.444195
0.115161  0.445355
0.120269  0.437295
0.207736  0.464935
0.233811  0.495310
0.246388  0.529932
0.309211  0.551735
0.192749  0.476428
0.369236  0.459407
0.395512  0.466870
0.412406  0.518652
0.401045  0.419753
0.466478  0.462465
0.434030  0.414533
0.498834  0.512535
0.435822  0.426326
0.505063  0.587203
0.472564  0.493560
0.366448  0.252493
0.291786  0.304202
0.258480  0.817554
0.205402  0.825221
0.203963  0.962378
0.188429  0.846983
0.166279  0.811875
0.094357  0.834723
0.038608  0.731674
0.085496  0.783598
0.065004  0.712746
0.089257  0.692258
0.067662  0.695228
0.201238  0.698006
0.305141  0.768963
0.305011  0.684331
0.416738  0.743549
0.372027  0.662836
0.665904  0.550356
0.187760  0.169577
0.000000  0.000000
0.000000  0.192476
0.000000  0.384951
0.000000  0.577427
0.000000  0.769903
0.000000  0.962378
0.133181  0.000000
0.266362  0.000000
0.399542  0.000000
0.532723  0.000000
0.665904  0.000000

0.358763867015501
0.441551243505243
0.024237425225157

0.551004142817975
0.535025624323327
0.020092745209664

0.883490752596670
0.406566435444464
-0.008504041892978

1.189426335627964
0.263386926398364
-0.030201782096445

1.552167073855505
0.147377742071766
0.100050518264031

1.893169769128692
0.037130153114610
0.110612586652862

2.369610966934912
-0.164760635911865
0.055627182979836

2.706781620368282
-0.100219329138465
0.057309082592273

-1.689407038708579
1.703080598230061
1.271180113387212

-0.258027800424225
0.578539420079387
0.400927509547302


