0.300000

0.600000

0.000000
0.000000

0.652745
0.868488

673.159086
0.540022

81
10

-0.288297946168762
1.563435217033663
-0.423212411798418
-3.001873770287327
1.604148230918924
0.407936149729339
-0.314626039451724
-12.327676289163168
1.087493411176893
2.411739050714463
2.258622130282069
-0.443408417470836
0.955329342181021
12.967347754436620
-3.103094797613092
-2.107604400111562
-0.775732446776629
1.352986845816087
-0.184857836261130
0.203367055673866
1.105192567697856
-0.903721955344827
3.692383475537528
-4.124899541298458
0.507854200730461
3.272560984140004
-4.187507706445730
0.821776065686237
-0.137160266645030
1.322697906192181
9.770676954731137
-6.803704756451703
-0.940436552895181
0.567909602699258
1.414482451215092
-1.514412199502121
-2.606410787362931
0.426862589211075
0.141578570697442
-1.876370925888272
1.916671037096455
0.496983605976794
-1.261858313517287
-0.366934452050396
-0.225047026712605
1.277210934459796
0.493183601768970
-0.821451116539991
-0.230489461290485
-1.240015546395233
2.180417748490199
-0.140867241216261
-0.584156757538339
-0.433821906815847
0.727122904033628
0.260874425361053
-0.443762375586322
0.093015961938288
-0.310723093256746
-0.042417607505353
0.061901797542167
-1.355278497811835
-0.197283196629661
-0.194325761402440
0.608587289173289
-1.232543554779880
1.100126366564826
-1.805968616314853
2.650045386610772
-2.154852718318396
-0.275786705641360
0.176587366479147
0.053869041743065
-0.190108194134894
0.333687398258081
-0.298167174241331
-0.165190388067327
0.143579593103318
-0.330040618148519
-0.116208425049667
0.052062771213117

-0.133783357454125
-2.298242100584137
1.796482760781500
-4.592748554482839
3.279484163150338
3.286704669539248
1.243384651863970
-2.771106485173365
-6.929297012254478
2.918950759958843
1.908136230623666
2.233875432302625
-0.247214498735406
4.061676803875799
-2.126117789031270
-1.442816979560301
0.304577960586190
0.250294951291367
-0.040211224235849
1.394409532268960
2.013468009065694
-3.216994928785759
0.235032254878103
-0.901780947803981
0.308039635404511
0.721716747935171
-1.297524568282582
0.847938184550833
-1.136810630140323
2.096013200781536
5.385646607954403
-5.167375564377584
-2.243917383884492
0.635390715168751
2.274643650979560
-0.674570566149718
-0.559784418765675
1.071162565861555
-0.474482660543385
-0.496546876244431
0.128006825800252
1.104435619563407
-1.275665909590048
-2.990706493670692
3.005657287024095
0.884933827849220
0.708874745097460
-0.753827923213030
1.288935753133349
-3.776044728227617
2.111420348836802
0.118759365020684
-1.111805713533525
1.094635468068286
0.283029560854228
0.366358860688158
-0.592458909629313
1.638731763168889
0.244285753031425
-1.940697107925748
-0.029981958827499
-2.123940349465926
0.588520146799330
0.290141621860053
-0.336256649387939
-0.305723587161569
0.014612402086354
1.934561527650579
-0.121125537555453
-1.600586152471850
-0.656691492229853
0.201489508906176
0.056680440144549
0.137469575352546
0.239151280175550
-0.087176959000621
0.219566402971749
-0.369214458126139
-0.139624654762823
0.316236832139631
-0.280669207699873

0.460915160725140
-1.896642960305351
1.027576473875869
1.119365463303859
0.915164597884611
-0.244911373759309
1.827036616775422
-1.759749914481063
-0.388403468593063
-0.635950721159514
0.451004390232410
3.165657218777332
-1.976294853261018
3.085954980723285
0.953225222140434
0.486545179517870
1.272950383747340
-1.062481058314531
-2.107422490791279
-0.558337746862600
0.455618420252148
1.871699499740888
11.172286789377546
-11.408315377613993
0.157954069212936
-1.524154280162114
1.879810523769217
-0.184218448465034
-0.169541321475311
0.887653958534978
-1.311015046656060
0.613035405214282
-1.693578174391816
-0.385409017666453
0.883136211881747
2.922611002745619
3.443264379216403
-2.443768588119117
-2.673949018306077
-0.805562190293410
1.343499833428549
0.318664889121264
-0.461734033787998
-4.447909649488732
4.554366326164213
-0.627593380283044
-1.696257192588954
0.997126698728947
0.858174096725067
0.622196770604310
2.451261546171205
-0.654174443139622
-1.137595863815613
-1.834421408667124
0.866632156846333
-1.169367556945890
0.183119031507732
2.036285059915333
0.145658213950828
-2.128580614308230
-0.470810091307447
-0.355471887340045
-0.703200947263573
0.250688037859110
1.052294094019709
1.007667501310335
-1.695270995319884
-3.061330757123515
-1.160471407148111
-1.512776215024416
-0.561786829279138
1.018641591053646
0.581090421399923
-0.469294627515534
0.693273513289763
-0.134910091344044
0.158124624190496
-0.447652889367646
-0.066667583252324
0.145389891034908
-0.309635741597164

1.915267504598598
-3.395325381306976
4.468168808712080
-0.934444410047700
-3.192673936622585
4.176860466156165
-1.045777768304762
-3.123996138760391
-2.471396342536341
2.106727464713875
0.835251820008384
1.132380388402409
-1.304972001504450
3.057120855066353
2.357830857715076
-0.516163880286981
0.945989276329996
-0.807620039892058
0.554792401947532
1.224288236263950
0.620376612429595
-2.340546388299335
9.097077500820840
-9.583492542867559
0.155606981868154
1.184409759845846
-2.999879350176237
2.210374431021391
-0.052472237542105
-1.048452475602365
1.159768064050022
-2.296302539025345
-0.672245696481361
-0.137777839866923
-1.625448734371697
-6.261373467662812
3.175515443484663
4.495841562636978
-0.710309024712547
5.279170476540811
-3.443362273009182
1.184578818853062
0.363395054223305
18.575290113227133
-18.546143265049189
3.230241271505677
0.236359014111094
0.040345024863624
-4.993815276263606
2.179325882552800
1.864299238483334
-1.526706510178025
-0.290798778339029
-2.733584760570752
1.241591761809647
-1.859213909825345
0.853461052582215
0.860714336048252
-0.059363338284957
-0.896058271614364
0.371985070664875
1.193585208926432
-0.996230599744896
-0.494557289274134
3.846698866739252
-1.503514759849950
-1.650999065744653
-0.681499648394064
-0.757818061561920
-2.359520892280493
-0.412129613244645
1.342448825249672
0.416739420627884
0.018143910305541
0.290519230576000
-0.224402009595358
0.073303874441687
-0.372262479402626
0.146501020243592
0.422410196233405
-0.582105113246911

-0.677479874474872
3.011259852325807
-2.746032563545676
0.090932845892698
0.367310085908672
-0.104933968329741
-0.774586938102913
5.525279660684675
-1.008637393849328
-1.360082064391436
-3.102159723036520
-0.776175064110736
0.543091221722663
-2.761093670004495
1.614425628026480
1.536119377357870
1.534326352441006
-0.366780533386321
-0.106846109755754
-0.344072154084371
0.028212411310236
-0.257747343827842
4.323724654303973
-4.051813865088226
-0.360289944443723
-1.663878602946389
0.874461323974897
1.009500589737526
0.334175110959165
-1.024004634009751
3.716353376298586
-3.047523748386357
4.447999528724903
-1.017812321653344
-1.428443374982361
-3.777381821012287
-0.761227280794191
3.181504992961058
1.317009782424123
-0.310800128904744
-3.190472010956213
2.052296363369417
-1.672335622458973
14.836859473006420
-14.623928574505426
0.570521838457358
-1.380968596471423
0.037396925046805
0.550658796060580
0.610027590235542
-0.450987659392821
-0.251155595505609
-0.939726278309091
0.756923986211221
-0.042658313279505
-0.735312743124983
0.262399499161387
0.510527468900987
0.517103980208043
-0.200394126820149
-0.265796060148387
0.488786492257378
1.649030642254152
-1.065301044635705
-0.773539428057898
-0.476426405900772
0.621032532980524
-0.623190870054719
0.481288377946553
0.334041794622644
0.039888968294817
0.132592858053196
0.016095527261689
0.148481199365118
0.047534817722499
0.161460188674523
0.024640807701329
0.640879568334791
-0.378657485639170
0.352316861732317
-0.397819429002490

-0.655885511445155
-0.113083834430200
2.239178994416471
-7.221952384663759
0.380419021477908
3.680220034523820
0.079078299259747
-0.340761570932114
-6.063133795612452
3.910544092629813
-1.831260440933181
-1.218388243728356
0.012755235420282
-3.399488148492625
-0.871118198068560
0.613313040170171
-1.298776473993990
1.594845280557954
-1.619604910929814
-0.216529258132608
0.711942780795599
1.431396085768141
0.173021689804770
-0.257990723323627
-0.468135643071481
-2.326113847031264
4.206817254368712
-1.769445696239343
-0.653828331026338
-0.090314589155702
-2.586733803093525
3.281369841501937
4.505741702614508
0.256598142994242
-5.140795579345530
-3.975181857878307
1.675827219340384
3.132161480025862
0.323345110145443
1.641704290541015
-3.855466781009067
1.844483522269625
-0.367476658453489
8.159374123921309
-7.578104172372678
-0.802110714887329
-1.210581115257013
0.271955268503486
1.387699194105819
-0.489890276655608
-0.510947110967036
-0.101561709929699
-0.645218118172712
0.882257012369891
0.184038286015620
-1.152752504004494
1.314805672474942
-0.059052474427833
0.317628271981289
-0.904797885532578
1.831217129620737
-1.116371013161784
-0.604705821489373
1.284988118864403
-1.820472288174994
-1.420160014912465
2.306083239285437
9.475158976545162
-0.455985933897516
0.653464892951839
0.000213146246543
-0.211890286254412
0.359959150102113
-0.014058577230048
0.238524611734938
0.070945620272820
0.133730859265771
0.984970236235014
-0.241393831680980
0.728664839482583
-0.598921641930433

-0.979104781549162
2.134989585741542
0.194350223040657
-4.637310422780153
-0.930022786286969
2.596872789703120
-4.365680057854737
7.134453377581655
-5.207158686999415
8.814408679525235
-1.916730358765790
-1.070327121709611
1.390269445015014
-9.816315462965491
-2.089612094889277
0.793848511094364
-2.067743838600007
1.527935303873808
2.111274234794075
0.121891711639294
-1.222646710021939
-0.318380821481710
-1.203182213028611
2.210297838891088
-0.714726119699931
2.351547275345415
-3.609059849481060
1.208434314691778
-0.464549904580235
-1.521786398631037
7.544305456428707
-6.085008714597471
9.409136874684132
0.909394701149895
-6.493099596429384
-5.826060518020796
-2.018407346383265
1.468270073324496
0.220847157082544
1.668545606381371
-2.930713135839171
1.491760423074080
0.764699962781337
6.612468673235603
-5.966080969557174
0.624483197418137
-0.357705723231228
-0.507458862949064
-0.220905724845152
-0.331025842956431
-0.196987957411070
-0.632641734694613
-0.178687909973084
0.259358307911076
0.202682930957248
-1.649979041501767
2.010334928829979
-0.626909503564329
0.961914579842461
-0.543076457413789
-0.281992225863733
2.088265925628985
-1.688653330563142
-0.661439373148135
4.326127121596016
-0.717330490279170
-1.980281743982951
5.945354516189726
0.824350819538874
0.370292219521677
0.075462570411868
0.057472012705280
0.284421576476503
0.092228194169019
0.204173349592013
0.048518063604002
0.341121559055965
0.584734606478670
0.043796889074872
0.330741336510636
-0.327053085599980

-1.215481839306583
-0.175566944217116
-0.609636076615808
0.303784728055360
-0.399025145033997
1.522256376024670
-0.576814172441821
0.800689243836764
-2.783915451285057
1.052014928152486
1.074099231500580
1.013256495851743
0.507678295290409
-2.106371147794013
0.477362288054052
-1.255890665241120
0.627587988704371
-0.048849680486791
-7.506999318533222
-0.458539396338948
-1.563141794794748
8.725080659715468
4.498259723731252
-3.504528309290592
-0.685747002275795
-3.342066979249027
2.716403868521559
-0.398486829358875
1.741401237311803
-2.582974285581640
1.210670720231221
-1.475004673610225
2.554062531793603
-0.730010741326311
1.511428751596714
-2.131982466645924
-0.493447758772557
2.286132978640954
-1.086968389044920
-0.485201385582322
-1.408013781042902
0.075247255144827
-0.395023678982616
15.594873720982607
-15.837771121522321
2.445842118257346
-0.081686548823225
0.129807101492680
-2.628320314515005
1.127556790460613
0.244882387198258
0.027525517441578
0.625547994761775
-2.043323552586435
-0.472893450984075
-0.411810155420128
1.355420286497729
-1.173390152421476
1.360424013893720
0.159332119036249
-0.637891894411249
2.076445096177993
-1.825344316833328
1.029829543635456
1.158627224201943
0.607892726736845
-0.784972891461415
2.156476167067505
-0.867497336042341
1.257072692809491
-0.029441644870339
-0.275096456276572
0.657575769180060
-0.047033085185334
-0.013949368814465
0.156889505021189
-0.299374885540041
-0.122662069347853
0.155378866419569
0.289376608149434
-0.342046378999422

-4.557363209109534
-3.318821847174727
4.995623823445282
-4.839275194846376
4.400463293040608
1.904671613150881
-5.488661909623204
6.169760256211271
-4.771138670001890
0.337027877157697
-12.938801613500802
0.809600891421510
5.912001020179030
-1.160682326272202
-0.782557861789889
6.639721545932369
-0.591042810794105
-0.429412661677031
-4.508907659279600
-3.256223663623041
2.709825647346381
4.029852838903013
-2.595304148233809
1.589535226280676
-2.277613843057017
5.492023512723915
-8.507983917304298
4.984293517677378
-2.454933582068641
-0.263692032024159
5.244992893284532
1.515582855370856
9.051152338624544
2.797303717518418
-0.819271658438143
3.852519539041742
-9.467252898163705
-4.873502369401265
0.138020323489751
-9.684333191052149
3.118090578431797
2.738222198800346
-0.146625648379604
8.279865860174644
-7.512053804836964
2.065942948764387
-6.250130439320051
-1.393021998665473
-1.243389506745166
1.182954117111292
4.437829565891677
-4.699347289283463
-14.517852465835482
-8.531205855691010
-4.421586030872344
-4.194089190333711
0.455692335904246
1.559028319396834
0.737392595836360
-1.694479666059732
-1.982606227530642
1.332358518476663
1.858692380761853
-1.111192517868817
1.812565771683085
3.425309967161161
-4.717168854412464
-2.092456691027160
0.143721621399265
-6.872120790685300
2.022678773464082
8.970583483081354
17.452595501457633
5.265942210587918
2.081105466944934
5.648835953291452
4.735296843222741
2.735395499140377
1.336166935271308
0.825608128812956
2.170255630232095

0.000837776350966
0.026378085993192
0.002323751152998
0.036187625933075
0.004516106561140
0.012840315067597
0.035620718079331
0.008066166377119
0.054048111284811
-0.076788863430586
0.094340884454859
0.033510137790230
-0.027548012080077
0.033370536008116
0.040753364429434
-0.033686931306299
0.205918048699998
-0.057634288282810
-0.853335545359134
0.178336698630046
0.226164188661888
0.381888552749946
8.932691971889845
-9.076603790369230
-0.542357115352659
-2.419668395575755
0.789351757205378
2.291249571924139
0.512377265493063
1.415990327442502
1.624641552739087
-1.758809415447253
-0.844771997264313
0.065516027872052
0.766846200276704
-0.479181755624179
0.443724612226481
0.405647837321067
-0.307833008643972
0.191303800565889
-0.237342906492815
0.098896876921181
-0.074907077023791
0.246341966068891
-0.094783831354237
0.003664026523645
0.000265535103193
-0.023110495118711
0.031923473561773
-0.023481552106634
0.020821325591347
0.039054963010469
0.010420408755659
0.001278795913550
-0.058286116590358
0.033983230896612
0.171248014415540
-0.001581430145087
-0.045125547257963
0.064199987556465
0.188452111386951
-1.601172896475382
1.449897296562721
-2.496677344380394
6.498308850269187
-0.643957497305278
-5.569573484636182
-0.084351461266587
0.006625847021634
-0.022072080489367
-0.222920440385014
-0.083141098044942
-0.092692717118955
-0.075443892627458
-0.095633365630500
-0.028867408034127
-0.059360261861672
-0.054655065283622
-0.087890548249977
-0.041533900676773
0.616956860653839


0.035850  0.100663
0.082018  0.131145
0.078914  0.125268
0.088320  0.111438
0.106746  0.126693
0.103461  0.111535
0.123561  0.082567
0.105711  0.084700
0.109037  0.096633
0.121887  0.090528
0.185628  0.088873
0.059621  0.064193
0.137919  0.087252
0.101131  0.081283
0.141894  0.102752
0.199075  0.103104
0.328324  0.110196
0.286118  0.105347
0.384895  0.162711
0.406343  0.126186
0.428161  0.171782
0.396218  0.158680
0.564534  0.201696
0.568120  0.209100
0.652745  0.154773
0.483231  0.468407
0.498774  0.460485
0.532432  0.472128
0.390665  0.485460
0.378480  0.636635
0.238854  0.356633
0.236520  0.344764
0.266839  0.389618
0.332071  0.421220
0.277192  0.377920
0.239414  0.390150
0.276715  0.405818
0.237743  0.407065
0.286874  0.411471
0.254896  0.364734
0.260051  0.426573
0.272916  0.452177
0.228410  0.447406
0.152707  0.356199
0.156148  0.355110
0.135265  0.433734
0.049056  0.477616
0.116230  0.520401
0.107580  0.445122
0.061949  0.410344
0.072716  0.358759
0.053102  0.244342
0.027041  0.334485
0.044495  0.376241
0.069414  0.816306
0.075308  0.865302
0.127853  0.868488
0.180247  0.817546
0.279896  0.702988
0.171974  0.765886
0.412943  0.720761
0.411737  0.650961
0.507375  0.713170
0.518858  0.651249
0.550236  0.704972
0.566280  0.747914
0.576120  0.701691
0.091319  0.095308
0.033656  0.086863
0.023479  0.073705
0.000000  0.000000
0.000000  0.173698
0.000000  0.347395
0.000000  0.521093
0.000000  0.694790
0.000000  0.868488
0.130549  0.000000
0.261098  0.000000
0.391647  0.000000
0.522196  0.000000
0.652745  0.000000

0.234722204925862
0.247628025333691
0.111092827699266

0.565763629954298
0.111610373971287
0.010202948201080

0.972667477468762
-0.103471247987146
0.086256692194386

1.277916732566308
-0.098827433145616
0.251699939287689

1.632045518098080
-0.221717774945656
0.081819916455673

2.024560622613968
-0.118837316800570
0.029899286685221

2.397138095880934
-0.177345039645615
0.050834600781995

2.703424295192297
-0.064651369679854
-0.030476999536930

-1.470480880757197
1.789698326645250
1.246520187541969

-0.073865311606620
0.386937932616563
0.210227876518289


