0.080000

0.600000

0.000000
0.000000

0.507349
0.588904

657.736943
0.879615

78
10

-2.653533248946330
-0.512991376166196
1.137153533819905
-1.523612820823256
-0.817181693315662
0.295506839177409
0.512315465936938
-0.503243109061982
-1.617034633278175
-1.715639803723494
2.330508420027529
1.878343070534856
-0.935048582322226
1.832323719273469
-1.803560862881563
-0.798788760953478
-1.840882382035356
-1.838338938319770
4.477746989099620
2.056704080197635
0.271179929916811
-1.456781730956695
-2.870843939839719
2.207774844114188
0.282408674220580
-0.334270639240376
1.503109195574461
0.167416596340495
-1.547664880600734
-0.715787753400434
-0.818855302706724
-0.739204861808364
0.804757823734155
-0.985655825124817
1.760119951391791
1.842227996538973
-1.084185929153339
1.121658020254105
0.922989744044838
-0.182839183060011
-0.247206372825107
2.265553278508393
-0.993876876384930
-1.923719283681291
0.141033832150499
-1.248559147040822
2.332342687186001
-2.817916902889612
0.549381179219547
1.168778363972814
0.403427926528710
-1.522521846158069
-4.596793830916097
3.204301727123924
2.781226396642023
2.332683444232399
-4.049311109252824
1.981194754231440
-1.146896662093484
2.382933812418129
1.121789200209121
-0.697395090643525
3.084756183807127
1.435790882604743
-1.819508041922645
0.591723701172051
-0.846984454043405
-0.079813989271136
0.619312143576521
-1.114644416565083
0.881421342482365
-0.798494702506477
-0.104862577141146
0.306511870649867
-2.252546773377626
0.725704056820600
-0.366210968771127
0.209097643990141

3.291600120097516
-0.413529660760416
1.155333189746344
1.672976184462617
-1.729814648078945
-1.590667181449783
2.431854522204634
-1.093836202217346
-0.687507655322509
-1.385643097415486
0.438077466160772
3.620237138452148
-2.607486651149270
3.292184436774102
-2.309440656724266
1.484008448350920
-0.901548490508510
2.380242369235637
-1.805237103158754
1.189868826654054
-2.227051714254020
-0.622143349532913
-2.383168256274802
1.879957173606533
0.305545228961302
-0.611311697707586
-1.032353705886276
0.873593902482514
-0.465014346192298
0.817670496621461
0.367410074589963
-1.120576510494712
0.535182301444257
0.921979386987007
0.202079999316476
-0.474281465918653
2.202899048236292
-1.758330995018828
1.846242556634732
-0.372098966528562
2.370142036869656
-4.230900856371629
2.806231297222976
-1.393686799657584
0.598422411602882
-0.445527552569617
1.902805782534103
-1.565308727044797
-0.269796676833227
-1.839350452292202
2.673019931537271
-1.603326695023656
-0.350505342960625
0.559156257927203
0.702181827740460
0.079490037885641
0.302946291477428
-1.474316948833482
0.661623681133166
-1.256194037361706
-2.902637677421079
-0.461141054243559
2.865034839181539
1.278103753943478
-1.594202182445857
-0.211930125265441
-0.087651584313768
0.169321421813517
-0.729192681443685
0.081883223983869
-0.081205852040114
-0.607534648044434
0.007642548925681
-0.205844717253388
-1.858591809752988
0.623300761270995
0.032850038597096
0.136789763644176

2.053753445941064
-0.409621030614157
-1.039827256648543
4.246177380787072
-2.115357248878491
3.651488838847904
-4.692450175084972
3.686896810260658
1.282862993208382
3.556316999993273
-7.065668985781214
2.947235721416667
-3.311371461737517
3.107551811381756
-0.616818043427796
0.252347074755866
0.603561548026298
2.897928556805110
-3.061873704352855
0.669556686364417
-4.834963312700994
-0.911038311479683
-0.168480935281009
0.398794059243121
-2.219970086648948
1.460442942530115
-2.986706022977583
0.746656326947763
-0.484485814945975
4.176694735242247
1.500691057059994
-2.303287767008971
1.560732872290713
0.286586961797851
2.152100173214836
-6.132374907477593
0.261822871069921
-1.902520443454182
2.132940410596831
-0.007901703148773
1.667448078251997
-1.950704756878868
1.404581002472762
-2.122937641934987
2.139054224224198
0.149900663866614
1.337410968591949
-3.639874143400149
1.877176603843590
0.398157872466957
-0.408605174738977
0.516980967373066
0.679722561249724
-0.155536384793296
-0.832878642364975
-0.338345699255884
5.041502724924563
-0.811246401409076
-0.623132482067660
-2.620904412890192
-0.394985359142711
-0.886206972106051
0.611459832337408
0.439380109312157
-0.351647409097865
-0.896792433756341
1.095339838420853
0.342227662708145
-0.475167223006826
-0.013677915078665
-0.060854711722303
-0.257326294118713
0.416496067786776
-0.644524068285339
-0.191056765003836
-0.237401805264473
0.515589636911291
-0.087045178746937

5.528135301336065
3.168520817427112
2.840389459569325
-4.003922689931972
0.104620943130729
2.873119717742385
-7.646793028374473
6.865512072245799
1.109777720702383
3.400712632214689
-6.632502346054646
1.600125301678531
-3.422575267531133
4.068213300881903
1.784107653809270
-0.458391971234265
-0.041120656345130
3.811341582807931
-3.193280890007229
1.194203472426777
-2.388926226002482
-1.487767284981646
-0.934349607577123
0.486009231202345
-2.664082878492381
2.068588121899349
-0.448168957189757
1.746398082063823
2.001609708772450
2.020573640540700
-0.711700007178308
-2.357044509681150
0.859403300848697
-1.011133306196758
-1.188449500800168
-5.062412984024165
2.896388041162098
-0.870050837966423
0.084074749726634
0.695702085214710
2.957559719290261
-6.632057609954759
2.853288452458140
0.267322113708486
1.293814418688178
-0.287482101387608
1.890376035834124
-4.942915059848435
4.511681196310383
-2.106054538757354
0.748734050709715
0.834484036853232
2.623944710025101
-2.350074336421213
-1.747081589223949
-2.322417098295871
5.984743887941066
-2.415615844279384
-0.356617139531734
-3.843865495057665
-3.120682779258087
-1.127119250517695
1.662807949894827
0.576533601169793
-0.606629406546859
-0.179349158442018
0.498824772794623
0.510279518971930
-0.462961584979811
0.009890289168455
-0.309833851855317
0.379385061187439
0.027143693151389
-1.291404839727966
-0.322670152741677
-0.087424915580716
0.174136992317508
0.022452228764706

1.083374115897913
2.020071621776223
0.674474856023103
0.407185983114506
-0.341816221515477
-2.673787905310499
5.348048376990239
-2.823307952925438
1.977229509480581
1.152291009238292
-2.446708093821551
1.733474212326692
3.274542976258403
-1.159983933152157
-2.876509171973962
2.594783452024262
-0.764801398485483
3.291042824069366
-3.336164775392807
1.488482215129193
-3.760599171247306
-0.510916795583797
-1.151351229248420
0.873242196550096
-1.153909975895221
1.289306647495367
0.471223714607502
-0.430252300320051
-1.325026510872477
1.853106613648481
-0.480575402523184
-3.069210912278244
1.388590064778683
0.726981775463152
-0.914600531894471
0.192484737009604
1.128399157542972
3.716125658586249
-3.562081456502410
0.110718867958526
2.480489028608984
-2.810839200454060
-0.696883055263273
0.061562752128089
0.363724922800626
-0.360339904500705
1.600100919329418
-2.721965115847173
2.608318041541631
1.355968137103104
-2.021024232004303
0.685758344775161
1.611271820622732
-1.434580299209302
-1.004866211015951
-0.765876639993875
1.197362384022890
-1.597868296034476
0.372416781689528
-1.793978693507220
-1.462089491623457
0.184785964233661
-1.015914700367862
0.923997692911473
-0.717795221028165
-1.518077436356674
2.118388622105838
-0.009797876820942
-0.121789089232150
0.633335413868482
-0.582583016863387
0.547184477227657
0.094642204752730
0.253766821765139
-0.072027293217732
-0.801772312509297
0.929633720459727
-0.526216811869595

-5.779642986016241
0.204844242142538
-1.934694895143662
1.873421611068377
-3.289617434236871
3.555965155750101
1.962496431094045
-2.134243992249180
-0.286230205542057
-2.760852776994123
1.706647826504217
-1.782279145856630
-1.663318391727078
5.355412843592180
1.076567322724420
1.591269430658012
2.149495961470520
4.715874141844507
-6.232352241432436
1.770461862179716
-3.383773037300112
-1.307018743709172
-3.107402704368646
1.244204558468678
1.712422359664919
-1.254220858752770
-1.454791877778546
0.411098903513718
-0.558473483895050
3.062096463475903
-0.295701804341901
-4.375255836757881
1.703522743023597
0.854276637996311
0.304157688093813
-1.740054757587547
2.021263632998775
0.552126193862510
1.613973114789648
0.353553823444184
1.357350787576485
0.174247487591890
-1.414057761780867
-1.861179526715151
1.660982000581197
1.057886419548252
-0.453668483420254
-1.953372509076708
4.325085085213178
1.917029485233807
-3.915979526886677
-0.290361732654096
3.819702932189687
-2.181028618662157
-2.490705832905395
-2.614557047413270
1.956345141365715
-1.095543945130249
-0.642452824922859
0.805962710328210
4.981063028199219
0.225739112168768
-0.701152915925488
0.060953388079620
-0.300023876319160
-0.212728010566620
0.271050981617977
-0.288870720690470
0.357052021925240
0.009110255910145
-0.049396726468710
0.312641914251895
0.117201351524420
-0.037080423638591
0.599731498053192
-0.150761715082981
0.221700542727480
-0.033141743322771

-0.682597038580362
0.487476453331241
-1.917834016709508
-0.259320309802641
1.440652752503493
-1.596498721361415
0.968584909971282
-0.556844334338506
2.710761223968070
-2.108998661737868
3.254885695991384
-5.633006295894220
-3.409834236042651
2.563296441594087
3.342313313587515
-0.715574479730967
1.535680898553628
0.321086501679674
-3.091334969763045
0.194191101949607
-0.986479499212560
-2.124808749068525
0.501641971582292
1.284935126531502
0.608695307641092
-1.751110437580298
-0.307205710215679
1.069813489230202
-1.132413542138483
0.860590055434500
5.505188138355520
-1.586152102581589
-2.475988019166345
-0.646217690683344
-0.371866814434538
0.917883169936678
-0.545413014028138
0.924938761517938
-1.820668292285114
0.541837588000528
-2.005983643458793
5.362572828490234
-3.188525495881419
-1.063581574715409
-0.294352505613741
0.281951787570640
0.025130400713719
-1.418958890580991
4.180729750229791
1.530782549527335
-3.522922431677759
2.778479883859264
-2.312562904471397
-1.723592639051016
2.082814359222410
2.508630167219163
-1.979843781717193
0.849670704959001
1.288264336191663
1.791033673414465
-0.760145301916323
1.405187231725855
-2.119092764344033
0.762951493277760
-0.167781447838313
-0.946054852028322
0.077750115394357
-0.218853062876744
0.131859812295192
-0.013232449193976
0.106704834775263
0.101895011999134
-0.112670277015918
0.756668403024424
0.312722096720709
0.345954291914647
0.212658374377479
-0.360544088644796

5.095472555658859
1.853939154592779
2.146414880209682
-2.776666482917732
4.200910267028644
-3.619318346214131
1.298991371158232
-1.045645800845832
0.711054496198540
0.217830229862734
2.590411076397544
-1.701673495440048
4.887829466809811
-3.636361671010729
-1.152615110939908
-0.751789223118276
-0.765987553862102
-1.794090208764144
1.629030291238197
-2.744701872481624
1.629907860628805
0.901004889621704
1.824695722391080
-0.448660232435917
-0.146040374763685
-0.502204446306950
-0.741324069645734
0.046172617476581
-0.367393521671119
0.369302392734356
-0.248032703841600
-0.890933520712850
0.267310407691772
1.247332005408019
0.171114395289840
-1.332418572790435
-2.491128068848303
0.443869365038371
-1.051385315835454
-0.133993456719585
-0.051499107821065
0.709653346779243
-1.267555102376764
3.082481836662998
-3.291398240449224
0.473024712725673
-0.258058410020498
-0.031935017161671
-0.101788233450323
0.138289018196788
-1.149498200515797
2.154043805522015
-0.577377983447353
1.130508707486348
-0.517363669503719
-1.244172880561167
2.277251883541000
2.214518125867611
0.681153985455666
-2.001040447495467
-5.010861659580432
0.414428031720882
-2.114077854728281
-0.107785753106039
0.666748622695108
-0.203313648380074
0.157277276610967
0.177120296164604
-0.511438833488722
-0.038389259787212
0.205925776910103
-0.204068569229387
0.123999483771744
0.190630995707640
0.807665311599947
0.007947472728871
0.024819679350597
-0.146094899297431

-6.392012134967835
-7.333321136231398
6.075899984205464
5.038720280925509
-1.336922625991811
3.068012620523221
-3.306966196934883
0.773862647355396
2.836678842517214
-2.859052553733636
1.901020332264681
4.114645039852373
-10.574152042670580
8.294616054486850
-3.120860613857998
1.786935384508369
3.836782869637271
0.793063598935117
-2.575692082869241
0.467528072807722
0.383351691095930
0.831313946182211
-3.147464918560560
1.988664533271216
-1.474834288163387
2.598819008040469
-2.993313299403394
-1.090576624607633
-2.601796265830325
-0.487216742896738
2.960132584693203
1.415591627663266
-0.780720580340888
2.978893606925857
-0.727354168662479
0.505677283991370
0.990094254400527
1.577210356909551
-2.553569489168053
-3.497271353293627
-3.811766680791549
2.873835408670189
-0.669059532168692
-1.064631174695554
0.674903499268677
2.302396690075506
-1.908303005101637
5.300087492866992
-5.042425861980917
1.029147531077792
-3.129403696294757
1.214535907945686
3.859151606926168
0.745930965509792
-2.612521326818164
2.558135925610425
0.685234224601256
-6.778595797756110
-5.565028139021949
0.854102906496469
-6.338789051960851
-11.130080946193626
-10.992710461563414
-11.835897695277943
-7.954443946249573
-0.433382622743250
-12.923417241486421
2.219193239078088
7.202438228526750
4.164907556669295
3.601780990240592
2.638297589342700
2.492251248918900
14.191256062319798
13.857676677608561
12.947667856794357
7.669658523292828
0.743449543440071

0.002930839137632
-0.017168198846985
0.016284354264500
0.001354750529565
0.016878865089285
0.000898858516158
0.063591060407307
-0.033968984352854
0.007749690004040
-0.022859573775641
-0.023591537090844
0.219666486076103
0.281685835794658
-0.180336293600991
-0.169653409361764
-0.213568201609990
-0.001475916063919
0.025844085442382
0.144515604161866
-0.009442578452548
0.128268402306173
0.010582125928979
-0.080430664680642
0.074245572979442
0.276825483976749
-0.305922467783518
0.066260187464607
-0.007448913708311
0.036930615015073
-0.106512780150155
-0.043351758212489
0.036270736735208
-0.003568015983707
-0.042107723478862
0.010304864885966
0.033350658408276
0.007542184147185
0.004924512251572
-0.001195505403887
-0.001903807680185
-0.013471992863745
0.026274035942866
0.002305732017459
-0.001217871866757
0.001525527729392
-0.011933225670905
-0.014580676288673
0.104200168153229
-0.148927129116904
0.278233929527623
-0.098791315059724
-0.193084438519287
0.124970799594972
0.220114952737079
-0.241325390247183
0.004563119453353
-0.055825829964293
-0.000782956555315
-0.000587068705536
0.004325173377194
-0.000493326278476
-0.009140670520678
0.065718788726454
0.070704969176715
-0.548398710102047
-0.188061424454568
-0.010983826646941
-0.039860878808942
-0.008547128574960
-0.009037084015385
-0.007699860262123
-0.008062552423777
0.003176242278364
-0.025138028461830
0.288050099884053
0.089232063823932
0.097372382420427
0.052783956684056


0.035757  0.052290
0.075635  0.090494
0.079388  0.062825
0.087247  0.083230
0.114590  0.100543
0.129462  0.106628
0.128672  0.120383
0.126615  0.134519
0.181679  0.131507
0.192327  0.157651
0.202221  0.144939
0.216896  0.140999
0.219823  0.181138
0.207256  0.185515
0.237315  0.148807
0.259207  0.194653
0.301654  0.171776
0.292205  0.207171
0.297107  0.197595
0.331750  0.265521
0.298467  0.250250
0.365410  0.300208
0.363151  0.227681
0.390408  0.234862
0.449167  0.404442
0.449968  0.420641
0.250551  0.365013
0.374972  0.382065
0.189684  0.327192
0.297121  0.288437
0.249623  0.242383
0.156170  0.210965
0.205994  0.270234
0.211063  0.365159
0.154797  0.399821
0.118309  0.421537
0.101729  0.361623
0.100471  0.193447
0.080868  0.185177
0.093903  0.480836
0.126090  0.565887
0.147217  0.570004
0.150711  0.588904
0.200576  0.533882
0.241077  0.517032
0.287260  0.465865
0.273387  0.553644
0.332369  0.560767
0.360690  0.575078
0.368136  0.502600
0.370885  0.522819
0.411137  0.516028
0.475235  0.576572
0.434573  0.587119
0.507349  0.556406
0.151343  0.353842
0.128723  0.404406
0.074950  0.361966
0.068100  0.223013
0.046493  0.065936
0.045131  0.048523
0.082074  0.028174
0.151454  0.028674
0.270752  0.018083
0.218188  0.033650
0.394081  0.064609
0.372540  0.032862
0.000000  0.000000
0.000000  0.117781
0.000000  0.235562
0.000000  0.353342
0.000000  0.471123
0.000000  0.588904
0.101470  0.000000
0.202940  0.000000
0.304409  0.000000
0.405879  0.000000
0.507349  0.000000

0.387873990407984
0.222393433518541
-0.182204043223628

0.568684850529942
0.406089930436095
-0.119416070108762

0.968276068601379
0.161741529347229
-0.067201807033075

1.187597194122476
0.067043949664819
0.114677145848712

1.566644413144581
-0.107352054115230
0.177062879526680

1.948951196825672
-0.210169103677853
-0.065603326320072

2.411609035739442
-0.166599699171374
-0.037956897439520

2.711171851941765
-0.058869121046061
0.104077331598649

-1.532509787267347
1.830744286479012
1.883047974364768

-0.013259662885684
0.039830607615273
0.033540086511264


