0.15000

0.600000

0.000000
0.000000

0.542522
0.735729

725.936500
0.257226

88
10

0.339216926770809
0.117346264835292
1.172517579334367
2.298935690792371
-1.228719572418868
0.738374762865955
2.534665184808538
0.317801900210909
-2.087027870565594
-0.477586684278065
0.273358190549860
-3.992547843750949
-2.237542824263930
3.271647188718422
1.452090980783738
-0.233181553154322
-0.676664247856307
-0.105779773365540
0.591313041705105
1.141248278507831
-1.157684564704899
0.827993137899020
-0.555221540672654
0.098378117719956
-0.208733092523278
0.594277090438609
0.015626303040686
-0.223417364365510
-0.542594381649678
0.271454141876315
-0.797824413170986
-1.071138676446053
-0.421140249207240
-0.564244501179444
-0.417477343633031
0.716930925393370
-0.019130129401411
0.395767672412656
0.853552243569834
-0.081141991333187
6.976046795976083
-1.542441588289653
1.090276352900927
-1.921604879078656
0.906902953874488
0.146158006143010
-1.073906815221640
2.331472054215141
0.456558037973604
-3.144449933773960
0.797227987738369
-8.816681979703676
-0.748572446025198
3.364762748694485
8.223062629584602
-0.335421724775384
4.185922640500735
-9.007250362206426
-2.503312784452588
2.396537301874473
-0.124354062671460
0.616451567172339
-3.224932959905084
1.148142635432892
3.408964552628083
-1.751443035379225
1.252418598305246
-3.224419833276013
-0.652370494147610
2.099290333358528
-4.941346942798989
0.720150834882513
1.636488367337326
3.636380061179879
-0.661215603176067
-2.068162781108981
0.465421267325142
-0.202435305880668
-0.183645124719328
0.309051334074034
-0.862766296812556
0.320776959233140
-0.456303789269065
-0.001340039515187
0.668114728577654
-0.620682277724548
-0.146874058350995
0.135659373511558

-0.475759313949156
0.473972292291652
2.403010811021273
0.093810997018507
1.711648701579105
1.655209181760504
-1.382901203727097
1.307904000404182
0.826614019580251
0.292568229483409
-1.100798803764825
-3.763527753516712
-0.397426737662979
-0.130422822985077
0.510248509545921
0.125785555166541
-1.645778177906292
0.871767065763011
1.194810881530136
0.427779967892077
-0.056930783010907
-1.603612553757660
0.180640309334438
1.148850989252599
-1.223911907464023
0.795750145471113
-0.176742917885134
0.000565510604623
0.349928510219602
0.543989734094898
-1.608950906639315
-0.997235837597627
0.425146504074403
-0.748838451064462
-0.726586220224949
1.348047081475539
-0.571363939283785
-0.087343420839521
1.342710695449944
-0.125375431126487
8.514591795505448
-2.684914039735967
-1.308102059627541
1.009454168836197
1.374518591966611
0.775014746192265
-0.896215940946866
1.172527876565557
1.610147196929009
-1.659370022262189
-0.044213509706681
-7.583685272574956
-2.458108327388938
1.387210712866921
8.047731594748164
-0.428893677795528
2.011266967872633
-7.584115347938554
-0.648351691981379
-1.099397815946480
-0.315240144204960
1.847280383261823
-2.239416993840378
-0.083324008740953
2.593206556606013
-1.032880159254734
0.067635736461356
-1.417043406999567
0.197252665366709
0.380815086860563
-0.854496726443438
0.027653537904562
1.701355354229614
0.461911133194637
-0.112627679236514
-1.055097323611845
0.388159031366052
0.009781374583370
-0.611283432424716
-0.221379607757677
-0.469583864310197
0.451145623873976
-0.254422923215320
-0.151401950626516
0.653783213002067
-0.455535822109966
-0.295070509556140
0.074476401286766

0.176837808191595
0.597879121589697
-1.055588750902985
-0.559930004979431
-8.330894971305193
3.981917376278515
4.720662609954919
0.576893750741011
0.734877166570584
-0.987390748716335
2.433697444186572
-0.278824008928349
-0.271139403082501
-0.409227841913079
-1.656786374282430
-0.167932973502210
1.975736312813240
-1.136689229966863
-1.787859742357619
1.459092723266635
1.000298517889424
-2.821684909168149
1.707412773155771
1.075440599938134
-1.523769229888347
0.169743162488442
0.525119677013627
-0.138046565899494
-0.180916930816713
-0.188234732169600
-0.787753444686422
0.374248423790990
-0.119893257294846
-1.415265348258521
-0.942575347386921
2.056975359962727
2.479110063010985
-1.167916592873723
-1.446208230040347
-0.732824336859237
1.973947985378118
-1.745652246102162
0.124271410315767
0.695187155476695
3.223726481438704
1.365443212984233
1.550976146223092
-0.723029249110788
-0.796447469169421
-2.820880086403387
-0.932175251593361
-1.298630351963153
-1.510997151592045
0.733410573039782
5.580222159915079
4.064194709266438
-5.760888178404296
-4.059935256417933
3.137793854232667
-1.333389081737240
1.357378763209689
-0.249661497740528
1.116866211739391
-0.635034216451580
-0.278104779472543
-1.715330476848725
0.678128178786446
-0.058693047569162
0.338676044238352
-0.673141975822901
0.022617465762728
0.834267457256690
1.739241788460155
0.379759034694477
-0.226729256880685
-1.761086527477250
0.267807433439225
-0.068840398656590
-0.385361044403035
0.197214749007566
-0.406598133638186
0.298839585542133
-0.079951501084655
0.019598671860386
0.527122399731026
-0.706057957388275
-0.048771351317248
0.110105053692678

-0.301064307368630
-0.025982115357494
-2.480015823117752
-1.525984310818007
-3.258835306085110
3.024751507382393
2.858480403370835
-0.855563507938383
-1.105418101041394
-0.394465652034968
-0.451401407132027
2.900647268185908
-0.351727049479087
0.935281400757707
1.194344118517141
-1.714705340306797
2.694307418747306
-1.196821051240543
-1.809896292373967
1.549876638739907
2.128695386766481
-5.601605889266845
3.298649717979113
0.713125828470816
-1.928172636131413
0.960300716668430
0.667413581161702
-0.402325054302254
0.614731435160180
0.310540815333196
-1.338283508844538
-0.472202082450868
1.176026016233476
-0.242991440309662
-1.915801455327332
1.892203124816379
-1.159155760399713
0.911164663863635
-2.398130961120534
1.771789606497346
9.672661108625970
-0.225098809943846
-2.414519109235514
4.212796237116480
2.183268727909522
-0.579383667984913
-1.637763447247342
3.932926198143178
6.020601235143079
-16.620904418373581
0.429366365796809
-10.442545051796738
-2.005851132996083
9.206755968708951
13.478672243475843
-0.610671702846660
-2.738840165230567
-13.411062360069694
4.876434135028216
0.295481805842515
-4.220360735455878
2.597441190243917
-4.644542681932707
1.436366277276535
4.706559134986549
-0.212999283820765
2.041656008084381
-2.462812226288087
-1.712367286010212
1.704915279887989
-4.713072378651050
-0.100806854437091
1.181100758003874
3.568175294547098
-0.622016263399477
-1.511035669261137
0.107833909078827
-0.140227020774275
0.176730309544582
-0.000838183908475
-0.363245958890635
1.241704853799973
-0.455471761473843
-0.022566402958430
0.208662873268976
-0.358077418174800
0.092458681022141
0.182730742460161

-1.325567608833515
-0.617110961594448
-4.323474416435721
-1.347196625416071
0.342196838149773
-0.955197989018971
-0.353336661823194
-0.445713862631528
-1.798788005263779
-2.535468672957240
2.832917075998064
9.034151940371697
-2.733720443507303
0.366305804977852
1.843717069600340
-1.526609142373695
0.712656899756497
-0.098593536597167
-2.037246786440512
1.771074953139239
3.934619081691131
-7.794728865218574
3.179277901077719
6.214529176583140
-8.030968943533901
1.546414231652864
1.286919015538761
-0.306733588414252
0.617428725121723
0.919618187646480
-0.143665399459771
-0.863541125990485
2.148872495136928
0.378915862521397
-1.043294025579963
1.222306402506971
-0.447564549636541
0.806543029498256
1.207152248418676
-2.588376010892580
12.516954666543317
2.481105480862461
-0.590795017613100
2.267699343102333
0.875519100478174
-1.983522801897491
-1.971192203520420
5.266412659236980
-4.099475123122693
-7.827962700402694
1.763069163687062
-13.461012633413540
-1.655307326698304
11.307940489999430
7.056687868660375
-0.293631726750456
-0.450373093989280
-7.569260489079223
-1.059308104049738
2.963999947910177
-1.356702273135763
0.529287013208817
-2.758135935327146
-0.693417523349609
4.189455420803232
-3.202935352535240
-3.534391292707510
-2.054838238583534
-3.364305946419648
10.895376198968295
-9.346319570089198
0.573725308686027
-2.863748967017428
3.408002547069577
1.825473468652352
2.428865879500179
-0.442846434437843
0.152548271766766
0.301015332107797
0.123350002260224
0.119810011236918
0.492933627735223
0.034003418841755
-0.614212836060970
0.271772012514640
0.351788195831544
-0.160546976156194
0.108727460028607

0.084404419318868
-0.618842126689487
-0.481522563498319
0.704233191409843
-2.372679616389129
2.334707061879044
-1.560225788630331
1.115489394683115
1.344889563754750
0.800893711663180
-1.970140432302868
0.755888569055015
-0.260326364642167
1.045594098002741
1.178756427427390
-0.270055708383891
1.825325708971285
-2.739375451261552
-0.391795998888139
-2.280356930031738
1.778860974169283
0.037877148200550
-1.589056559197055
1.840562420401143
-2.388047683635219
1.232402704737952
0.382063559946397
-0.519751196713979
1.785237514935248
-1.703632402438660
0.208670487545362
1.947223728817480
-0.295633717765789
-2.954263248945909
-1.613223174887226
3.923077529925821
1.672815595209321
-2.440348734824518
1.973413531196403
-1.316186757488034
-3.421082938614647
12.599148171044678
-0.236695401997735
-3.154819195745794
-6.228249270197818
3.615414428613138
-3.872785448234308
4.622352786183554
-11.062230141529344
1.530763036980471
-1.084816803443986
2.161971077594963
0.331747028237362
0.457266601917610
-5.963104048708803
0.831996017050454
2.976760255758109
4.462240130226974
-1.721074889345171
-4.888324708824409
0.332723152222864
0.473618144833679
2.125082614810134
-0.855447701704426
-2.850257557188434
1.379187393458474
1.391098813279728
5.891859536125770
-0.329050811614083
2.058020932453494
-2.985634401802567
-0.533178221684644
-0.191633810286250
0.547621133497052
0.387025187391901
0.202947921004420
-0.063939596427470
0.074624870807496
0.098641536601283
0.083367515377825
1.630045027183749
-1.777349205507200
0.775051843321891
-0.656490888838613
0.588245498996776
0.006567601319947
-0.120322262317094
0.154176157816863

-2.031254704761605
0.826746228947789
4.418898590093889
1.405307841266223
-1.018616417238255
-0.481509704408377
-1.343074824786969
-0.923654696263502
3.740181614274015
0.634449789938263
-1.285721500919971
-4.378701109580033
3.471813930547959
1.725933025141040
-0.174772327766770
-0.365831290381352
1.643910368590303
-2.624356234900612
0.930518646012575
0.800245027353039
-0.514534428700751
0.202653318992586
-0.268925650040984
-1.957334363710330
2.154920823914610
0.146964831747605
-0.331326399284995
-0.004513229128056
-0.147749604413680
-0.251118663878448
-0.445868089748731
-0.077708641241045
-2.104862527136826
-2.612256308100830
-1.097199821756585
0.379686696014962
1.260361373231364
1.270315648110570
0.546519304023666
0.286372958465862
-13.507192117582989
0.553583522521814
-1.682015797248625
-4.751159427009442
2.491320805302861
-2.504572259760736
-8.259804322312576
12.933418008390520
-4.630697731246540
-0.760627627397705
3.242455848485450
6.996510976503719
2.525577663028973
3.233326074941755
4.104775238388774
1.460410817019171
-5.635978681537637
-2.889559015346015
2.425101658265988
0.837015565188729
3.219407178799114
-2.905121073091635
1.997886884321641
-1.588622350258431
-1.120204140151554
0.235354477813784
-5.206727035670607
-1.302505933224652
-0.155012735775914
8.077124289227129
-5.115805934521004
3.414440545986631
0.575912941555241
0.641249302811764
1.784292511762770
-0.643731185249504
-0.029076948064429
0.143296375296345
-0.599985237951623
0.604394998268916
-0.511599985655418
0.966904999840106
0.021848860902758
0.085319965876221
-0.118799115001974
-0.107588266936097
0.042123916048754
0.008424022891626

-0.470770853178397
0.191691073978951
-0.803955490814006
0.405002809795057
1.064588058834925
-2.348492338328198
-0.565328193747557
-1.421473775296268
1.090207597860367
0.907765124702979
-2.984173272176088
0.027532717879757
5.227867449039608
3.521424939041724
-0.683196397417027
-0.228559560716671
1.236017612168174
-2.821467426436925
2.545298708504897
-1.066798503338241
-0.791793620719845
1.826146210066825
-1.481656024101162
0.874854377976736
-0.690340439853183
0.446756378560581
-0.202489205202628
-0.134754927666459
-0.092863732572282
0.228244180635668
-0.579171365307675
-2.547491664869030
1.896999967377843
-3.001381862658922
0.620065746249924
-0.869084498703279
-2.806648199427373
0.492759622572214
2.290509036341624
-0.116957233840055
-12.004457853362227
-7.963094843808682
-4.311950093358546
1.503248239759506
4.250392831097170
-3.119756007337556
0.252572278097990
3.200946153684032
3.390070161190648
-3.363801028882681
3.375373773222577
9.115637131461797
0.281816338787172
7.008261555228878
8.741451356127321
-0.465836531927965
-6.445934267586948
-6.704868473639357
2.652988774800532
1.897523312621604
-1.033172703926417
-1.417288547940103
-2.698445109259839
0.608924921559363
3.127367612890180
3.064386557465194
-0.184659246295289
-3.433091703803850
-0.098869947141812
2.582113119944945
-0.118951023798286
0.765755036455329
1.391124404695528
-3.090821331682483
0.730861754943183
0.770934777947239
-0.626475332698760
0.035317129312233
-0.043740702856682
0.526897002001331
-1.848548691879818
2.020722490692275
-0.508996920793440
0.063577171117107
-0.646038838757655
0.824945209015859
-0.325709630815125
0.086416717902057

-9.733504387747475
-10.821836404513324
-3.204696835695234
-8.057819380798454
-2.257012543910599
-3.055980232020790
-1.334365096472528
1.628476782252935
-2.875693205029817
-0.014606132507792
6.838101853083079
7.951543390123696
2.121081489135604
0.267481201681895
-4.757434760389611
0.526452730495177
4.996710366025032
-5.854244774791519
1.537968352888425
-1.379291162144805
-2.236007093053200
2.538244330753977
-1.745541905635613
5.771464795911562
-6.402746601222161
0.856546092989744
-2.307219228377195
0.856034385722463
0.082716559777327
-0.202343142818021
1.716692802715723
-0.190949818057482
-1.026531036445932
1.017119291340172
2.556611892243259
0.722610617563383
-9.204456948407749
-1.114850119102268
10.422875972455586
1.096839144799177
8.606006647444886
-6.922111932057914
0.672956170251564
3.181994043917614
10.577858722853204
-0.703186688118046
5.770851397399482
-1.503852862439388
-2.554906468359608
-5.823773397145201
-3.540542156449158
-15.067328255998230
-2.285774789482550
3.201011908208170
-7.447643346397697
-2.954126220119944
0.179463429425514
-3.534630438137946
2.300543174157989
-2.318936744161658
-1.438207890469767
4.366524117438179
0.531490557765364
-2.743145761292130
-1.311820063999289
-0.887870993299940
3.434343396588039
-0.184585433720394
1.995537467558168
-0.667664129511132
-4.107238510492403
-4.331316241116595
0.786042861362021
1.444859324266884
0.322229030318642
0.700865971355501
0.312653103764207
-0.250295748836529
11.874142683064413
10.035193043560602
5.681706747302058
9.539432953467127
2.582575419748750
3.127354304610683
0.874537012616684
0.567959609751798
0.712286513390518
1.470097255962988

0.010845475488058
0.280326655093038
0.544298187424162
0.252391617846768
-0.087077755057115
0.011388060143806
0.010547544902126
0.332539768485320
0.117389897338575
-0.016332047271092
0.371078979185434
-0.749420980554608
0.279588749395417
-0.006229290192778
-0.909211057890032
-0.252974393680495
-0.544489741318134
0.743437437916116
4.136389045517841
-0.118935505511308
-3.954073704306053
4.881921387780706
-7.440380125446247
4.448259168432923
-4.295314100935214
2.734173001983221
0.068490437416252
-1.664534128902179
0.061932826141688
1.571856212503610
-1.384653354828525
1.195638047002140
-0.681620302095448
-0.183886407715843
-0.724757899908380
0.340390300343578
0.332679143781296
0.042894235914679
-0.048216863671207
-0.227050488733263
1.633260629050982
-1.422021100474907
0.515360259549968
-0.676930003224914
1.498221405129438
0.351150407017948
-0.069196373118302
-0.001436436897207
0.772607259080639
-1.812426701992100
-0.252347392177937
-1.783703477229474
0.363679603020081
0.653021257372238
0.436932544178677
0.113862959407839
-0.524585454790985
0.216429986480081
1.141487647447169
0.565432908012944
-0.674699954446290
-0.471348099773928
4.792510524364724
-2.801423886545198
-0.094484445475117
-0.720716610751497
1.293402967377705
-1.756539842056186
2.168396647786690
12.201774449793110
-26.652157006266073
0.419303983252557
10.837135478019361
16.551290851634956
-2.809097937383851
-9.735247240231761
-3.016389098333277
-1.547129983401403
-0.587367796829909
-0.541769556071584
-0.498579878836174
-0.806575448521000
1.391132207295863
-0.296974178418117
-0.231346672697087
-0.052213029062856
0.131305963300240
2.309709598170632


0.032057  0.172603
0.051973  0.089275
0.067240  0.182158
0.049982  0.298473
0.049922  0.229685
0.066061  0.252491
0.058211  0.206964
0.099965  0.140249
0.082723  0.202105
0.109410  0.217405
0.093219  0.236230
0.078032  0.181872
0.106068  0.278657
0.104172  0.187630
0.126768  0.264224
0.179097  0.278313
0.188490  0.230308
0.169929  0.208616
0.235578  0.241131
0.243405  0.291755
0.266390  0.247307
0.289190  0.263222
0.301833  0.253565
0.357802  0.193612
0.376991  0.194393
0.387076  0.252688
0.451238  0.183202
0.542522  0.283208
0.281481  0.389828
0.253647  0.428253
0.291770  0.481120
0.208299  0.336666
0.175905  0.342594
0.140562  0.541200
0.152589  0.445048
0.130075  0.490985
0.119670  0.344754
0.118291  0.412188
0.125100  0.333061
0.141722  0.356490
0.065925  0.349384
0.074395  0.466700
0.106062  0.302889
0.081453  0.306967
0.080750  0.462685
0.104459  0.430606
0.075102  0.371616
0.071915  0.358480
0.068617  0.481107
0.081792  0.493514
0.077028  0.410953
0.059236  0.348743
0.071177  0.320175
0.081622  0.512688
0.045877  0.593657
0.043204  0.532559
0.052485  0.557708
0.049056  0.587311
0.080682  0.563705
0.081625  0.610260
0.106723  0.579726
0.128459  0.613884
0.123425  0.686864
0.155582  0.735729
0.110679  0.671153
0.113096  0.559179
0.209461  0.557920
0.071709  0.629934
0.204571  0.641323
0.211465  0.575604
0.231661  0.587398
0.222186  0.512726
0.315380  0.538289
0.247577  0.602905
0.235067  0.683623
0.317366  0.572089
0.463153  0.570110
0.000000  0.000000
0.000000  0.147146
0.000000  0.294292
0.000000  0.441438
0.000000  0.588583
0.000000  0.735729
0.108504  0.000000
0.217009  0.000000
0.325513  0.000000
0.434017  0.000000
0.542522  0.000000

0.243899258503598
0.293097840044536
0.214369221387726

0.444888400866124
0.234248141653137
0.198701157458071

0.665635076066861
0.312575251558931
0.260566545367031

1.010896770414817
0.257691226515349
0.175216500745635

1.534706899943398
0.030356934166861
0.050334253294790

1.836229587257330
0.083049682376877
0.063709685438620

2.235893024158770
0.026954633582945
0.083661994225000

2.679395209447376
-0.004984695089563
0.014764766658262

-1.308085139163042
2.038295634862233
1.300336957670857

-0.490405897147918
2.329722355261965
1.764358027936964


