0.20000

0.600000

0.000000
0.000000

0.347431
0.797937

819.076428
0.570171

89
10

0.453799791982367
0.321887609875217
6.518366063234439
0.385037797280563
-6.001780643458797
0.791359714329325
-3.424285189778759
0.360517623890692
0.577602041178464
1.527013640660990
-2.364545707811883
-3.329606799099977
2.883549825296238
0.849035829621724
-5.944099212101778
-0.101720796975547
-0.002230491083989
-0.032423965697205
0.076745701663097
-0.016596688013436
0.343878605940271
0.760074668687330
-1.579179952682120
1.625674306612771
-0.369483928889850
-0.354060143714724
-2.953709659403176
-0.039979514789001
-1.117396921794449
0.911316589652870
4.201411403627423
0.981956759984062
1.143471968071324
-0.722356178134398
0.156870739366915
-0.408863857064536
-0.494529804362715
0.147420015240734
0.426639309639047
-0.477980458983990
-0.121072028651763
-0.147764554707909
0.139476281969842
-0.283647590576126
0.447587832621689
0.070703376226313
-0.099477323903749
0.140785026728450
-0.022689621529216
-0.564958064808622
0.205474068577047
-0.336059417356592
-0.102467367163057
0.089556678689718
1.853308552430844
-1.334521188561326
1.612320281822497
2.913177160419395
-1.219457539452977
1.458011203161746
-0.120916282151266
1.058762798137263
0.359595795232920
0.256950684249861
-4.799797557322826
-0.710862696817718
0.017953450374328
-0.704913710063494
-4.188937746931562
2.673923836213186
-1.580478589957970
-0.943064193682865
-2.963345312681887
3.442467282214022
0.141939190603995
-0.101528859566930
8.556745460004549
-1.540493272346303
-0.327113815735418
0.132685614367591
-0.090996300222570
0.603941627260247
0.242386672463340
-0.095701546434359
0.317970641403697
0.241525636234033
-0.261928777222142
-0.003706422031346
-0.020149549550370

-1.614085397116700
-1.907135856085735
6.592068885961693
0.372538537305413
-3.884921771322565
-2.033159729446495
1.258510264033570
2.819633611569967
-1.114589935898781
1.870500163952031
5.881984261534715
3.997195556256691
-4.514933471782445
0.209886384490214
0.278945405727257
0.516221011088418
-0.205202844147032
-0.459412565377839
0.149710700879077
2.407969047094140
0.698061439322491
1.241827903059847
-1.426757692592858
0.539203283414548
-2.413362296176256
0.240435337477591
-1.279055522016599
-0.596470908166759
-1.180461581946045
3.173328084819382
7.316951802175448
0.005049519947220
3.815529528190329
-0.066162874561654
0.483365301319260
-2.342492873835558
-0.781647810644766
-0.014322452836700
1.090755005533429
-0.394651218815333
0.076583934752853
-2.355074583914889
-0.356291079595150
-0.073846028207077
1.123064682719800
-0.517960392581361
0.450799596663455
-0.455856143730792
0.594950269697032
0.705611810239404
1.335387336822496
-1.409663240942294
0.602285101044224
2.912246985606076
0.199198659686506
0.146551936720100
1.121454378259606
-0.925219582048234
-1.090127105623310
1.579234035640015
-0.034727021636973
-1.571161049739158
0.721554940413112
0.584353792543251
0.848384034733439
-0.442661713782979
-0.703730457516485
0.709132721469047
-4.941825847529117
3.745944653992032
-1.974282773278907
-6.651924190738694
-3.138386918333560
-1.121911065950969
-0.144171778682120
-1.399316426853404
-6.700028629980846
-1.049710077462027
-0.837703188856854
0.426363832978626
0.326029144920524
-0.076539099840093
0.405777992474378
-0.100117405298550
1.034474213976792
-0.125349983878910
-0.028646182092893
-0.023600700615753
-0.130395618557648

-3.399162633626531
-4.564436168619750
5.035023717725549
-0.513411313427629
-6.381258522394278
-2.226728551330413
11.121715435589037
0.409199201249939
-3.314735071536878
-2.930094419543422
6.733180241881038
6.211859727167096
-7.736640155013849
-4.954453762155621
-11.325817818832819
0.426789064215183
0.305238363604649
-1.419064434841942
0.626849912195254
7.505144042265777
0.825897522698690
1.299357689179503
-2.017527136673732
-0.848567101562989
-6.748012202726221
1.175318519441826
-1.956627379690545
1.356880037214830
-1.476794339134831
-0.581001192752053
29.038072145093974
3.385420851807899
-1.539691619662561
-2.313789053620542
-0.262877578155087
-2.828475534987853
-0.648193172789170
0.082157986102679
0.329987536566904
0.453101245608209
-0.165838472689656
-2.008777216126508
-0.312955043923635
1.706770099050404
0.194936465504525
0.617616620973428
-3.542511306557903
-0.704580841116113
2.088365799039460
4.039190153875462
6.034922679292643
0.305004939241029
-6.429971878693364
1.714638341314228
1.853296060781098
2.402866830438831
-1.769566637247224
-3.405783990741105
1.519349725122314
-0.046712820275813
-1.106314306071889
0.691276879073338
3.152826486132213
-1.048704180662860
0.874656913077355
2.776736035678484
1.426853126226449
-4.139427497403968
-29.531398224862823
1.325352053566685
0.046737132759743
1.321384406421556
-1.693585411556255
0.082022341247072
0.065105239822912
3.770089079017994
3.528727157924418
7.538572538859005
0.289864700196660
-0.038610949376985
-0.106204717272466
0.106699751845990
0.477288235273950
0.010244651632200
-0.102358673038064
-0.796616542275195
0.856417342834371
-0.093643926680304
-0.108083221994973

0.999987849475024
-3.837939591094324
-1.738283262961910
0.263218308118896
-4.186479714638903
-4.872484853456172
8.825832844505746
2.851430296000961
-2.102276248099306
-4.425203932789502
1.450843645490915
11.715934807657366
-16.313520329975766
-6.163911610288795
-7.685887296301591
-1.692604765533200
-0.358213525233217
0.150333539417023
-0.654374911885645
0.673648251837440
-1.921037718643510
1.001671606226456
-0.981165891916794
0.992183614190730
-1.004330956737168
-0.820101286253236
-0.052850314297147
1.635479467316950
-4.420822127634539
2.350330288213726
14.398816473478666
-2.294731149857754
2.110041011386350
-1.145661601091832
-0.148986693851481
-3.610459492972930
-1.208942317101239
1.164192370863414
0.816413285517860
-1.396171488262532
-0.600462127082042
0.002857078965258
0.681726532861309
0.343968173848556
0.306714746909082
-1.088378226378826
0.433012616972428
-1.538849838509754
2.353161938344668
6.583468814382633
0.897738438763487
3.058044813629070
0.047494633723676
-0.104301526292133
0.963889832215150
3.279270234987363
-1.390481828221114
-0.820137330127003
0.213878538364032
-1.089652403230758
-0.366871937778617
-1.083021302807411
2.078657047781264
2.060118318036142
0.563516867254445
0.428694757110610
-1.627198340820361
-1.188936001057125
-14.011995768072195
3.058402616673756
0.768319995689217
-4.612486521125240
1.380488206741213
0.431995151417084
0.188094004366656
4.500883338098207
5.085340660115074
11.387975334202935
-0.020653334490018
0.010665452611483
-0.294300253833133
0.127478244909558
0.051305076523967
0.040244546926526
-0.066177430838115
-0.146861141360968
0.280955967144215
-0.036489817249840
0.114976089601519

-0.056533145109714
-1.181379003495450
-7.417510345058510
-1.875016896540188
6.162624464262620
-3.108711902260526
9.161362911299994
0.694702254816726
-2.207768748413496
-0.708116407229874
-5.395840683499835
-3.160712994708245
-4.789011088382391
-6.682459191851776
-15.950281509872907
-2.485828432443204
-1.048200934585217
1.688268553852549
0.191729374320396
-11.936112988375033
-2.752845820730227
-0.978410992489110
-0.237327083755487
1.058560136328460
11.515987023425019
-0.136243864679283
-2.129069356696438
0.211125275933356
1.505584650997612
-3.283241837451594
1.677977517177819
3.325818972180399
-0.655718968736944
0.535019425203538
-1.441062278645896
-0.291954955498239
-0.586625926059608
0.855576361200548
-0.160896754286766
-0.726818060875487
0.294404660381159
-0.784464522754404
0.058598339355150
0.370743931121852
1.117351322456479
0.658765844405383
-2.116262590033627
-0.742043004955664
1.459828345671005
5.490952136459154
-0.103479302002473
-5.347765502652196
3.758944575739508
6.115543182729497
2.324962736219062
-1.045696714095104
0.448819549374932
-1.370032792441727
-0.676698517166729
1.242080996767576
-0.876589119421663
-0.681843726502752
0.919739765426122
2.577358166731214
0.006700319844399
-0.535712554205135
-2.460490746249197
-0.394764507608788
-0.701836362836836
2.919600623126596
-1.199965883168261
3.961237817517645
-4.405226829080548
-0.508137593911168
0.883977716686708
0.569048682738895
20.402792390182011
11.481969311964770
0.252750003212652
-0.327237030476214
-0.192486143391175
-0.150983641356367
0.019328597491431
0.003076920004761
-0.017039174380582
-0.040490165757615
0.240870632566988
-0.037456948178792
-0.063379912128872

2.779445817665665
-8.979635844502889
2.418179604097142
-1.789033452453329
-1.447034987225339
-0.255579888672849
7.727927587926113
0.311242261246807
-2.259886362908025
0.061877324867039
0.509005892521719
0.657908012784814
-0.609321348176486
-5.433823143460577
-14.945314190338857
-2.886734029585877
-0.166215912214145
1.818359932627763
-0.531495431712041
-0.868148997142767
-0.932986572254055
-4.473544485911361
0.072564032349790
-0.146941089701613
0.842654352842476
-0.392316290551717
0.227107727488215
1.018006575703363
-2.217053997681106
1.674272433081144
-0.637227578807036
-1.526342273706209
-1.204187487798530
-0.240853060251086
-1.091181769323881
-3.699985714767706
-0.285733756532323
0.466952347872150
0.388785756437960
-1.071908711648782
-0.448528410340424
0.066496318312063
0.868650379780607
0.021076802042314
0.598815672885804
-0.625517984726138
0.598753437691393
-0.247555354049112
0.049857634504843
6.860225184536775
-0.964281089962794
1.218349923135863
4.387068881258550
-3.774714029320687
0.922133447276817
0.427942515548366
-0.759949956345271
4.348276367719413
-1.001496002146810
0.614664534105343
-0.079739950756714
0.254869629494806
3.746505423786342
2.719470017718621
-4.201729361073999
1.326410092455233
-2.438198046303544
-1.239787199861963
2.308783747191428
1.106619079156575
-0.629642166135818
0.802814730913401
1.557455760602434
2.528660120661247
0.055981259988447
1.709389563926871
13.443786693836490
0.789595703403214
0.169540490677739
-0.106971325123494
0.018270399222624
0.294596033743334
-0.170076305231118
0.038772133689564
0.063638619468582
-0.060834973924893
0.064765814927802
-0.009408609213367
-0.105608928006425

-3.911839878692338
-0.626739796089241
4.617990812516294
0.475895917092336
-2.593694691582764
0.392438373520041
3.127281188080806
-0.322349636293573
-0.581782611024367
1.368823887350592
6.658146856301177
3.380473132691455
-6.872681076180215
-1.129002317199099
-11.509576088908094
-0.449788995346448
0.210834620647005
-0.607597975314215
-1.709544937595524
-2.899089595824569
2.513758459682715
-1.157173234569766
2.027908194465995
-2.791290979473899
4.796920370220836
-0.356662644215911
-1.374781643748606
-1.215648768511064
-0.599446918299222
1.871052483614052
-16.369463321607871
-1.416211809214676
-2.261356338114950
-1.205282011097966
-0.254846760458987
0.454973158053464
1.030646458095206
-1.067112683785950
0.189732624258257
-0.200641840087614
-0.598634997618663
-1.198509890130139
0.635384228059482
1.285289159226368
-0.187709445735300
-0.528705368427770
0.044704397656511
0.523830343250751
-0.421347844006383
1.553475064668856
3.321356999935780
3.233904869421389
-4.055180800007135
-4.721668087859846
1.020267715868412
0.936295730384139
-0.533348250481835
1.648042496741247
1.653903986203713
-0.754521134329285
-0.376066000899814
-2.005903083147596
-1.116947074481341
-0.755820514171183
-1.252734508682423
1.972289125784491
0.951356182149281
-1.190923673942792
16.351784142572480
3.857067640366031
1.742340576818455
0.780780970882664
-0.170615524349864
1.520456822820980
0.134957531688173
-0.515148393881641
3.823980189151318
3.331127873157848
-0.345583943806907
0.112477929383098
-0.032106239322158
0.350651954993467
-0.081050798077202
0.053881442079102
0.464318765015045
-0.643385453932084
0.426848754899157
-0.062675799486293
0.184541898085591

-1.822942834025908
-0.200412970068112
4.341625857880809
0.216515125244673
-2.778032082807384
-2.743001662742449
2.514634089555912
1.299261752153248
-0.073215512001973
-0.998042485928111
3.933665050154517
1.220048732613745
-1.949823006973162
-1.493837940888291
8.361957575847752
-1.705052634690690
-1.453684508366240
2.280491752374235
0.426808929386506
-1.761945723579249
1.205269134384513
0.673476668440476
-0.244761414090401
0.672143883638325
1.520363105793527
1.348522762558576
1.766709317626772
-1.292655572075874
0.590699684297803
-2.417389090518016
-7.153890410221139
-1.385176006504534
0.882777698296221
1.024791683007174
-1.135474765092216
-3.205867028206622
-1.312995674819604
1.407340392281674
-0.085048780579513
-0.349242016774908
0.447469592579107
0.874735528883782
-0.113447145881494
-0.513159064789688
0.584084304978623
-0.673891947475762
0.492606987037697
0.569880499223220
-0.530324304976323
2.407429031495954
-1.161069326088715
-3.351572330547491
-0.486649637072986
5.841945945821286
-0.664431481001710
1.099822413848337
-2.029708620472531
-5.034855007560399
0.172476565828228
-0.256450568853068
0.286490286220382
0.959330691607899
3.570203928342004
-0.639455859620150
-4.996685267289699
-1.085176477683639
0.505472708930955
-0.215071613037258
6.826605697641650
-0.806165004234855
0.759232577084039
2.472838152049762
1.743422562091565
4.026830706949153
-0.047181669083995
-0.705346498814914
-11.579524006478685
0.744141402154414
-0.291775887453306
0.177197951845306
-0.036961306067710
0.477201192088077
-0.107089698120060
-0.111791093042507
0.326354422618527
-0.402198922118710
0.310430580379322
-0.012064250221297
0.051232185742660

-5.965074524928393
1.383987896588599
24.105465710270174
-1.170052977451553
-11.487323681869325
-0.549424094441178
2.606009572979683
-5.820585283923515
-5.466015954331700
-6.132450754689498
33.423230562277965
-11.441983471324582
16.854519871385929
2.739251465687761
54.402078787974077
4.878017903514485
4.013393034274014
-8.550236375083856
0.622886398887562
-24.305046756144460
3.649971299901618
8.804129288520057
4.936108031468285
-8.732177672096487
29.834421772741361
-1.030957633121913
-4.468270681448979
-3.307267510803240
0.005389423175516
1.621219153959427
-23.094969334357451
-17.299923827748664
0.597859517168579
0.477459530418166
-3.933058826525455
5.889576521953260
-5.079661893214134
-2.876181800723679
-1.629433077384975
0.914806261074336
-0.257217057836540
-4.447900403004857
2.047953680877137
-1.465408522704665
0.800621898226530
5.987381141766802
-0.603565711056798
-9.188197199442145
6.818601330675540
-2.507250179945622
-0.341196636104727
-0.401029308640479
-2.861556577096954
15.299437314084823
7.957468277428232
9.592369665275228
-1.307365962623926
-26.239581284020165
-4.112408904376285
8.630003488271624
-6.920087032771427
-10.743802602071096
-14.586841817238421
-8.392669478867273
-3.248174169378813
-6.483494260438556
4.143586042454517
0.818348385738258
26.421578214573877
9.122404472611974
3.423653121599158
-0.775840166762592
18.092223473091806
-15.530300320751985
-8.816158936528275
-11.890511705710187
-87.550551989595249
0.521102397331878
-1.472704574921240
6.683875367541549
10.587321551621859
22.555109693560933
6.355221957526767
4.439396685614116
3.233120582936980
3.048068495077026
1.215989814310227
0.674699236340656
2.254592659260395

0.021402481891895
0.010175390591802
-0.002673982638181
0.001940050263301
-0.000949565974599
0.017430595692678
-0.054698455880133
-0.006629338152657
0.013782714370468
0.004843316310206
0.005581663356133
0.004326288516109
-0.000843119560710
0.037425363618086
0.007037912859938
0.007957039308661
0.006295107551799
-0.002995844443406
0.001374186296392
0.008138626644143
0.000337049222648
0.001243936934944
-0.000802857330078
0.001362141135457
-0.008722656706847
0.002352236611715
0.001837197479637
-0.000295606698913
0.001363994314091
0.000696636822899
-0.003708787424957
0.001428399818876
0.002608377113808
0.001035898585961
0.000325541059302
0.002075399409324
-0.000308689864200
0.000108349885474
-0.000602101767688
-0.000292465108465
0.000318788711968
0.000689647960959
0.001095160697408
-0.000440987754025
0.000332821815299
0.000904361779497
0.001315160936593
-0.001168229028680
-0.001892551013753
-0.051505671028985
-0.004933604806842
-0.004515733990084
0.002446236788644
0.006699980739464
-0.003165054571169
0.003152908511470
0.003041784943025
-0.007570158288639
0.000358967311758
0.000002005607480
-0.000374466000722
-0.000244624643869
-0.001721824317095
-0.000941634039323
-0.002246876270611
0.000194828683940
0.000519196997615
0.000113280591673
0.003604305332852
0.000940250658886
-0.000732601369152
-0.003863609197854
-0.003438302060700
0.000101425589339
-0.000675471518365
-0.002697561707932
-0.009967405974783
-0.007690337665531
-0.000562357023559
0.000023872471657
0.000631640971442
0.001669506463590
0.000339714353940
0.000487539469590
0.000348872421824
0.000332488383994
-0.000277499513265
0.000004075403831
-0.000004685919188


0.091918  0.108128
0.090889  0.095538
0.076750  0.101317
0.072872  0.133981
0.070474  0.101558
0.109414  0.077877
0.112875  0.104088
0.103419  0.062054
0.146072  0.107527
0.185737  0.147550
0.215647  0.120200
0.175153  0.160839
0.173788  0.167444
0.199430  0.225532
0.213566  0.127510
0.321898  0.202508
0.331682  0.249511
0.346673  0.219321
0.260070  0.541623
0.273167  0.447956
0.171683  0.515625
0.132891  0.546684
0.229910  0.509027
0.240837  0.474255
0.267704  0.443529
0.181082  0.359869
0.138003  0.298656
0.165739  0.486218
0.152121  0.434423
0.110599  0.512426
0.046626  0.438432
0.082373  0.479973
0.087955  0.507930
0.091133  0.458201
0.073601  0.467004
0.043089  0.479731
0.045986  0.731959
0.054271  0.707555
0.090916  0.757010
0.176634  0.711471
0.129379  0.797937
0.193799  0.608372
0.224051  0.772569
0.244282  0.616199
0.227303  0.662151
0.323618  0.655237
0.295912  0.651399
0.347431  0.725325
0.335288  0.703482
0.228659  0.227059
0.191536  0.567175
0.161381  0.401144
0.168133  0.550024
0.150285  0.401495
0.121620  0.300001
0.138649  0.419802
0.164992  0.310640
0.140657  0.409020
0.099127  0.336025
0.100782  0.377007
0.050196  0.334134
0.051690  0.459282
0.040902  0.486344
0.072174  0.598992
0.019725  0.464479
0.072628  0.542860
0.067690  0.610805
0.060619  0.532422
0.045630  0.440790
0.066835  0.478819
0.094997  0.432735
0.097888  0.516767
0.073956  0.483284
0.011180  0.461076
0.032568  0.267232
0.058940  0.095549
0.216140  0.126871
0.191877  0.176437
0.000000  0.000000
0.000000  0.159587
0.000000  0.319175
0.000000  0.478762
0.000000  0.638350
0.000000  0.797937
0.069486  0.000000
0.138972  0.000000
0.208458  0.000000
0.277945  0.000000
0.347431  0.000000

0.181843350662878
-0.068756837803175
-0.042627698753610

0.402870215324678
-0.326203579160004
-0.029430893180737

0.766304140492000
-0.227233124211938
0.049939646265161

1.172243224258103
0.039404925400342
0.113130921669612

1.630221464535733
-0.135129365914612
-0.032897601198866

1.988972976475000
-0.113794260229041
-0.014920867256353

2.351416218101207
-0.022203621249838
0.007502654086557

2.702670410319417
-0.042068808417328
0.036208656892711

-1.173486018885371
2.777965184458159
1.024645633153078

-0.000253915485465
0.000514565674349
0.000370829032480


