0.200000

0.600000

0.000000
0.000000

0.650563
0.891545

447.163559
0.603596

112
10

-0.845230417579285
2.177857552793973
-2.559606018293439
0.775737650931661
-1.858836251515524
2.019898671896233
-1.840964638956343
0.894384774147946
0.020855391113847
1.015344410096267
0.767115862731342
-0.415027906013590
1.244702455415580
-0.220636230289007
0.743116691037842
-0.107930323018918
-1.093257461835531
-0.789209043335958
-1.437430525313597
1.290825783528407
1.000301851789741
0.320752714309704
0.879822689347666
0.591525739106245
2.783675703341139
-0.008617923523316
1.435784682181393
-0.060593417298806
-0.033458737454022
0.63006479721121
-0.649110927945156
-0.325751411422391
-1.577980903059919
0.055059856693451
-0.836927094379096
-0.427066389264287
-0.758595050724579
0.091027497201105
0.234453982478946
1.272098553285698
-0.215708320043515
1.404259512334307
0.505008002100983
0.509711925046390
2.408286765961615
0.014501822688548
0.544105837496984
0.980027816429357
0.385589048646728
-1.275254934680312
-0.424030753602575
-0.049020596693454
0.238156326175225
0.558916505894222
-2.898393735810025
-0.796048292056994
0.892229426189552
1.122907746079182
-0.216259891111234
-0.657155159897510
-1.457080130834129
-0.327060568514883
0.199549957316715
-1.629020463469335
0.247502213652822
-4.543782291791417
1.339402890278921
0.927980562544387
-0.082352261491467
-3.167834903969375
-1.775470849804347
-1.266194023176578
0.019511958082744
0.450345649161903
-0.087926488287093
-1.201346338856644
0.496190681799931
-1.644109762341773
-0.062949599656585
1.571522666324188
-0.415044830527185
0.593179512389134
1.461734351296530
-0.474518760233331
0.699533554133649
-1.768573187843396
-1.249630282186673
-0.627181872390273
1.993303565272120
-0.819858796823651
3.567717056774332
-1.697086998829970
0.673925557669198
-0.087010142487453
-0.335303764750379
-0.265553006057025
0.431212554383092
1.826940545407402
-1.370116462991813
0.330050632938808
1.381465766828034
-0.089754502676149
-0.177761498322360
0.078759191968679
-0.716833150356126
1.152013170031552
0.101010157081006
0.250990418062743
0.191233993766580
-0.224407363246117
0.124478984879887
0.024201017004381

-0.368658070100008
0.696922623738559
1.773598863272286
0.044786997877679
-1.198860814145311
0.139499770974565
0.066362230017025
-0.831193248054796
0.001485242290819
1.087048476195753
-0.032826431156501
-0.376030824083129
2.006490687231637
-1.090751261905260
1.283545531948681
0.634076931416517
-1.491722373487123
-3.384693033745490
-0.728223068092728
0.695780509443677
-0.476426926954780
-0.316074383585567
0.280373895182395
-1.124695782543763
1.938643033917905
0.270967369496731
0.645082055189904
-0.968047388803005
0.423199998833754
1.291127065529550
-0.544245569371783
0.141675143201907
-1.635443343507924
-0.863143781720954
-0.238352935264000
-0.402915082193678
3.344891730946784
-0.136237631779760
1.329747912280716
-0.444627635062605
0.093650165376872
0.786131532040008
-0.134073020552118
-3.217409674309304
1.333812634303267
1.328611184355149
0.404290835110282
0.811615364070877
0.233889178347287
-0.607640785454988
-0.576739870215093
0.312949210996737
-0.627003589089828
0.379143021286378
-2.797589413785849
0.166336964592147
0.027181042224571
1.039590711255937
1.346137016674421
0.979768221585374
-0.646208410518696
-0.793822852612428
0.976927201623534
1.289335602992725
-0.705575037363921
-2.550883795795218
-2.513265757927571
0.719750010817675
-1.529953501552243
-0.283720501908252
-2.147627112051707
0.209195127671668
0.392467888281443
0.229513706473540
-0.261328848297414
-1.563673252011169
0.726549210773317
1.344058234308148
0.997873768564725
-0.875367768518741
-0.877425007395330
-2.623796346692988
-0.662426700135862
0.361662979796699
-0.097745223841810
-1.254636367409388
0.967654575894768
1.041261196973748
-0.096394614138485
0.011452105646045
3.230972847681618
0.046041953723897
0.798732119432789
0.423051731779970
-0.285547323985968
0.171241250150296
-0.221483909640895
-0.275234165144182
0.107392453991049
1.838799856414950
0.850602166108289
-0.128671146966096
-0.093166544191656
-0.175214285688314
-0.545145129406969
1.195054507710865
0.203575770546152
0.111546456365089
0.155280633177725
-0.118987780736390
-0.048320228955186
0.250841042516077

-0.584925655536358
0.722571708004587
0.711431751446693
1.533280867347520
-1.725526648205854
1.485782770116017
0.126929081639329
-1.017154081580225
1.000725681854042
1.423448750397844
0.000000000000000
-0.933992190720597
-0.316617168318396
-1.088749334029591
0.409220452066183
-1.369163909984427
0.717109017877010
-0.595627018026975
0.232562314044469
-0.773704723925111
-1.787590117154942
-1.652426710517955
0.544172453069377
0.242668362483243
1.925833118224306
-0.823853460795377
-0.661141209334354
-0.508838805291302
-0.267056101141606
-1.823083862332584
-1.127105760691419
-0.020150057197437
-0.209103791589498
1.443234048303840
-0.517195519078416
-0.457384232876640
5.660229942211329
0.688142268949294
8.410292874043881
-1.372285545841051
-0.618246908193440
1.531651028282590
0.386789234918928
-4.830007273826666
-1.133696154020854
2.841214191132385
0.685002803798988
0.260580227437885
1.108578951812018
-0.315443203289658
-0.713022513624861
0.007463677098918
-0.046176330096327
0.263084806210666
-0.548652236381473
-0.889568460511653
2.620481314228619
2.794746966827975
2.697198911992663
0.361995950146378
2.353552575338117
0.671668220138960
-1.509777199724862
-2.369902838629509
-0.646738959566203
-6.924438751983188
-12.105876140515733
1.583457267193373
1.331987268288539
-0.467198839842467
-4.131607536424363
-3.587909671859198
1.690005757120209
0.846941664120978
0.973903152229400
-1.862457929737028
-0.081135394131754
-1.100285571950270
1.214344345037280
0.493924625426795
-0.045271691807233
-0.595907682215938
-2.041246787345788
-0.306531249907814
1.089504740750981
-4.197630828174148
1.415431323975612
-0.203383164312898
2.796752334961928
2.753977446800435
6.669512503407298
-1.711557550182199
-0.239172547716702
-0.372569371445280
-0.458181940606089
-1.316830774688571
0.416825330416563
1.967256565998449
-0.349359551124842
2.587574846522979
0.898232637638667
-0.063985267357101
0.060052683740760
0.369747109035818
-0.689526964688050
0.765915953866957
0.146659632544516
0.086903054147224
-0.198261954704737
0.137242160341875
0.354432959309710
-0.207995055105371

-0.848558185190290
0.071706541479344
-4.760767339532340
-2.666729340862081
1.464150242085387
2.041756345215645
-3.070199022557449
4.093397942289424
1.258540847402376
-1.554739442463572
1.054508628221940
-0.992937920336527
-0.230249168489098
-0.047568386544107
-2.132217658059425
0.318522115553059
2.300822041825520
0.482977077285138
-0.409454265906810
-0.238320311158240
1.395223568217146
0.390468986370121
0.008529642851044
1.275161706194095
2.020961202219040
-0.353118804364528
-3.148995986894609
-0.781644594834616
-0.023633088703786
0.482065925628804
2.686826407090305
-2.551172819901562
-1.087224788006458
3.988503668494223
-4.350190623222165
-0.974413935033753
10.485877043394257
-3.361209245170146
9.982097691335861
3.271416181381543
-2.123993025707544
0.181990469799400
1.395457509460961
-7.951468271704429
-2.953715524129561
4.072133334507121
1.614108587747972
0.846146381069353
-2.009170974635074
-0.547880483938331
-0.927927982002769
0.401959348058230
-0.339202237510641
0.532906358030392
1.324180078756231
-0.090680062985522
2.660749696126668
0.950635446554900
-1.064787839786503
0.624350100805283
-2.156724201140156
-0.208558769259394
1.638768184707679
-1.165821340128895
-0.175577107015163
-8.691998616727179
-12.858116574729300
2.511090354220073
3.706704099100554
-1.038466348445917
-5.128746055354643
-5.270491637580492
2.463938682607487
0.955551409432895
1.807783792197997
-2.470195446635535
-0.405244711281784
0.544902222296367
1.130171143869126
2.221872310274114
0.264883162983156
-2.732826010543162
-2.970421440182209
-2.432670514549188
2.755148681113586
-3.366028790186603
-1.309865201843279
-2.709181389423001
5.385471057251917
4.216798060059396
7.023610342802363
-5.375030686012980
4.684051640938837
2.350845060757480
-0.830272541968071
-2.096189814321277
1.042235060583224
5.315604267625641
-2.304846903739442
-0.022497185634942
2.611587911343673
-0.224156297456187
0.186915789263391
0.717919751710881
-0.264962942877250
0.341686505389881
0.092898301495764
0.323070260910736
-0.223666176414064
0.000000000000000
0.231364768711215
-0.178321805231954

-2.405034110923602
-1.045860294652841
-3.327439692664012
-0.669187896346168
1.119169227553331
3.814370142472122
-1.916662860758354
2.094608121675210
0.393770511075744
-0.142227596190147
1.680905881775905
-0.840498562601799
-1.518210229795254
2.058706815258001
1.687985879541679
0.000000000000000
-0.710240624419791
-0.123446151180239
-0.310909810764283
-0.020292214295253
-1.961540874508619
-3.522995517866097
-0.308177337207041
1.752625682639134
-0.546172706549665
-0.572779666107232
0.575200111448156
-0.391282472160976
-0.609044999799832
1.053182980202560
1.098760147835644
-1.547977721483467
1.144585688507126
0.000000000000000
-0.153876421702709
-0.000000000000000
13.801049392930492
-2.181032336269217
0.000000000000000
2.450613186404185
-1.111875284831749
0.652711694070386
1.399444658240617
-11.696544178545278
-2.888468802243377
3.231974728954316
0.953019520733468
0.979530881645614
-0.516142384630881
-0.195936925210408
-1.208072693937312
-0.455694524635094
0.272449930238181
0.293590440215274
-0.583681328415623
-0.155714270133210
1.823463869257135
-0.547112168205987
3.313696239701314
1.370946713498304
4.439033563643482
-1.596557732474355
-0.301642976141750
-4.250390686694531
0.187780998444992
-5.424857560440024
-2.991801749494310
2.274163861910037
0.337056168790084
0.133060414544369
-3.010693069720025
-2.433280649028029
1.810701006439748
1.313772953806830
1.632548513053053
-1.740191384038194
-0.821567592428797
0.183391919668403
3.114597026691770
1.554936283553406
0.327146824401340
-1.533240300787643
-2.436340516519406
-2.329059883690175
1.214376395461956
-1.561413954153942
-1.136022269552959
-3.267215319131579
5.104529625846188
2.854714539938811
2.643235376740513
-2.295190676144046
2.113990788244350
0.656685825960224
-0.160178073362232
-1.898787405233671
1.317605378275127
2.200097247680742
-1.349384099178474
-1.194468261699506
0.945536838602567
-0.212006482182047
0.019527743669196
0.766671363789276
0.018483617009880
-0.287929860069161
-0.053684842320662
0.454474853780727
-0.018395303525438
-0.084020026611872
0.007859843598685
-0.069902917987228

0.131817851679401
-2.115333742045683
2.105639674311426
2.351004368797973
1.922373786222023
-0.791685572172891
-0.312949597816221
-2.046004168434545
-1.706149790170392
0.781862568937435
-0.973347077401557
2.066264342375977
-1.085690040731266
-0.422568768308899
-2.427573015160474
-0.163069601859844
1.766467810261755
-0.248775435706593
-0.339681319390648
0.051290678594780
-3.145724530759268
0.615891419242880
0.560349790945100
-0.688740745153286
0.504877232088630
-2.855023368103880
-1.265646603053028
-1.414732416618473
-1.361092882083943
0.805589166869879
1.105063547771116
-0.941480856910619
-1.535251242230942
-0.706003804860860
-1.958837564075863
-0.977615357308954
4.437135716019244
-1.204990435111809
1.829241618783972
-0.925514944933788
-0.557443251078708
-0.482765003351303
0.754232995589309
-3.035292722516047
-1.548013172897812
0.484949032246594
2.195385265785106
0.317575984947207
0.053196438170640
-0.721177190260805
-1.844917764300627
0.687519365738040
-0.713132131171557
0.358023024044979
3.271465190312744
0.418112272475240
3.358597175135916
0.590301478601377
1.549597626771926
1.338567972231622
-3.724560303384965
-0.562688517643324
5.839910669200179
-0.766761894671295
-0.694077683574532
-1.738258804823568
-3.312036120921368
0.261619526861644
-0.178338939790181
0.051562451484290
-0.788289131898900
-0.931191484124268
0.911592584757329
1.683228640413533
0.233514461168831
-0.512535555498681
-0.763132309219606
-1.229817318188348
2.795978612443713
0.843891117984949
0.402059106269970
1.037930605144039
-1.094046007996230
-1.837812621429346
0.749208238985985
-0.971484775698793
2.416469687404791
-1.262592537178767
1.823356564806153
0.757108195276379
1.020219386592622
1.387293123018568
1.379023080880030
0.697076572135242
-0.063251594800171
-1.724827312906413
0.201726234366070
0.504122803143456
-1.034081101874229
0.240844761436785
1.825217321891516
0.017801783077949
0.145620333534849
0.404671326149573
0.062021704430864
-0.273891204024668
-0.069308402000051
0.085558295127850
-0.282602333346599
0.169048648561034
0.217926248777330
-0.246185420120846

-1.312628169150718
0.353603855080986
-3.324048651276467
0.031056380771200
-0.854115516695252
3.082939505199630
-0.613391389600943
1.363543927852638
-1.610628488509440
-0.892526848687428
0.915620309066493
2.775998562474280
2.399736601905083
-0.853168667266956
0.382922980618820
0.451100442252099
0.223209815069175
-0.843141813223812
-0.917874840131772
0.443365363145591
2.252290229940313
-2.417493248413011
0.426151111863732
1.114385722920716
-0.397037131196514
0.439126171335904
-2.022304577121105
-1.279825172485174
-1.331248084411184
-3.094606486346466
-0.555820608010429
-1.362493568239325
2.383876073234748
4.956464782466471
1.099426070246620
-1.187562332890918
-1.438896816306913
-1.305528657826477
10.715515482005982
1.395936163326654
-1.074500138989887
0.443921663026330
0.072916080253300
2.381614834635934
-4.595832985312182
2.099872277171536
0.261835633254036
0.872484434441304
-1.189774114743401
-0.498054059371172
0.351108454010162
0.038536587974588
-0.043437015519976
0.432439551183094
-1.433139175769848
0.700223176366162
1.242116057185707
1.775531889194394
-1.234035374555494
1.817503326245381
0.870430726948914
-0.314695427653106
-0.706202758699015
-0.862074499863223
0.227467977890165
-5.592499443076667
-13.437640579066498
3.798742078646807
0.625490507691551
0.635577117749794
-4.468280025630665
-4.352385435112830
2.276298528199079
1.341702418678972
0.726677924068097
-1.123568690753404
-0.831581083045791
-0.069114329791402
3.609653185708321
2.861252058729492
0.654384126610839
-1.610998125739074
-2.710742522463406
-1.980248220218160
0.755795588867925
0.937121886229116
-2.408302740746457
-1.987588393602298
7.076459125710756
4.803116568151868
-0.851154421338578
-5.519416749704885
0.607482493335881
0.966306238699619
-0.944101155914706
-1.585998786616427
1.424381861246241
7.861285187795851
-2.198231639874604
-3.685075464217557
2.756575864932848
-0.157087001924188
0.171306557281889
0.836393762275605
-0.097309643777037
-0.399595014786675
0.074279515402634
0.131747799483227
-0.025625216888596
-0.050228340127542
0.251964154175887
-0.325407138694754

-2.360047553990929
-0.075930999123446
-9.595317329094399
-0.289364607785251
0.664925758322772
5.499750056341316
-5.100127535175562
4.248009448441721
-1.933287456117408
-1.769748083223571
2.343929085145989
1.234759861258717
-0.971781381932981
5.284407671112255
2.141761310770443
3.265671409865878
0.394553511518458
-3.129600365751892
-1.000430529170159
0.506728876807171
6.256542473520113
1.043754995063879
-1.065258802928253
5.850015967140452
3.829687918330916
2.337137919348024
-0.377420239239216
0.434620373966678
-1.731970445922798
-3.470052970308950
2.710452890290880
-1.792579087784768
3.088433751138259
13.046492383958151
-5.714049311805135
0.303168131522888
-13.747124388014891
-0.445848039696058
16.441402560718132
8.106411647907617
-2.149026704262880
-0.759907332201930
3.774307758695237
14.154615209180703
-3.677724278872021
3.960727313792583
0.692785493588098
1.095964993710186
-1.748592785066628
-0.870394387056858
-0.438595691577284
-0.632451783288750
0.438221802972379
0.588821358510304
-1.537514980131666
-0.373383456908249
0.041880988743078
-3.688879742807309
-1.313231316357477
0.661612144185167
-11.988453786735503
-1.663529108916200
8.065342731988563
-3.462789859425737
1.036445991370840
-6.292336456026476
-20.392262706491167
4.758190458198804
-0.271499837968568
-1.765607586999668
-4.942114182269692
-5.886765994611229
4.157241030487134
-0.790589459577235
3.620527732436776
-3.495029436316917
-0.798335618162818
-1.505432200743867
5.625256601722714
7.303163825904854
1.917890131154662
-1.130067131263646
-2.796193792876004
-5.440943178913842
2.793414212856275
0.781375039440192
-1.913683946611435
-6.251763865843811
8.301090580120626
6.269847083397680
-0.882423216371450
-17.348779154452192
-1.213385510598908
1.945082940801749
-1.046296427026717
-2.214930611342453
2.084303473637027
10.381510794224491
-4.389889721446031
-6.448999255527409
1.972600349157083
-0.155631377554633
-0.096003406713199
1.538747058565156
-0.158906689769550
-0.628198417402735
-0.116236412825417
0.327937781545830
0.203666190651496
-0.142801552238317
-0.017509573760518
-0.118157967408313

-3.395968557253219
-1.695525926914377
3.919598097026554
3.507894720233989
1.349135901065100
1.440240061476105
1.175906870268055
-6.786390582750133
-0.861466939751696
0.098725067721551
3.008317549923101
0.460602596972816
1.066028166756375
2.761391624442831
5.918235935795561
1.722009081227220
-5.428193499620451
-3.164214349549529
1.856217370148909
-4.355843440814551
7.404874287731792
-0.075190248646803
-1.203290129269280
-4.160766343479058
1.641977960411542
-1.098943159414786
2.305289712683761
-5.207194932307368
-0.734619017862961
-2.614280033393021
1.553707452569125
1.930999198571992
2.611549511574244
8.248378300326539
-0.596323467855028
-0.868601895881614
-8.474713057796262
-0.297309802367695
-12.356260824034250
-2.227885374658821
-4.312975531247412
-6.160548652911327
1.656229841857824
12.085596226070143
-2.631912164037157
-1.870182884149463
-1.680962354331843
-0.153806705931380
1.063915361384691
1.510488077470461
0.266451502405477
-1.796461442893296
1.792774889789938
-0.255403709102260
-1.259309233208297
-0.182690560869829
-2.658216339867935
-2.162770740373365
1.218643193151860
1.047002068291593
-17.930026344658188
-6.338027446393972
12.005049985151329
0.172935374799681
1.356942037654505
0.781506750876189
12.116344954085418
3.806821172922896
-2.182066184712731
3.326333867328161
0.403164319223193
-1.126914860989061
-3.856587507954816
-1.039383936246610
-0.026408731788984
0.275212921254186
-9.520954633973352
-3.368009835823300
3.554673153811199
-1.931240677178563
-0.030846944280121
1.039617647248892
-4.346178240392254
-5.212995360268735
1.248876678757993
5.740288873837374
-2.408175892729664
-6.154267163232953
4.471076749132005
-0.031302814227150
-1.810747690323176
-3.559984503788350
0.474896563475948
-0.593802192810729
-0.310688348044683
0.771658650503122
0.940511374676300
5.391182984321500
-5.898410665151908
-2.268427192262302
3.565821234858005
-1.908364285668506
3.166787654141845
3.627673477576427
5.215908051226882
7.954676010312095
4.766332678887225
1.441461210329176
3.014990054289374
4.543278534113846
1.813701384576146
0.972128314677506

0.797670128377497
2.830133806484179
1.368862074161304
7.939783413172888
-8.169458832823088
2.953971416579571
-2.516171728450602
-3.746169197437428
4.192455479941061
5.815383672695943
-4.243115408481818
-12.507096992078633
5.466562379143778
-3.283023109030481
17.497114081679690
3.244824991974701
-23.049671191074378
-35.711468609919550
-16.823787680721896
5.785079543117024
-3.768905952451468
15.528939274409588
7.010813333543631
4.083261326383497
14.935927352009269
-2.354233181992285
16.268891027415346
-0.533953603008355
2.327801099129847
-11.558936551274371
2.936506599118308
4.022321853560062
-3.735128188174983
10.244038958220601
-9.556249038921283
-4.275292134320686
14.762836642124036
13.867113445411572
-0.710388832175880
2.579698232974643
0.929514551184691
3.886477188760452
1.700241345117539
-13.064353725745530
3.700564542619817
1.269822781551159
1.363174694627818
3.187057198065990
1.027267812108605
-2.029594121485891
0.396812169505567
7.066615223822717
-8.563579300623326
9.529871880802389
-2.881770713202212
-8.670751615312087
1.396556180015504
15.874763390579366
10.326484227166084
-7.141720095275904
-21.768989731117166
-7.281592143332641
6.854694437234215
-2.003082476481884
-9.492610409553572
0.391706583041043
9.975802191376555
-2.405906367410148
-8.506380924808028
-4.422264541431248
-0.548148976736408
1.510307213401770
-0.479393410403683
1.140414042923693
0.845100731094616
-1.722300481361023
-0.217633880617415
-0.555232741802326
5.479562476908480
-4.872070615203793
-0.660358688107024
0.340736653443601
3.806153062873925
3.745098148320840
-1.570046905252154
1.136288936008560
0.249480411750823
3.736191584249822
-5.039659262079478
-4.396709607531299
-2.964961239667283
-9.825512729323409
-9.941659494509249
-2.163627235742046
-0.333151371759513
0.401917766703213
-0.436954407922230
-3.992416929588083
1.234947823806097
4.067980917459056
8.451808325975168
-1.731297136683085
-0.528848427871713
-0.479465925599104
-0.325566833499180
-0.406793735408114
0.981188361435305
-0.151826669041180
1.423249622428036
7.149378295503759
4.164459865652707
2.917602339059208


0.105508  0.172780
0.141974  0.201000
0.148817  0.171967
0.169379  0.175166
0.140183  0.192798
0.127252  0.179031
0.173004  0.211417
0.157810  0.157422
0.203486  0.179160
0.257335  0.198923
0.276256  0.165554
0.210787  0.164979
0.318399  0.184300
0.371618  0.257376
0.360956  0.205691
0.410078  0.205835
0.347807  0.204165
0.378710  0.201936
0.554389  0.173699
0.511779  0.150995
0.385885  0.107911
0.360515  0.115909
0.313833  0.122654
0.268643  0.345622
0.258769  0.295753
0.284449  0.233461
0.334268  0.213439
0.289891  0.097994
0.228554  0.144723
0.229986  0.311365
0.273202  0.256497
0.294117  0.357178
0.225229  0.321992
0.246840  0.322441
0.258926  0.278967
0.246353  0.527323
0.134091  0.447938
0.250427  0.402954
0.205395  0.305371
0.167153  0.196834
0.088473  0.261071
0.152661  0.323896
0.141557  0.415882
0.136655  0.451306
0.112307  0.496962
0.136976  0.592752
0.276310  0.701289
0.319545  0.720061
0.369841  0.781816
0.344304  0.689246
0.302025  0.773877
0.569219  0.580745
0.650563  0.590634
0.600281  0.315384
0.291118  0.197976
0.321521  0.420169
0.332002  0.250180
0.395089  0.239870
0.380132  0.139027
0.311075  0.098735
0.388098  0.095043
0.403796  0.063682
0.393161  0.089845
0.362367  0.235001
0.219493  0.460583
0.159564  0.364251
0.198523  0.303991
0.122521  0.552311
0.117735  0.519638
0.095725  0.484144
0.162485  0.583234
0.158776  0.633661
0.084921  0.661177
0.106125  0.776448
0.104918  0.743382
0.120079  0.698133
0.024618  0.791255
0.061764  0.579384
0.122546  0.511422
0.095804  0.439089
0.173911  0.839615
0.085023  0.592149
0.088980  0.542762
0.084222  0.451171
0.118629  0.294359
0.150024  0.333683
0.188101  0.319225
0.161754  0.402200
0.175383  0.375072
0.192736  0.288314
0.161547  0.349514
0.256300  0.325033
0.263840  0.381479
0.356227  0.813488
0.279226  0.891545
0.184400  0.738070
0.227296  0.633238
0.170218  0.618640
0.177852  0.513278
0.180258  0.612442
0.217954  0.505745
0.000000  0.000000
0.000000  0.178309
0.000000  0.356618
0.000000  0.534927
0.000000  0.713236
0.000000  0.891545
0.130113  0.000000
0.260225  0.000000
0.390338  0.000000
0.520451  0.000000
0.650563  0.000000

0.416251590045413
0.297643992769930
-0.176897758629300

0.624261489309874
0.348510061840377
-0.125884640097596

0.973154834430105
0.077895837493982
-0.020261992615982

1.288855408107660
-0.011885644789809
0.011044620232828

1.647537571462024
-0.118489699331380
0.013281774267994

1.919470288389501
-0.087660912793850
0.092347387755587

2.329059216976474
-0.131427168352503
0.161967531759517

2.685912306442452
-0.133600707684483
0.046707997616054

-1.331993889178938
1.454933865541291
1.011298192122535

-0.950270630175568
1.679295435265531
1.665825411210402


