0.400000

0.600000

0.000000
0.000000

0.298375
0.850892

541.818574
0.687071

79
10

0.786718665489392
-2.373673469144522
1.568599206427888
0.955756644985839
-1.100923574503726
0.626109728945697
0.392613843680447
0.254009474784559
-0.513292697868049
0.065243262101396
0.404115053078099
-0.376619939465726
0.794835315343269
-0.351173175126107
-0.244816059740608
5.394145987268198
-0.241752269296112
-6.223304947690325
-0.724616847693870
-0.252766067945100
-0.005056008804573
-0.144841859631320
0.704158400445825
0.212111784833677
0.063213089004848
0.443321202672030
-0.702997946653535
0.853773878988017
-0.030702050903713
-0.720330686361161
-2.216693208434334
1.858883711237836
2.522503821924539
-0.342083501673249
4.333629512243075
-0.351134969064825
-5.187819971340916
-0.594655028025261
5.876434617358207
-2.319990151661675
0.900975603057720
0.368450310519582
1.256233215005646
-0.983398926312235
-0.174966264097120
-0.329041347123803
-0.750145109354231
-0.308340280784748
0.244439055734220
-1.231377773396081
0.957476271124142
-0.486826773234058
0.482864805809527
1.763107198656657
0.197863001189033
4.580973490061130
0.051699896791516
-0.352507235347309
-3.734537637345977
-0.052288689864935
-2.062446834709600
1.227575769566915
0.138879137190564
0.681842371114557
-0.395831193564467
-4.356193859298626
-1.993603444577331
0.820671956780715
-0.446927964418042
0.129457659461544
-0.294484815999963
0.101597712069860
0.207412748476469
0.025611118312922
0.823998502188286
-0.332860849084611
0.233212684720457
0.256682064513456
-0.256178336095106

0.078866120047336
0.526410314822293
-3.171092826592802
-2.153832993776584
3.269862908934783
-0.451388000790541
1.497427038456154
-2.735361809773492
2.807325593275837
-1.765207813431709
-0.745386991072125
2.300548558785632
0.594137770819322
0.170692124507520
-0.737696956377824
10.028393327021062
-1.073701170245254
-8.418820912958204
-0.741792583353868
1.588789649610431
-0.533334251082895
1.918825395514128
0.776007969838304
0.308805430293885
1.456896869016232
-1.855541144842726
-1.376231723473370
-6.885902637487515
5.259531935501432
0.087938547317654
3.179097748226049
1.728497101196012
-3.228785364930488
1.760280614818127
2.043950672177730
-1.053163099083238
-3.681109292356165
0.426504197401756
-0.562255006031999
-0.076190461860857
-2.272840274045367
-0.493665791672320
-4.814303933621009
0.620472658333747
1.275243205512504
-1.276269218762282
5.474711568219226
-0.704689995448013
0.457888140530977
-1.321446786746911
0.687397500244656
-0.391304080508683
1.522384283911182
2.220306759441994
1.120072891466451
13.222070339761608
0.196317692584248
-0.727993489126686
-10.833207801821750
-0.601245380080534
-4.189856609449531
3.727393218927079
1.034187121436047
1.166146593393441
-2.384710974485309
-0.800736199405465
-1.807003614945367
-1.523204607483725
0.373647887069492
0.155861358885742
-0.124638870901578
0.151164575869440
0.736531316462257
0.171130989117897
-1.210925063459926
0.375474990788829
0.305936849249116
0.130982609052052
-0.209274703279111

-1.070832176088364
1.478295360601349
-2.500424166239971
-0.743648508343124
1.437485428437483
2.103831043598182
-1.600746317615260
2.843607981561010
-1.322369811872819
-4.886594115257085
-2.825924083020746
5.252427889000632
-1.428755158546548
-0.439757201630901
-0.618081449079426
-3.810648026024019
-0.864631073863141
9.498732143595797
1.633900663593228
1.730566455271837
-0.914554690143300
0.753622088186000
-0.700825137517029
-0.808996591403501
1.934348251935866
-3.243650024522903
1.069537871373785
-5.595435670551529
3.549947632657505
2.035623427882743
4.694884701674924
0.233826263976650
-4.877214715083131
-0.238302176130527
-0.203410415927829
0.055583442713756
-0.544941740776349
-1.434648640798321
-11.996132912977833
-1.335126476045895
-1.622330918213042
0.536172647200713
-3.523363292657626
-0.132269551101249
-1.476228573322593
-1.549625867247443
3.650098316908933
2.874287160667656
-0.215690078897914
2.401316811352935
-1.965805920646335
1.429116061158682
-0.315304225691286
1.858272112216780
1.334509643044274
-0.609865972393267
-0.202549082905531
1.155023688385033
1.671977799630769
-2.377874311511834
1.591469237069229
5.921580557881413
1.102137538480533
-1.992164166630659
-2.810559456153984
10.909624081070470
-2.621563908493127
-2.566783413085668
0.659454063632564
0.080693499309965
-0.117922124173025
0.746145992838806
1.107851590592405
0.014244857216868
-2.075206678240428
1.647532128496749
-0.332050010927050
-0.972850818160396
0.487931177540126

-0.952075753303643
0.510131702910735
0.197362200635055
3.135914271735610
-2.111783084474795
-1.490703314233649
3.742278256484894
-1.629577689813563
-3.305956296744293
0.886810800480631
-1.951240717679056
0.486837123813820
-0.526241614000987
1.249669869343418
3.946167388598260
-12.626602077937173
1.291539112638828
10.640486332661744
-1.263301221139672
-1.218344181513754
1.045264871328679
0.903212444211594
0.886283785190980
-1.597874352459969
4.601700859320629
-3.353452597681009
-1.864733583973660
0.424798048808758
-0.494308129602850
0.158235194228519
2.684399057384957
3.526187989819181
-3.476160082263498
-0.287647624571025
-2.436757616212563
0.160480157916133
0.035753348746169
-1.305448876525502
10.920081457870044
-2.752369344679337
-2.529093831883300
1.221509296860190
-0.778526383285546
-4.345229777935229
0.371529469339256
0.046528036555918
0.670840618772674
0.643615237942940
-0.605283120840825
5.946371338575943
-0.570543060308455
0.890274647138754
-0.123924970074820
1.896589885748987
-0.575394990566415
-3.542517064774000
-0.461464175796900
0.251189235887763
5.220156233287595
0.021720521290800
0.559997371790113
2.298822820855362
0.631996889671380
-0.774767225431909
-1.648676246139957
-10.069368310729290
-1.235112386101934
-1.394436318694049
0.231551098114877
0.335844332646772
-0.115478600195300
0.558067360028167
0.387308620956231
0.105944577776762
-0.553140938702397
0.144793277434414
0.512254777285635
-0.516989598564957
0.104025287706159

-1.915628504906055
3.203725305081279
-1.667120659319639
-1.918564180845949
0.870733578162643
3.029459084038886
-2.448048298224144
1.075245207471245
-0.099112414399124
0.451095813990043
-2.427715672351886
-0.936022364174832
0.852209914876478
0.641314348184521
2.594009980576558
6.130175008571384
-0.481724648829677
-6.301605794264853
-1.865739570601578
-1.442433938261022
1.147469802674407
-2.968430866573218
1.996059998657794
6.143132447565457
-6.024747879602075
2.590277270373467
-0.710359644074558
1.741800052175734
-1.853958176873913
1.821224467662107
1.316282392540047
-2.651240872861802
-2.254693913564004
0.573168329513462
-4.518879364751600
-0.000014314278739
5.390529258980140
0.443043366240948
-13.353061693739180
-1.568520308077418
-0.682109231854976
-0.351038534506188
-0.488407903680504
1.997057660505190
0.047433718875678
0.788084724129358
0.578139525773060
-0.337346297350961
-1.003203015797821
-2.399834916049959
0.377754611166410
1.133457183642667
0.242934473701095
0.858728522753628
0.488841862935299
-4.467710273181487
1.171843437887763
-0.501787680115132
9.913222506954551
-1.122575503774288
-1.232718489498551
-2.664775840063150
0.794853078510317
-3.745273688188226
-0.521609960627437
14.324921598168476
4.107254873936494
-2.344710013459616
0.660704998672109
0.017205523116104
0.412247152067590
0.108859403440378
-0.695676834005771
0.407396307914560
-0.662431801528740
-0.507065942193971
0.918714222791405
-0.749881998521172
0.525169985699216

1.034308038266909
-1.099228329195858
-1.989047413414871
0.289238159950136
1.666241310051392
0.929500029216218
-3.037373709319896
4.482005471615263
-2.246627187072458
-3.234781877938012
0.259236641274485
3.216506631896341
-0.572040941726327
-0.277683221152676
2.064768250485783
-2.724339109367968
-1.293546833460221
2.329018976041473
-1.084154222216137
2.415031322852751
-1.944037562825028
-0.990833273306695
1.429829577552475
-7.196197165629196
7.327955640822568
1.452644015283498
-0.134027095974087
-3.198268103263652
3.850807296796383
0.809976853079289
0.395883931491046
0.026016944652989
-1.676589573022967
-0.273089723995771
1.510585152468556
0.237697971702875
-1.838375704128467
-1.200880255227392
-13.137302428063467
-1.349435069910487
2.314435314387718
1.735888438058173
-1.998273631521813
0.335999802855897
-3.393258241886809
-1.427051335543559
2.416834210383811
0.921334837008769
0.437742540167006
-0.871233937692343
-0.971260791817759
0.283324115524448
1.487687256474701
0.698105243226889
-0.111145096932314
3.615820516326746
-0.518982530477287
0.425106198346487
-3.621801266517222
-0.304999059443379
-0.972773179755592
0.125917607288643
0.301848734446843
0.598344741988777
0.169457557263258
12.828522677540837
-1.086826527739249
1.060375122990392
0.054469537989897
0.083079555315143
-0.365978849453667
0.905223983795496
0.134594277662915
0.073735137068536
-0.984075866962055
1.277032626049454
-0.900791965700052
-0.493041808783615
0.507220642682702

0.778321394514024
0.994604498099817
-3.404386645878659
-0.577689707998541
2.540658407838440
-3.539349941858552
2.812622856196199
-1.907572411073678
1.534250643652288
3.959305424772616
0.540632648509095
-0.159940111364497
-0.333245315006063
-3.159496384315293
-3.332283000886291
10.726375144421626
0.629809333647809
-8.290723543414700
2.176591233166638
0.798483211548297
-0.892262345491457
2.654502177359308
-2.185800682948242
3.787735470680475
-5.819339169349763
-1.860648300572636
1.954178101280986
2.669925210754275
-1.743975558751316
1.662652286326044
0.554205124066478
0.751814611949290
-2.559812673088401
-0.554195680880264
-0.951434828047781
0.155186250197477
0.689666601957568
-1.219893125209131
0.615975907104125
-0.477261319427606
-3.045814190810512
0.267756195021250
-4.257433766704603
-1.523839286312614
4.051650645585314
-0.244921178522223
4.209560271052113
-2.252225097341349
-2.137608085524766
3.633951147298356
0.367887335796290
2.281157730696767
-0.410591864787244
-0.874736239835804
-0.088089496891067
2.036472043251606
-0.293413890434259
-0.028537402631560
1.325763702254251
0.125103850331612
0.181034758808698
4.313307924948108
0.970607170706492
-2.796082079593748
-1.803445221529628
0.361592494547081
-2.690737036993059
-1.662416724808701
0.391866154298221
-0.357253649999985
0.141300532178505
-0.170641863027787
0.617522887604726
-0.128458616999138
-1.043194470502064
0.517870140045928
-0.036843707398719
0.208876166883694
-0.175183070941044

0.223323338083835
0.686867474119233
-0.782218192795376
0.271610022535541
-0.288876370304063
-3.775559322802063
1.650936525941263
0.958294430355076
2.689769829874513
-1.755675569193102
0.480001778060931
1.880364925141222
-1.326560905418245
-1.210805596023119
-2.274385986794661
-3.127188190864183
1.508770773146760
5.513384331728509
-0.281646357498628
1.017721196719188
-0.412388887941171
-2.900883802098107
-0.146870889905389
3.585080581571769
-3.596783622790787
1.901993961379100
0.793848270338279
-1.342018470558125
1.633926740449909
0.673187904464191
-0.813242362379055
0.167183724267828
-0.957697016203990
0.153046475026673
-2.948569875689615
0.242640170165727
2.571592275459654
-0.388316662393138
24.035797400557019
-0.130142505377626
-0.864179708688504
0.725847470016467
0.428331697793946
0.628430307900022
-0.987270367636202
-0.096282824082599
-0.934972092769777
0.029837467358551
-2.928405975322349
2.092277399472800
-1.390445572311994
3.874321043347702
-0.250302246919639
0.277702007770910
0.934658361785749
3.450959613230603
-0.358440358836058
0.502542962329958
-1.567590840833790
-0.759168156190387
-2.067066566149385
-1.565594068416707
0.166973306651190
-1.475247025778951
1.398115044782485
-23.780042218411037
0.425078860319939
0.471846845047931
0.182740274054854
-0.000105815165583
0.110977106538769
0.167130833754928
-0.320751712424071
-0.028360387895846
-0.932364113760395
0.725571920197397
-0.446416782185979
0.086685351254533
-0.106532579982348

-5.760316412385992
0.098203717807131
-4.030945333936059
-5.760405566150109
-1.083837343084694
8.490838568748815
-16.025529847116839
7.132526800695061
7.692535044181949
-7.176941427743063
-2.553481163908156
-10.239815901288539
-10.421352068899917
2.973678283967399
-4.436968223116575
48.516835958562531
-1.658591666810122
-43.164839130580255
-7.268073900488085
-2.249929442474727
3.814183303850019
7.351918791535419
2.585941599123581
28.781246712870434
-32.645366240699381
-2.862142782954892
6.284389910805992
-8.773238973384565
10.206667416034163
0.828411641808929
2.993641574459772
7.828305303113771
-8.911959248799592
0.838021257763289
-2.864981806595413
-4.805169333878821
-7.494512596614902
-4.854501042406482
53.040245066208072
-5.201409936256582
10.067836943318966
-0.737992669656805
-6.559663737409572
-12.478791978835913
-1.921239405892453
2.644421539393717
9.910780258655615
-3.574710731450608
6.552961195347806
4.536666780013895
-1.344868917864233
-9.288068946657850
5.853984076177677
1.761264488184142
-0.579117476525260
20.482151358531709
-4.751541878904433
-2.824821058820448
-17.908238290217326
7.158078566616232
1.492672586597825
0.269567677180994
-1.003964629846335
0.479685926400596
-5.276009539362716
-53.210347465807786
0.666667562715963
-4.681166049054930
-1.263728901188064
7.513316301021827
5.342778753261904
3.737909539542708
4.279315947344565
3.958308764145123
6.309272395745031
9.208000913138728
6.751390312024980
5.663743775851603
3.550214411002846

0.000311665555828
-0.001091819837001
0.000257382839575
-0.000214913780122
0.000540206956200
0.000940630567338
-0.000793398340975
0.003733588978406
-0.001090065800261
0.008066121673368
0.002050277201864
-0.007419660664658
-0.001732164851567
-0.009582528739034
-0.002947811461536
0.026404811258359
-0.002983220842953
-0.025545262583506
-0.001993970844736
-0.014914661168732
0.007994894209602
0.006330232075953
0.000364655331644
0.001365965453385
-0.001580794778765
-0.000920188298614
-0.001111979403097
0.014476681589129
-0.012149519893352
0.002012710992579
0.004174346830828
-0.002329967827853
0.000228223263350
-0.000169356491915
0.000373338353199
-0.000445777511228
0.000342401402256
0.003147517125472
0.004526909150885
-0.003086041055343
0.008067926532821
-0.002841360375671
0.022803891087355
0.003961831715636
-0.001673347398308
-0.003289517088423
-0.021883606701922
0.000594873439499
0.001167209079166
-0.011021679795901
-0.004254780189250
0.004842710478720
-0.000963278990609
-0.001128986564289
-0.001999034799735
-0.022116063540416
-0.005509104349105
0.000072977074947
0.015702349180429
0.003199596185748
0.005147446466801
0.003677928792723
0.000680060499871
0.003160690555648
-0.001054575354716
-0.000166806044796
-0.000780877557815
-0.001311892299842
-0.001531902055684
-0.000014367156862
0.000024534947400
0.000258307245388
-0.000212632260635
0.002545833764823
0.000788602480716
0.003453465772222
0.001719258514893
0.001817299954684
0.002527562119984


0.036992  0.083618
0.045957  0.054528
0.069031  0.048996
0.084698  0.069777
0.076385  0.057172
0.104692  0.082751
0.128505  0.077296
0.127172  0.063087
0.112961  0.072755
0.115790  0.046705
0.178614  0.042137
0.109772  0.026708
0.207299  0.030755
0.133773  0.049398
0.184584  0.077556
0.192017  0.063360
0.229414  0.077541
0.195264  0.061229
0.298375  0.112122
0.235124  0.271763
0.267117  0.264728
0.204951  0.124949
0.292660  0.088788
0.166532  0.165817
0.162736  0.160934
0.202656  0.138987
0.145062  0.141850
0.167551  0.278428
0.164943  0.292098
0.120214  0.349831
0.145650  0.303777
0.076455  0.328091
0.131812  0.317765
0.070860  0.271306
0.053275  0.300856
0.048648  0.238127
0.057459  0.307511
0.093874  0.471366
0.082565  0.594145
0.098281  0.588239
0.193202  0.511197
0.093476  0.509535
0.223039  0.508247
0.215713  0.540799
0.166456  0.521021
0.214433  0.411036
0.210276  0.495525
0.162583  0.491111
0.291636  0.426962
0.227547  0.532986
0.248344  0.510192
0.261057  0.447323
0.224131  0.573725
0.130262  0.587004
0.206596  0.755537
0.139311  0.684108
0.089698  0.831148
0.151510  0.850892
0.139233  0.689846
0.155554  0.813598
0.149874  0.662411
0.078939  0.696269
0.131448  0.774948
0.146982  0.702602
0.082350  0.726347
0.082547  0.593163
0.084118  0.678186
0.105131  0.677734
0.000000  0.000000
0.000000  0.170178
0.000000  0.340357
0.000000  0.510535
0.000000  0.680714
0.000000  0.850892
0.059675  0.000000
0.119350  0.000000
0.179025  0.000000
0.238700  0.000000
0.298375  0.000000

0.233129061807340
-0.125479614445607
0.008242108560046

0.420273871427765
-0.342262387064309
-0.013996510861573

0.836615028898194
-0.630578503258073
0.038017143397789

1.244836834483336
-0.356997346047392
0.066761833493907

1.501144582658556
-0.062125675662287
0.062420005072149

2.023920276376328
-0.329628297095432
0.001532697917894

2.421248474524663
0.006780144762575
0.050150690824237

2.765463383702209
-0.002658290267252
0.009711976403373

-1.403856510944191
3.420500474579958
1.442194573763614

-0.000546344201145
0.002320957948988
0.000785863566872


