0.100000

0.600000

0.000000
0.000000

0.745235
0.670467

504.142574
0.611577

48
10

-0.510942781187122
-1.990760405998096
-1.764847118100598
-0.518544578464406
-1.309943530625215
2.549074286518512
0.226505784158667
0.057118984801071
-3.842907820194276
0.352668582204891
0.689326703443327
0.076843244515350
-0.273488212430808
-1.112233648679584
0.103110253316732
-1.092289660327824
1.581945411819286
-0.653758989908869
1.404378893892381
-0.910374510281388
2.046799308129546
-1.479893795586382
0.437230935476956
2.425454391344860
0.989702803922836
-0.514001208937462
-0.822996514031920
0.085233609324845
2.896258521410978
0.108473557168028
-0.404460331784149
-3.106601744123291
0.053096429359563
1.086933792255883
0.608196169271282
0.308933838906200
2.211039109720612
-0.005950779273414
-0.337144214883205
0.244039898883174
-0.168011841054927
0.074242798924930
0.048710956670842
-0.021178696707181
0.029326000825263
0.024592368215213
-0.030942012826700
0.152035760946818

0.175403656774556
-1.983140810165732
-4.207349026285570
-0.194711535309579
1.077183431481369
0.692534829616197
0.100246204043486
0.541290254445485
-1.022741443096901
0.325942309274282
0.255507706524126
-0.451814041837902
0.346826206879214
-3.679767490238398
1.115005000906414
2.644114069483860
-0.669164948160879
-1.425377277867973
1.179536437681179
1.438449122767238
3.501714132846844
-1.653943896892042
-5.592191059918553
-1.468834125535950
-0.398824160035459
-0.734654683774156
-0.685156739869350
0.101716359808632
2.770860965128656
-0.435032720520531
0.367148753930654
-2.967783942345589
0.187355351578305
1.001083626595379
0.378120795993009
4.290106917993282
5.130816698344237
-0.052072832534176
-0.237932522382994
0.183691761400269
-0.324329472885903
0.170951928780095
0.107398818733903
-0.078848391915472
0.106538410487929
0.018359212865862
-0.077313126302197
0.133081276965689

-0.233999344401160
0.541326648805314
-2.249191316818310
-0.871749046942673
0.080658113714368
-0.979961622708389
-0.032375266906116
-0.033892078352162
-0.766312619181930
0.742859356071323
0.015376962377194
0.541478562697493
-0.074393583035458
1.775952183419095
0.969317602603797
-2.886073964008032
0.749520516936796
-0.559182129563594
0.630947476009178
0.479974460851441
1.849015681677005
-1.931501121765456
-1.707630107208441
-0.873479263392009
0.855047287872312
0.630991060467782
-2.978919380300491
0.226218756725465
4.568214611277268
0.145676543187117
-0.456081858246101
-5.482758085349018
2.265082876858743
0.984123557711551
0.528035147153467
1.161451718080654
2.416711372099761
-0.063751246424463
-0.162894714796660
0.301938745373356
-0.351954938923184
0.162178231162369
0.141073430717225
0.008403111164530
-0.059368473163720
-0.163961808630383
0.051644723642562
0.096213235243913

-0.024369168768860
0.146084772744018
3.807442001727762
-2.300110494895995
-1.745912355847713
3.219206628834139
0.481701054203569
-0.468835254190074
-4.013030330185372
0.633128463246568
-0.412981270868302
0.690828710299451
-0.570107982233146
-0.684754763919660
0.167758566304890
0.063148986158740
-0.389842459475212
-0.206414198374487
1.030627093984267
1.166125517983418
0.695008218540079
-1.911999208309496
1.183959178766400
1.472507524073189
0.977751027838667
0.453029657121174
1.096996727621069
0.073842784309467
0.228725854650431
-0.306406072285274
0.209507899526306
-0.287284694774877
-1.518085926188024
2.171531777546954
-0.387691687200408
-0.904366842035890
-3.513742628654486
-0.083434325900685
0.111896589239409
-0.467030409097512
0.471833659724797
-0.341988491892416
0.128107161723835
0.073236610906017
-0.274289092261053
0.016051884679738
-0.057742247483270
0.100381559024785

-0.991664108652971
-7.855148386673948
0.682023100373855
2.043178625861720
1.199950949280527
3.470463639468746
1.033228566124742
0.153795411502967
-5.137773480660943
1.618406986405232
-0.550283629597076
0.415597296529586
0.213287455604329
-2.108050042518317
-0.041168234548115
2.352091084920570
-1.769900428458662
-2.119464635817815
1.665911325107139
1.256321503044391
4.272794375342921
-2.033336361307953
4.575425482263574
-0.381717863954898
1.355235439452543
-1.572643542575742
-1.764302556980560
-0.206276022848108
-0.763843369001686
-0.220768307282889
0.046275587579339
0.172231311625853
2.167370874555707
0.835766119049291
0.168985037926542
-2.255639969129768
-0.097788375229153
0.078019817536718
-0.210744874732740
-0.012656220509959
0.127184001463315
0.045026764199148
-0.029056199954129
-0.170495031546812
0.185336574830510
0.155618615927401
-0.069439910583081
0.072635606391793

0.489122779912835
-5.567595936340800
-7.650325419862953
2.243858352628539
-4.215986887111662
-4.192845458669731
-1.626317029360418
0.522285636493343
4.640039618292171
2.109893932432241
0.495783228943006
-2.350195743544562
0.717284858744772
-1.821904457602045
-1.824174684534379
3.821315571743262
1.276061715879871
-3.146258593001039
-1.335878528646557
-2.249009438477744
6.594680957721678
-2.379663670059690
1.747934991164087
1.109106170737743
-0.875284337336632
2.298282876160969
-5.053269375986752
-0.607676639402849
-8.551177589868205
0.679057271200409
0.468700091846507
8.151642383751216
5.979753365358180
1.446152985526281
-0.487828641139278
-1.568997490777271
10.238742064764702
0.078001182716272
0.201157801341789
-0.347706853415743
-0.030910156944142
0.310085012190442
-0.267648557842854
-0.109406000816713
0.350608509171677
0.638251273755026
-0.358050377791762
0.010309233609730

0.683232868450939
-1.613949617072760
-2.937278032497185
0.708870130317800
-2.419165381713262
-3.257715030037884
-0.435852699933127
0.203445331895145
3.263309489881091
-0.114921844251122
-0.150536062855344
-0.445785122564970
-0.276829799917789
0.808447672513768
0.868991619237830
-3.433431490114014
0.751469200294462
0.328685839183560
0.954213349080534
0.635025410667220
3.187067972235239
1.905550592779030
-3.532247498571482
-0.422876352905123
1.135331380769498
-0.024428939997446
-11.744557548769150
0.002003390935502
2.687455120931406
-1.481168112594750
1.622483465729239
-2.692904908560093
12.235538949773030
-2.285180094725385
1.004973207841705
2.131072349443817
2.322854561208893
-0.030036148255182
0.346688053285608
-0.044444364943278
-0.624046084541310
0.443646545295001
-0.174743794818506
0.109834362317643
-0.282297510003260
0.021710107432514
0.000000000000000
0.062497497958521

0.017436566571261
0.626611509425850
-4.403129589540398
-0.876297149070065
-4.538111937878019
-1.609444647726180
0.048594072902965
0.384248163704332
4.885201172016266
-0.677711240818062
-0.278054012208220
0.081922424422681
0.218796003027774
-1.079817804930124
1.028710294393341
0.241969899674741
-0.023232790522795
0.506312973315914
-0.453891216991175
0.747856063122770
3.506478591055174
1.558460707363868
-1.791787481191153
-1.242953354893608
0.034106048247396
-1.054546484934116
-2.241637504178066
0.133484811204936
0.888742424137372
-0.022109538192031
-0.084776401464215
-1.171445191152653
2.407761063901937
-1.212312015921685
0.437164179999133
1.001102596106243
3.836749944818155
-0.010656110246848
0.012566575147425
0.533450708089548
-0.798729655452541
0.505516074448488
-0.010550174963425
-0.163536820298139
0.215774895362063
-0.153864299441337
0.052220705411398
-0.012643044661032

-3.231385738857492
8.658647012166940
-6.292074377826033
-3.475300944698839
-0.757900193946127
1.314834846851826
-0.365330142421688
-3.957931199500686
-0.156391404200733
-3.100889293861799
1.193668088909396
0.177725433493244
-1.446115946835210
6.901894375973646
0.047502087601938
-3.542411508698691
-3.574125233804532
-0.508379941154258
-0.506887484934068
2.363370715583621
-7.013916975823795
2.235597024209347
0.774709494763799
2.278429995124104
-0.420444311124877
1.309766396502493
4.186857046773109
-1.843633469883686
-0.039184492344012
2.469115368598387
-2.106666029139178
0.841044310313387
-2.631388839925231
-1.585883814804297
-0.744870409395603
-3.351653778949383
5.247331539880781
-1.660995133872134
1.155664404800245
1.694435394861610
1.256196164742260
0.567794349883669
1.055161145397713
1.500849528625727
1.879389963790010
1.637455406354014
0.883105024382512
0.683215548094704

-0.060842900241387
-0.456114557059095
-0.187785490467787
-0.408484580765201
0.953285218638025
1.479576529989888
-0.264311285470041
-0.061649515103101
-2.944100763339833
0.431789662189356
0.297330213704717
0.392753994218269
0.205370309813701
-1.571138774539453
-0.070014179305854
1.079386447230920
0.279934000775045
0.108202107637602
-0.072174604361085
0.389294352189322
0.374209481293216
-0.638779707522790
-0.083997221388902
0.183028833355503
0.112168731112313
0.508257518304904
-1.501698015468375
-0.148576383361998
-3.547072108779568
-1.028478157334506
0.176313266277689
3.227772231847907
1.834891118608956
0.491089160403331
0.027083514916375
0.202248546727678
0.196195552453726
-0.161991126742300
-0.014956395594772
-0.034692145516835
-0.036924408818658
-0.035165493447559
0.062889928749185
-0.024722416963066
-0.035708285678820
0.030338291427143
0.061763064853510
0.284206439206635


0.169570  0.132920
0.225944  0.253819
0.148739  0.352021
0.242370  0.298093
0.270760  0.220586
0.301107  0.203143
0.406433  0.265984
0.369588  0.143696
0.298421  0.216561
0.308445  0.600242
0.509243  0.638274
0.612500  0.604609
0.557828  0.479401
0.296727  0.444470
0.339935  0.498781
0.283002  0.440810
0.308065  0.393692
0.228802  0.361816
0.265184  0.393176
0.273685  0.310797
0.242803  0.246652
0.264427  0.568908
0.179902  0.246502
0.283635  0.258034
0.268022  0.168299
0.358604  0.218192
0.374065  0.384608
0.537664  0.145800
0.472793  0.491196
0.737827  0.611234
0.745235  0.670467
0.470123  0.500126
0.381973  0.387744
0.267108  0.525277
0.205170  0.486940
0.158563  0.254198
0.162688  0.354396
0.000000  0.000000
0.000000  0.134093
0.000000  0.268187
0.000000  0.402280
0.000000  0.536373
0.000000  0.670467
0.149047  0.000000
0.298094  0.000000
0.447141  0.000000
0.596188  0.000000
0.745235  0.000000

0.450306809351460
0.143905935852459
-0.040325857537028

0.645185517564335
0.136800415636003
0.005946535874017

0.923553014464748
0.115786502915867
0.101649877994845

1.148884730826336
0.111056561686466
0.129804690434607

1.623048001798638
0.040835023188403
-0.124148976234756

1.979772422746989
-0.020419525568867
-0.301735326659370

2.284242448715628
0.026442988277172
-0.059503366255044

2.642574248055256
-0.030934208516525
0.047743998717062

-0.967212418032143
1.048820722784377
1.276802265310086

-0.062006602490224
0.245802479604105
0.209851246939733


