0.30000

0.600000

0.000000
0.000000

0.440237
0.941482

564.047957
0.691791

87
10

1.754076492124907
-0.515221966350820
1.359781687300964
-0.588848406127347
-0.039004210735136
1.200165491204116
0.560785547976366
0.057452854604433
-0.489345351770755
0.679267029764689
2.355632468830534
0.086957551650973
2.369333109631114
0.925370387062394
0.645308830114380
2.325217459509654
-3.855350129553752
-1.994859215499470
-0.818622674935628
2.193212500070676
-0.282045568972615
-2.765459486801615
1.433861425261898
2.944596893219784
0.585989105465586
3.095748659661104
-3.157482328022512
1.285111095697128
-3.326706099890946
-0.289911558830556
-1.989336865379519
-0.825879848477539
-1.554846268568582
0.781127690371739
0.256405284712400
-14.402029647909846
0.099565470623529
-1.144645393667470
0.429175216702343
-1.366640085303577
16.484389242217599
0.490736026726038
0.099612642916053
-1.091521869712735
3.126753064712633
1.467683541007304
1.002627519028415
-1.838036958129042
0.229922660925518
1.225943687737090
-0.411471158896841
-1.251373183528953
7.402686556960205
2.336873024863456
-5.612864936717815
1.799755446570134
-0.421239772722224
0.487301125154589
4.076005496053862
-4.299212093302200
0.156087744174631
-0.949694026483478
-2.417215841471646
-0.593984513460096
0.790398525010573
-0.173695554702879
1.017503022901370
-2.521867021351267
1.067205003294372
-1.285708947651034
-0.783673825188931
-1.612717455785881
1.708206508271845
-1.309316155614388
-3.989934331938803
-0.889628645721924
-0.330939315884917
-0.289008481568480
-0.400467681725370
0.316644085784846
-1.120942822329255
-0.181656110656848
0.576497162581996
0.071149504841280
-0.445073273107667
0.313203400912617
-0.043848153148953

-2.933585808526079
-0.183453580515037
0.379575935751096
6.721433954528478
-1.119050908258213
0.590668992257552
0.455033930773278
-6.044202831499407
0.230348362189412
1.002457312568872
-0.927606887835168
-0.660918658568606
0.582633998363402
0.288478811520067
-0.371101407476396
0.488600179651191
0.928262441439883
-1.576724437198777
0.010584594180890
1.971518147953266
0.675056928850747
2.558961101892244
-0.613512651413181
0.669339787840985
-1.347906338320646
-1.143005159957776
1.275270408411643
1.456745486338625
0.226901588708868
0.937061585141384
-2.466390006738411
0.999090524379429
0.602522540703387
-2.181728627494765
-0.673266197058124
-4.157895357068926
-0.855726436767887
0.329813968125871
1.392090848640835
-0.628921811975698
6.188722748952062
-0.343661486450580
-2.434112542281616
-5.023071269882771
2.542742273262502
4.640687969148810
0.215113683657818
-0.923070488384298
0.004028068703004
-0.221321315286000
-2.214460973557805
-0.319316730021108
1.581192764087062
-0.570963867741073
-1.726540772736457
4.427206558806903
0.552945430630379
1.718087611103970
1.421050650811400
-1.717951587205935
-0.233467795883645
-0.424753642397587
-0.423524366263702
0.667849323391399
0.142072921939976
-0.625817107623015
0.456388034056478
-6.017993273082496
0.767195409283225
-0.929411660278940
0.739935908506691
-0.693039666935996
2.036360423883722
1.273198370490451
-0.713819467397262
0.522573824802036
0.022134124336116
-0.821831621963939
0.013495556720832
-0.294825707314758
-0.239551788125767
-0.076485663638890
0.035046285193498
0.455067109435597
-0.668690461047808
0.191664173928529
0.155469699754659

-2.795405751973157
1.280983387082474
-1.746945463930008
-3.695404005968802
2.246554503421940
-1.959009958232494
-0.323554499523012
2.962184705113836
0.714892564183781
0.760665324217139
-2.309229447538744
-1.281528107564919
0.479586140178156
-0.071821790354825
-1.268555320798880
-0.139557005429319
-0.895281115937530
1.114068987162163
1.501876572397266
-0.940990438293591
0.817919939185295
2.669063944692419
0.451549513411241
-3.535907214394777
3.555596052255993
0.161212458371198
-0.004793576329995
2.497480471732921
-1.189036855585590
-1.612170117210097
1.445549701910838
-2.585668635604350
-2.769253368345499
3.402172333591575
-1.266430493606024
-33.829223667346760
0.325732171475118
1.042805488968453
-1.024717547075463
-0.899503972543368
34.727622367442187
-0.242372993568653
0.797241523757195
4.751140560338035
0.067543751207716
-2.351097941065742
-0.032260436514396
0.594015462834599
0.107382223131675
0.488765462211118
-0.742748044124403
-1.079474571200026
0.121955773939524
0.808567960844482
2.767268528158226
1.768472132465685
1.314572692236304
-0.231454199164676
3.693236053009009
-1.626340658182264
-0.263038140251620
0.431218508973332
-2.267260716168278
-0.075793029754152
-0.719131686119272
0.088644354372427
-0.302082528279833
-1.892864736176283
-1.176230737242386
1.765846279212677
0.665022436242232
2.038151834351861
-1.396511729251173
-3.881814263115881
-0.993287994800705
1.760651648257138
0.092270772754995
-0.598865808370783
0.060976816810283
-0.559637322466013
0.564600850480244
-0.015759167088731
-0.135124875112281
-0.184627118233849
-0.058404770128140
0.388296216856506
-0.323186650398947

0.864509839042164
0.019421581694562
0.617375747074527
-0.049870670323887
0.917117037833407
-0.244183222998461
1.433876458979050
-1.683622416914704
-0.450361094786442
0.253489375430215
-1.192968539291709
-2.863685337121541
-0.503567418897865
0.027515408865052
-2.622757947903464
-0.906434560745010
4.481303070771110
-1.026061967022861
-1.719267799492491
1.140702360671090
0.884133756274545
-2.634917632698299
0.617641654592394
-0.089991391345282
0.057365978665724
-0.389824355399234
1.328784900944450
2.700829512952824
-1.434821771937511
2.274496143432346
-2.053050344113140
1.518970944415734
-1.827334008116219
-1.834078092076012
0.269615328899860
-11.777664743405106
0.818830405316767
-0.870249590518910
0.582765512129400
-1.339710551140545
12.432151513028789
-1.111651369588727
0.908615718140777
-5.285669455231902
-3.636765483251587
7.494724781763512
-0.075623354518438
0.757403500410636
1.306409175171542
0.650093573100644
2.024295321580818
-0.146472020890446
-12.690423050176971
-0.411351507491248
9.421179691243175
-1.595527965286212
0.917996991538681
-1.832129718787359
0.496978388862713
-0.284078940505067
-0.608669930351001
-1.314885598272073
0.712942992810125
-1.317533679326369
-0.211831882919076
-0.261176701033678
0.179553659211600
0.077751613981387
0.493286049628318
0.247758840190708
0.944186353291099
2.890983058962485
-0.774115821795674
1.925606943508158
1.055767869953770
2.880001084179379
0.112844834723056
0.366925095403817
0.316848457480272
-0.272866831834116
0.452336909891207
0.035534068567227
-0.332620061701187
-0.475940339458421
0.411346967585119
0.465832029430499
-0.634343335090686

-1.985800310415844
-0.436835538236156
1.526473634822348
-0.337812590239166
1.328080612346906
-1.014732683212894
0.117694832976819
0.000000000000000
0.000000000000000
0.514115007726138
-0.863769356490909
1.902072005594303
-0.688859782556563
-1.539595154877781
-1.300568494073811
0.366278682251614
0.670161899435230
-1.103863305207073
0.383794061723431
1.397924748586593
-2.504440718850960
2.705538811457928
-1.413406148336087
-0.781489078701167
1.977406963666280
-3.062583971947564
-0.799865924467196
1.140159974175347
-0.050092816750949
0.127418484158972
-1.059679595423160
2.234649215402052
2.613200465830827
-1.709219997070465
-6.720185428019382
12.634108696023931
-1.237823124745203
6.733107648256508
-0.317290341393173
2.265056123184386
-12.021689644380471
0.505631732196873
0.076762268230225
-1.556793032945240
1.846101993214417
0.409756756500247
0.333206914415993
-0.546255334237692
-1.819136122871656
-0.159665606275445
1.801010110202942
0.508427657049261
0.529384232569411
-0.507970832777111
-1.605811937226162
-1.424451702351309
-0.305266860578362
0.907627761563992
-2.081415855870837
-0.937444986819491
-0.185345004544396
-1.311862823181956
3.134679802529083
-2.095220871072540
0.982751117836225
-0.524548894785903
0.171622670684510
0.276409415896500
0.614106781708744
2.106736315528335
0.414342080453177
-0.872685425832007
-0.183291544497724
-1.245422298686787
0.153046988310519
2.497587771076030
0.268277449371170
-0.112898441020845
0.398236765687510
-0.459765399237639
0.575381053602054
0.056300629435318
-0.412963152622957
0.427297832882463
-0.122017152015156
-0.844115543954857
0.632016837754812

-5.618489254221912
0.375436004779893
0.369382906352099
-0.206404989708478
3.679728586810714
-2.467595777268021
0.048821891907584
-1.651369430409792
1.321731831966312
0.111196970473453
-0.959725403515140
-1.779318477606386
-1.006598350510476
1.157250876153311
-1.025396811559986
-2.375522661944791
-3.234423551793444
2.334663021702974
2.964372809305615
-3.580277709253916
-1.182873355397869
6.635574629719472
0.098694125826581
0.094131928582407
5.758120518405181
1.126868727389588
-6.665974392870917
0.882433396338619
1.116751149558855
-0.177637135295976
1.795836672963569
-4.149502970956273
-2.347176502683873
1.537486242675796
-6.591864485440754
28.123624762039785
0.922248463246875
6.446917618198395
-0.374480082628262
0.100798562666422
-29.172185927019004
-0.421643678062665
1.815662504449835
-3.939944792035393
1.570992017156838
3.862309046091607
0.848071975150667
0.514140243510389
-0.245863398292236
0.059383320504133
-0.641186854718952
-0.905251487946494
3.897748285869648
-0.533072118445057
-1.840108563125797
-0.032057999588568
0.493152185989358
-2.645824688236923
1.181792712509059
-2.478845590635812
0.075783755790878
0.046996009391831
-0.009936414069243
-0.802669887027712
0.428863670240190
-0.019571179672085
-0.276917318811107
1.994648424972887
1.455986655719992
-3.519759281216000
-0.056306265903328
1.682704521580556
1.324237238400589
2.262216773834247
2.336544126713766
0.043410747953211
0.249915994548752
-0.569252351782531
0.216432164798151
-0.278646033608727
0.805700769381628
0.129630081214561
-0.481008093841145
0.078922241866568
0.266323738800629
0.023538928268484
-0.402496573340064

1.805346197331109
-1.488532401746156
0.511884748346436
-1.576918378004891
1.453735348780556
-2.633542287717164
1.622296536298278
0.432313538392715
0.051421486188501
-0.229098663951753
0.120297810314773
3.562956777675683
-2.015043936081834
1.739159287460566
-0.477978446166681
-0.669515653876238
0.173795540714792
1.223218521679147
-2.880747037964984
0.404638023544814
1.508116708746710
-1.475284371242152
1.719664293948097
0.710192898166540
2.116642006909962
1.195368348535164
-2.796872910986004
1.858747060484204
-1.710440486838504
-2.163944005152741
3.931897932432674
-1.168859796625566
0.623237979827477
-1.577686569540739
-3.834603990423287
-4.456638944881440
0.095880213528988
2.919474933521836
-1.432616157581667
-0.437477005129082
4.116539647162579
-1.893662491803688
2.662152481124640
-2.377180754117732
1.963271170115570
1.186764040176818
-1.352260433929623
2.509809179073077
0.166799735704081
1.974583957638463
2.804129653431295
0.580075331481160
-8.129609185743139
-1.165062381260718
7.337454919989010
-4.683622806548240
-1.765072220306600
-2.008925846366097
-1.816684887270076
-1.899735568694772
0.141411498481284
-2.293852576926058
0.696512286704452
-0.367925680110117
0.486094837125626
0.130007816274502
0.056110953739826
3.569533078378933
2.425026010722685
-1.136254956352592
1.597046669844816
-3.911631995750932
0.156807475353879
2.920224586729217
1.221925050014217
-1.218724723445061
-0.150680971820279
0.636992988539130
0.286191807847198
0.028083547039621
0.151574414856857
0.016058132433907
0.454034163299897
-0.395262850978866
-0.267880089639169
-0.146389173565604
-0.049280984610804

0.826756336217027
0.326453741319374
-3.004930629534394
2.148873341350012
-1.695159472573995
0.848970638397493
0.732492581552107
-1.977552830468760
-0.858697635519262
0.300004398672964
0.988840869930134
5.842352067025137
-2.028129221467989
1.885578251413631
1.668341111316144
-2.067530512970017
3.225007724243863
0.529560831447916
0.945553584881220
-1.651623392296487
3.631153562026129
-1.056505994779091
-1.597922300322038
0.761002662437188
-2.689279730941749
-1.062712501360195
4.034810162538378
-0.058251858055511
2.359214136952288
-0.454411152619737
1.365028413540704
-1.490343130370342
1.630425026972652
-1.392781681499663
-2.359228878991394
-54.630506113324927
0.105850779692012
1.581193423957078
-0.812960658792470
-0.287489976816279
54.200960449957797
-1.145629569976326
2.500523095841467
-0.009877467714547
5.270184143188500
-3.857382355051676
-0.703808333717680
0.995271267642648
0.586927590538231
0.796710165787871
3.416500961030951
-0.276082950873428
-7.053406756894375
-0.044313980381571
3.265486890120706
2.694323834238292
-0.549541113423343
-1.260530675792369
-1.036236543197830
-3.586802804477962
0.536803308723624
-1.130231648912494
1.426390165222433
-2.811773338646215
0.862407700177119
-0.484162256114202
0.377435688569952
-3.015352670172620
2.918579814810067
-3.524442265550819
0.839763809860326
-6.629659031971547
1.261178691460386
0.607366639200730
3.456780153618769
-3.472798563962874
0.046828977704982
0.063525825135681
0.078588673261673
0.386731143621891
-0.497888317143161
0.195800009125625
-0.311875751236175
0.244669987471532
-0.179457563655775
-0.007609632938412
-0.002321370047343

-0.357312803934198
0.948314487073144
2.007804932477570
-5.658316245621410
-0.245788730547629
-0.149705033519425
-9.485785606287084
6.747764150229189
-1.827846908765014
-2.726163196616187
-2.151213625220579
0.651601154327745
1.791086785557602
-1.247862179904932
-4.816854056292016
-3.198177798794970
0.821082342857493
-2.508906604491896
-7.272726583503469
3.779570476019293
0.156815051664006
-5.565898893955398
-4.463440569437440
-0.298871150346566
0.987328727492904
-12.674851880091746
2.170638711455016
-7.948292582000015
13.968662164812216
-2.972831895038952
5.359710750022711
-5.053708335227126
0.727213857788103
7.587465596019441
-11.969518412750052
110.738516993011050
-4.057902786497582
10.482686382677649
5.398670553356494
-2.319904710328689
-117.062545622542320
0.369290311413436
-4.791765755923593
-4.372490144986186
8.141828828827119
-1.556101729274511
-0.851153063642854
-0.417533136175179
2.920875997972070
-0.912530068474468
-0.039328285118821
0.595217704453181
9.162840262037681
3.231289893219309
-10.282451122293907
0.254630457824552
-2.109864003141464
5.343052939715569
-1.124886459386062
-0.027593944140535
-0.096674804436104
0.166957727903956
3.782475944539529
-1.670250921196445
-1.455741983027806
1.368009621808153
0.741929800949180
0.732933014220873
-1.775978692536625
-2.126094974426732
1.043480893046996
-3.213241967160314
1.180274730374891
1.361222655881039
0.109295940511047
1.711747368167160
-1.339441999311881
7.330417239015550
7.934628114697786
3.252375725168644
3.266219704797489
4.205959122063155
2.779086074471501
3.424649612898906
2.551482736986817
1.416945504521037
1.493498175334848

0.008936744938023
0.162906879929408
0.055118812181577
0.479106578123509
0.010417893276636
0.078349329860450
0.060350204097245
-0.557834020845038
0.121575540344008
0.019730855285833
-0.024392322860377
0.401356059685941
0.071937337321030
0.061662978354336
0.072292438943324
-0.094413671567415
0.385281175884090
0.036492328082658
-0.059539847351473
-0.011494166097950
0.388466628351223
-0.051049661761950
0.278453617556096
0.427961678490949
0.128627109611942
0.142685677173699
-0.692076107212605
0.744590929537606
-0.343742392971192
0.879954563586469
-3.811046772184803
0.043127499040340
-0.461647654035898
-0.549642808224773
-11.540035406841401
-2.500082608659326
-1.667437131544267
8.932367714966656
1.505033367535393
-1.019520526825921
6.256204064470331
-0.063331975517807
-0.616158741674325
-1.091167684540195
1.199194502471257
1.128843373037485
-0.132590941137947
0.012173335857678
0.457876064936293
1.460516212608556
2.220811377330545
-0.417914789350401
-0.706833990386503
0.173378310149658
0.615002814841897
0.963607618128153
0.067042517314596
0.416400063005535
1.459235283927080
-0.775090909438294
-0.077997451716870
-2.105635708741713
1.737663965165267
-4.675857561972585
0.255159911554575
-0.658138090041278
1.086949802258794
-1.839169275429639
0.485536194423796
0.010245845537860
0.557399067677982
-0.531530675406327
-0.053978732431194
0.159889638959717
0.188163045025285
0.128396194514134
-0.210787405946114
-0.125237783441775
-0.099009892794700
-0.076392453372104
-0.074205895402229
-0.059581441366590
-0.013532810674856
0.093242989756684
0.452610887484001
0.360270482004153
0.345501798371423


0.058239  0.155597
0.089352  0.180556
0.109591  0.225618
0.086013  0.387808
0.097042  0.414237
0.089182  0.429252
0.048989  0.388207
0.082775  0.391562
0.110350  0.505073
0.119954  0.611652
0.087504  0.654634
0.105631  0.727430
0.135001  0.773658
0.105304  0.903440
0.087741  0.941482
0.106493  0.815254
0.137510  0.650049
0.109972  0.294538
0.060518  0.243536
0.087208  0.277423
0.127590  0.243918
0.064754  0.136057
0.065871  0.092341
0.096228  0.121208
0.111554  0.104330
0.164829  0.083502
0.097938  0.096725
0.182789  0.093851
0.165996  0.095912
0.229384  0.140186
0.250851  0.160204
0.165210  0.122135
0.207709  0.097723
0.200376  0.121546
0.387128  0.160433
0.268655  0.141787
0.291222  0.080262
0.391537  0.151303
0.311752  0.186966
0.271579  0.231057
0.269424  0.142709
0.173923  0.300224
0.222223  0.490139
0.259131  0.579554
0.267766  0.556697
0.267462  0.572031
0.220900  0.388905
0.190818  0.416625
0.271677  0.339156
0.370892  0.222878
0.329673  0.544281
0.171249  0.541013
0.137020  0.659091
0.187726  0.588463
0.133290  0.662745
0.203204  0.627587
0.220477  0.542693
0.210633  0.464342
0.353964  0.500273
0.289196  0.527493
0.440237  0.521387
0.315570  0.576592
0.383472  0.494099
0.370992  0.518243
0.322713  0.454607
0.280086  0.801811
0.355649  0.657817
0.198810  0.642636
0.229859  0.630804
0.213048  0.613183
0.193980  0.713957
0.101125  0.723114
0.145400  0.698151
0.210568  0.583094
0.132535  0.807949
0.115184  0.929331
0.000000  0.000000
0.000000  0.188296
0.000000  0.376593
0.000000  0.564889
0.000000  0.753185
0.000000  0.941482
0.088047  0.000000
0.176095  0.000000
0.264142  0.000000
0.352190  0.000000
0.440237  0.000000

0.337935689753270
0.503496582747034
-0.019970253111394

0.642129919699149
0.373439843011174
-0.018808920123310

0.940506817874321
0.143483367417850
0.107043082179577

1.176663303672475
-0.097880691444050
0.210759171451349

1.653497759995794
-0.384730347872236
0.072083074215561

1.931070615166319
-0.318986624773888
0.131701045572058

2.246514031331757
-0.067595516832098
0.193878801334710

2.700150805273546
-0.075094408947173
-0.035589875973240

-1.366109459983425
2.432631734886539
1.267482401116519

-0.077473263420904
0.222501106636135
0.114914569339008


