0.12000

0.600000

0.000000
0.000000

0.550017
0.958515

734.637008
0.730261

96
10

1.882176039076091
-1.630991465933414
-1.209812073282086
0.750986786628060
-0.590447790185997
2.289834863112928
0.835977154121463
0.227766900240518
0.615089271139815
-2.119677424116733
7.209922293550771
-1.558795221291327
-0.932746015360696
-7.391407348426616
1.998583920691240
-2.142870988741168
-2.487984516065621
-0.160714799238951
-0.575052561634158
4.056694252939684
0.920770281278370
1.554258174539728
-1.601144321114932
0.652057208962941
-1.617558911384835
0.987397763052206
0.651379899788279
-1.035805880528547
-0.030632943638968
0.081273942628057
0.047229386013810
0.035164506815122
0.141208688917424
1.029225193462207
-0.481832089280053
-1.372769516410101
2.163839169602611
2.721804713052224
1.679703457716746
1.578085889286895
-1.060279821764129
4.574916811222937
-0.871905768973567
2.256277347035911
0.356278412974330
1.694218454301695
-2.182281622968591
0.412809186755909
-0.357372952020398
0.364278615228700
0.048723690404996
-0.606459235751623
0.107902773856375
-0.988283235423572
1.272167522104799
1.162620130370209
-0.296630259027397
0.548736593054055
-0.116633730344821
0.378845205701341
-0.974519772069705
0.361006182803910
0.330013529763832
0.483439359047134
-0.623583716889054
-2.998970706006077
1.193946774742112
-3.116766228685648
2.960555389408889
-2.498761037499945
-0.610735448596355
-4.866258919741929
-1.088467598387682
-1.631614466462816
1.880252911618339
-1.841961495121524
1.498575157521033
-0.044795091964122
-0.480399597749182
-0.566687005923477
-0.755028402917649
0.164215818742301
0.404218692361549
0.360907807998653
-0.672299723956181
0.224328481614390
-0.140029721815411
-0.207518084059082
0.070945392644153
-0.293991953587126
-0.326844123014686
-0.532627522967753
0.494067587271853
0.279901396383869
-0.676524369213724
0.373896518035841

3.530654883518059
-0.791764244336229
1.347191864304373
-2.130665956049197
-1.424081729921908
0.867249388552038
0.563750078873115
2.816280195763664
1.237930269219774
-4.144994988215316
13.026960788512195
-0.264806022487092
-2.777143539662524
-12.221588746359513
1.042020482391352
0.700867049259580
-2.510097845905782
-1.229684208716775
-0.697546556337157
2.424961191626315
0.989433790688174
-0.578699482496231
-1.091390020027526
1.755109796194371
-0.674374364747799
0.277712610945824
-0.523915919642709
0.739439377748806
-0.152580070047080
-0.214011772712576
-0.714596890376985
0.138200676108516
0.561442877717307
0.907811012866219
-0.223139896290528
0.987808843054278
-0.062837101284674
4.547217844314179
0.240714088475660
2.653107298841452
-1.066433896629671
0.977745464722303
-1.825038128783988
3.293634713078219
-1.130923042052997
2.252117607973734
-2.503041976016281
1.279820347782275
0.077987787193273
3.162311589105922
0.644050185577995
-1.872586578457164
0.156615939419692
-0.510468505752579
-1.305505999827998
0.825488805919043
-0.937113314751939
-0.332233389504782
1.125820741830045
0.213897516925578
-1.140359822959688
0.496459979923383
-1.390294021088272
1.064106908448052
0.076196270832264
-2.442876988966941
0.485573425728291
-1.139071505591284
2.024861668784694
-2.337472161691689
-3.570427054541836
-1.714436322748690
0.018822049145217
-0.013478852341458
0.765856477166366
-0.591076088934146
0.229193957386199
-1.131853213117260
-1.109152950764147
1.188784091491307
-0.212043526454576
0.565250294681393
0.925304678361650
1.471570762025311
-2.416527406029855
0.419649940887933
0.168013824235215
-0.734861592154384
0.771385040255661
-1.427812891766519
-0.383358202165019
-1.208461173727465
0.733412190687502
0.182997201292306
-0.402667494761977
0.324701583345884

1.047101040718093
-1.618667807329267
4.238992272200071
-0.713000751717514
-0.833260212012195
-1.077247877712726
0.291096295597187
3.695942397913757
1.295352234368301
-4.238094541033591
3.981713080888620
-1.052862589517206
-1.900347987106277
-4.122465548741252
2.650586412326425
-3.451874318372438
0.990752370948965
-4.787345303585195
-0.578224827535301
5.728614315149097
1.295556734564991
-2.466547667385884
1.722640028868476
-2.102892528658276
2.634504174007435
-0.063385044228843
2.830692639348304
-2.540302435422946
0.820085804551837
-0.683142478010378
-0.323510575466212
-0.171115526210361
0.143798706144466
0.586753525609996
0.049618229863608
1.370528138168040
0.696034333275831
-1.349938946500054
-0.920915789151568
-0.436357313956938
-1.604756776747476
1.400624974484780
-0.153722572990573
1.438918806541887
-3.375731334674704
1.868901220552300
1.566825495215334
-0.263042390806209
0.592514526550532
3.010561091868341
-0.206605262085748
-1.158429778027275
1.269670321277637
0.849565894633225
-1.712056722525967
-1.758140610611982
-0.714872215239824
-0.974532523130466
-1.820522882934152
0.316605892485203
1.317067315427632
-0.959970586676392
-1.839869277683915
1.311711695576254
0.255099252967463
-0.105878338548807
1.033093147085939
0.970913693991651
0.784173955102758
0.747870807592389
0.692342578498442
-1.840905333516016
-1.564112272605966
0.593357705401411
0.954141872006230
-1.203471895519406
0.292123709660437
0.515972623867170
0.012073930534682
-0.096336385437850
0.422675987372907
0.750625871109026
1.112651633008595
-0.248481949777997
-2.064101945107657
0.260986217700178
0.285893530794005
-0.431333853982359
0.156481146243335
-0.660876669078428
-0.156406963107679
-1.221331028773207
0.914231282660365
-0.157849187257919
0.010723793326562
-0.053923871502146

-3.589078975053321
1.421837240514743
-3.156959665265745
1.730662867590939
2.126273273905530
1.639741048762058
1.396972774120447
4.385576007387630
0.417866490950827
-5.423109890992581
-13.527615756871883
1.279200500870618
0.027945745843121
12.950972650025021
-0.131232905223384
-2.961335486535602
-6.839963614275273
-5.580037762157065
-0.008032909177749
13.635888587221920
0.169283717734888
2.034303828818633
0.182237570786370
-0.266590902594851
-1.184642439881860
-0.088697517626647
-1.153212559559736
0.594900032765713
-0.095487477278838
-0.503410070014174
0.994529319860733
0.846499949889292
-1.289009136252945
0.465827505877353
-0.160220899841744
-1.952873091598771
2.971827241142475
4.871515861675934
0.904281044035564
1.531026386381732
0.206608401976298
5.559867541060456
1.976715374579296
-1.427039691981185
-4.127510709669688
0.843278707758342
4.632246461666327
-1.052322565920345
-0.370823992243032
2.218543686492708
-0.515807169584714
0.396208639202705
-0.803336883700002
-1.495100195843989
-0.892356394845402
2.491914344739555
0.115948283559748
0.181797595148333
-0.066297815161777
-0.053840142724718
-0.443459505588021
0.530900824832140
-2.141278262343921
1.654538360259005
0.481290963249605
-2.357501965223208
-0.854983163304519
-1.134678448122061
3.288308769437196
-1.034845281050292
-4.616195723725941
-4.511734235927877
-1.965098313831356
-2.287646722215898
0.457592793433229
-0.348947191961855
0.278279000112163
-0.777530459996550
0.523373087848998
0.903578353052214
-0.299783816358142
0.799538007089130
1.272130013127272
-2.295332869794244
-1.059032957612687
0.324939495058541
-0.227719586751808
-0.181529785731053
-0.178253533469960
0.276945128475897
0.090461475108134
-0.570778224671306
0.193157215688767
-0.282692088657821
0.204291500439651
-0.196654929969947

-7.526600782260715
-1.161230835198666
1.314142489415187
7.431017856905941
1.131862776459005
0.048309603160313
1.395846716759041
-3.248226351235068
1.734516710700534
1.118819803754312
8.519826747864380
-5.150801361726166
-0.385618818874361
-8.727239668853724
4.929089161893876
0.246061397987940
-2.781826184147350
-1.450043820993323
-0.171752111561170
2.923152444306463
1.043399554212551
0.980216589048394
-1.859953663983466
2.556980145466261
-2.860249755247381
0.750927948812963
-1.477155183998300
2.495459084544237
-0.446417186155495
-0.777668615437353
0.270467208957235
-0.215119508612700
-0.041995028041387
-1.836140125578420
1.333218769607555
-0.314763275227919
-2.326609515048259
0.231639755852112
-0.030408862978284
1.931689532180180
1.083372755104940
0.465461352328438
2.560319545446790
-2.276946225879347
-3.247140781214508
-0.860662696018308
5.470658754052611
-1.236223100791244
-0.384525012184035
0.831833638104824
0.520215016285253
-0.602273175725583
-0.946530600858122
2.591420664495367
-1.778276805141267
-2.021151317169286
-1.254927928139400
-0.937121929429197
-2.395174504136725
0.160377485222288
-0.566593272655050
-3.002253191065409
2.873369187113520
-0.254240402115557
1.794164928761347
0.678916485601944
1.315730145672758
2.232829878729150
-1.971884065465607
0.779083771103819
-1.630573091940929
1.349118650867918
-2.069806326587222
1.325942063265379
-1.145134935838990
0.186331575587243
-0.176855689642049
1.497809845103027
0.838161936172520
-1.022890109120651
2.093257017863583
0.279031098588827
-0.149748011717847
-1.199901623397996
0.830626731555218
-0.099342721419064
-0.710166545460221
0.348496382096855
-0.157604035453672
0.132529048737085
0.244027548356316
-0.064873501730041
0.211896173366490
0.507598268194177
-1.072435706862810
0.435853695095117

-6.028843625724162
3.860450150312135
-4.647604265874670
4.001311949291541
-0.024227773132103
5.184887886751335
0.166685623838803
-1.294647389183677
1.244335302408293
0.381738362723401
13.210356502283107
-8.783662268614590
-3.246507434205081
-11.975119607615154
8.314021147927607
-2.721919507385611
-8.681529659574789
-0.383031939076185
1.812613730762144
9.246935007363241
0.583342140439171
-1.627483626913938
-1.330532295717862
2.271412032983428
0.425646101884412
0.151161341796167
1.717062533153778
-1.507217416061024
2.193655284026968
-0.702117397393695
-1.671011475031787
0.993610803830989
-0.515392239967082
-2.407046237356751
-0.042083537218937
-1.434067929509339
0.204086250174797
3.088886653889473
2.036830076725150
1.410811272106059
3.321591375501064
0.905966891310005
-0.477866291205700
-1.014317646658179
-1.282972967965512
-2.404732368062626
3.975415537337526
-0.680930336432381
0.258182694736922
1.483716126575364
-1.277369609761694
2.277403982630956
0.494858430119819
1.788200815499347
-3.705739492478011
-1.206340085683390
0.889711190242083
-3.467601044015338
-0.986378542515274
2.345050015295026
-0.872099529731511
-2.011993628986218
3.067643911088328
-1.499073708658716
-1.254108715184664
-6.592764229743773
1.015961988146120
0.552534530627606
6.299867781080106
-3.333413858113228
-0.663449758983651
-3.054130577963840
0.363865080910330
1.314883205055424
-0.574795778793660
2.450417116712623
0.184921849041179
-2.536670497386734
1.522949837653086
0.492772307455371
0.142369337901296
0.505136804430673
-1.419276442900328
-0.810905622125093
1.500210680898967
0.053717721333533
-0.468346498592775
0.326560475746388
0.086244430211503
-0.321283588542282
0.334764707423550
-0.176564206286198
1.082335830823274
-0.217524713280097
-0.127477138914455
-0.074922297595659

-3.573385521751419
-0.706676557969770
-0.331939809914381
1.579212354322791
1.816909195811652
0.195865073622161
-0.311903076678649
1.712336620822891
-0.464939993528877
0.786840380826576
6.096798300460058
-1.739371615920964
-0.476448992467074
-5.532057761768443
1.834376343230570
1.258118047589740
1.878470762667064
2.666434800719454
0.673768179658929
-6.620675349629630
0.254758725723766
2.392976301413365
0.691923989901987
-0.989428767015497
-2.140405906866266
0.183886886949375
0.573022985145365
-0.178132636040258
-1.366633903433723
-0.227083376738333
2.067619242518878
0.092223720151752
-1.715077551429115
1.458597255629055
-0.768312933626658
-0.097022079112246
6.190015412659895
-1.247132413334117
-0.956080519042990
-2.341064951795741
-0.648491120637390
2.149213347634984
0.256521733195008
-0.814764476620611
-0.816782180719876
-0.009355679340928
1.445036208342848
0.000000000000000
0.695865626961802
-0.058115386797680
-0.920872317904137
2.251509136265847
-1.387818006821258
-0.202014341479796
-0.199956841772316
2.062521605854976
-1.524912086819918
4.677294723376979
0.195137417591839
-0.233311096276184
1.701143009533623
-1.409244499125123
-0.321486494802427
0.135147358018812
0.086659074777036
3.236821846958363
-1.556297325598766
-0.599619827006733
-1.889392897089476
3.021987567767657
-1.822505952067625
-4.292178837892173
-0.447447461743883
-2.706184513664088
0.094105267682959
0.360555948461133
-2.899493700993891
0.928314934646449
-0.822777493875679
1.681135627610997
-1.418009039993635
0.107747863621492
-0.287908395542590
-0.294592788472441
-0.149716702431395
-0.369398877214083
0.102305351550755
-0.081659211812467
0.000000000000000
0.398713778354406
0.084644197595702
0.205169242810870
-0.005867055175234
0.279636666118395
-0.493923454959062
-0.093550002627732

-2.050267024197825
-0.646970191682725
-1.572552079746574
1.630197412230854
1.042590623915100
2.287432881861241
-0.297659976714456
-11.617186514316522
-2.246066917562311
13.111362323144833
5.304183709635317
1.379247614292807
-1.225605776248831
-0.625591531418589
-4.988766489605118
-2.050781988978169
5.077980584581523
3.333310309689431
-1.650433105611834
-4.432926437098423
1.432419906829232
1.770431520774902
1.130103737692499
0.049064413228663
-2.514540013629893
-0.310160623309639
1.932573674967844
-0.479826856423118
-0.309265544338262
-1.719228640660662
2.063219991156395
-0.374807926898196
-1.218604175048636
-2.547305753475802
0.649926197702170
0.179821665445846
2.751853337493626
-6.747114571998235
0.286258643440306
-3.902790991080751
2.181231442195146
-3.988603008795497
0.011283298222650
-1.155324892031541
-2.345501727208788
-1.080956162586664
3.654045268768045
0.292707047272870
-2.124559636603156
-1.682784935691553
1.585534057058997
-0.363941982608290
-2.339687452149275
-1.572870577965188
1.650078163770350
3.221293404144642
1.995497318680174
1.275001432074795
1.994499948834264
1.366153391627304
2.149673059237677
-1.753110918857716
-2.769210039729998
1.914689728579836
-0.622844221423651
5.145382250803577
-2.667205262494455
-0.466161683850576
-3.667676664908564
6.357517748519645
-0.144173084082263
0.407371795592203
-0.229184189704012
0.664652467852578
0.944042068366864
-1.524801394101214
-2.413415094809655
2.267745187137778
0.808968852072223
0.490929668355718
0.094187147479377
0.037419550891982
0.220450451470136
-0.559943114290945
0.371194782116543
-0.041771317950674
0.039738738413034
-0.194548933406037
0.011885519641987
0.671729072294755
0.078188160335673
0.303972954599266
-0.791543417354214
1.034440710471004
-0.590164617950377
-0.035045721908648

1.200486890280554
-2.994463929906173
3.615212405566331
-2.978809860161300
-5.719698093799056
-2.394067795404816
0.102291476116986
-4.223402102740587
-0.087553016704451
4.929317742502448
-6.714442687869623
12.993044077047136
-4.619566674786844
-1.725154024993621
-13.479727920816483
-10.871801727236919
2.880128763142602
4.148004896425817
2.686462830043280
-1.373616029880507
-2.870999398986565
-3.042985559803305
-3.099170036138284
-0.421519507115747
2.021374898508301
-2.584068809599910
-0.568132851997365
1.865455469968588
-2.396251764308549
1.480589711821002
1.664678675601489
-0.273995327565711
1.782618730542987
-0.095356260376049
-2.342240478614270
3.127590022714600
-0.646703390063104
-0.009448808567514
-0.589000568160689
-3.596580467382342
-0.486604207528261
-2.230754056142995
-1.693960522899166
0.861691170449911
-0.651980230614690
-0.659215872738351
-0.961264811445508
-4.535058523896558
-0.084370668349126
-0.092197267411322
-2.598949543128591
0.131922653529988
-2.263612240900321
-3.024097639301644
-3.789230386007301
4.207628649766825
-2.243633198963852
-7.471435067449521
-3.616611043534075
0.870391179284873
-2.495433243593701
3.598577541715772
-0.287913114452892
-0.508561078221035
1.553751060104474
1.566283119817334
3.336420688904381
12.238539471898703
-3.766457217508083
2.780913801944942
-0.306081481682062
-1.094441479375210
-0.483414557168223
3.852990015900895
0.689721384806169
0.973728367810593
16.488246588262633
-7.247330434470358
-1.186453105133999
-9.351082016526254
3.433493944188774
-0.359057895922966
-3.903712492809806
-4.579633698484997
3.910191585923332
0.544010903923166
4.811920769102019
2.436973769841740
4.885827719046674
4.787969386090487
3.732436399710336
7.281647589936915
9.171505362849532
3.816516840538238
2.314529383390875
2.916218257424913

0.000739657665657
-0.001343026095243
0.073096509217770
0.018462632877707
-0.047108145644372
0.043967756842561
0.125102388982757
0.261863034614677
0.327002294527804
-0.361500291965932
4.163931576062465
-1.668449898038274
-0.118986294598207
-4.732362727994720
1.883586089049724
-1.665474511399960
-4.701633332226324
0.380402295110962
-0.209060978540001
5.661809187305779
0.040960386018718
-0.234504747904963
-3.215108455324101
2.465418385985843
-0.367280657662225
-1.312232380364485
-0.136135402163162
0.962700038674097
-0.096063298629701
0.524513172723797
-0.041693996807521
0.210765532550004
0.077161923292570
0.077543750132158
-0.087120131804948
0.004334110202563
-0.408393135474319
1.498816615589585
-0.140396570376314
0.255456577812234
-0.139138389645546
0.478481167497070
0.115923993119969
0.019044104863237
0.011238288880038
-0.014465977560146
-0.020952265323175
-0.003765600560805
-0.035112956458285
0.050678539585800
0.010683297272425
-0.109443094228708
0.478738868385461
0.117240864022844
0.005542305904823
-0.197519355260308
-0.241118096282895
-2.086519991311897
-1.029604754751524
0.824082905371536
2.496876081805719
-4.755056970572543
-1.415308927650972
1.293039200839447
0.226205120255233
0.489872180491552
2.223994265803011
1.666785193087315
0.141902946935578
0.165817629409154
-2.199046248148717
0.027597125059172
-0.284884986638804
0.247490747434622
-0.076345843302163
0.008845439887546
-0.055973025759606
0.098636459105828
-0.030734551824763
-0.003256280434983
0.039198084071204
0.599799154613984
-0.047916979522284
-0.060052217905254
0.025529806227800
-0.440828695406311
-0.151956023734653
-0.153473050543598
-0.171018719389422
-0.192472598357769
-0.113439637148504
-0.069017171706355
-0.047053910020531
0.350530088528232
0.724990580248216
1.693925963947938


0.041756  0.115385
0.059228  0.101989
0.074130  0.079866
0.056252  0.118611
0.022728  0.081917
0.101160  0.078638
0.106806  0.133933
0.118701  0.103418
0.168838  0.085133
0.124827  0.109564
0.182397  0.041679
0.196792  0.056145
0.137302  0.037224
0.184511  0.041508
0.200927  0.049262
0.258394  0.068528
0.248943  0.081743
0.231762  0.077917
0.289153  0.089902
0.245145  0.073990
0.329938  0.069888
0.388048  0.092421
0.458906  0.120934
0.436084  0.118548
0.404546  0.085763
0.520901  0.097053
0.370238  0.311655
0.364969  0.292714
0.285034  0.262557
0.381695  0.229490
0.282835  0.232378
0.205710  0.198886
0.243679  0.224392
0.238576  0.326774
0.229151  0.307723
0.231174  0.376450
0.238775  0.436412
0.330550  0.396622
0.271405  0.393827
0.303563  0.469599
0.215799  0.352745
0.229151  0.406828
0.149066  0.434545
0.118026  0.431350
0.081110  0.462842
0.090679  0.492214
0.093371  0.459061
0.063663  0.531188
0.094736  0.703759
0.104086  0.795464
0.130254  0.734642
0.143541  0.769654
0.222316  0.723206
0.194320  0.669901
0.089771  0.755225
0.201268  0.691612
0.305475  0.562228
0.340076  0.557821
0.407026  0.548044
0.439067  0.594038
0.494894  0.594644
0.524152  0.583559
0.519581  0.549768
0.550017  0.527481
0.406672  0.607850
0.342900  0.464256
0.375022  0.564320
0.338058  0.535164
0.346855  0.488954
0.313467  0.395579
0.321867  0.409930
0.246423  0.426557
0.190943  0.414868
0.223249  0.439386
0.227325  0.498907
0.201040  0.538085
0.192652  0.587185
0.199633  0.567194
0.095173  0.624201
0.178018  0.595374
0.165850  0.726579
0.163866  0.958515
0.088126  0.900615
0.061827  0.865972
0.122117  0.879277
0.000000  0.000000
0.000000  0.191703
0.000000  0.383406
0.000000  0.575109
0.000000  0.766812
0.000000  0.958515
0.110003  0.000000
0.220007  0.000000
0.330010  0.000000
0.440013  0.000000
0.550017  0.000000

0.304106639046025
0.328496680688763
-0.086511968626933

0.529320181746803
0.558924619322218
-0.109267413984185

0.828265294653897
0.385378000272994
-0.081692220468720

1.069471310174013
0.252958273060398
0.048339847021727

1.506469731467990
0.167714417021045
0.119119238446844

2.030452621182385
-0.006308286295661
-0.000320592785871

2.269169678438117
-0.087707056513540
0.268417977856640

2.664543806441673
-0.226026391473437
0.119241255046532

-1.535779690916938
1.989575669505047
1.266491509402261

-0.166348043303164
0.730749384374200
0.322283766824356


