0.080000

0.600000

0.000000
0.000000

0.709867
0.899388

568.799440
0.628095

105
10

0.125499041887310
-1.072527135686536
-3.098333889304092
-0.568604172774515
-1.527978714085140
-0.083320967275758
5.990514894349761
0.258506174868414
-2.888649863298094
-6.461755159173790
1.156488181540250
6.623544617999467
0.767209917796765
-0.969913861895596
-0.206520470399966
0.423898877446591
-0.992745393335097
1.548346342056365
0.683803310319746
0.359808723414157
-1.355950520409948
-0.019744141554107
0.842765502191605
-0.632117939614012
-1.480847822469521
2.579702003516022
0.450604852973426
-1.032093358942046
0.114010201705680
-5.346577855825084
0.567657051431169
4.038131664333039
-0.152233797537673
0.583885111814265
1.220274939228093
-29.626497775502294
28.443651751672011
2.096838966856928
4.188197253743323
-2.908804452630319
-2.057946292385849
0.544089707824839
8.379199472140424
-2.830438999840739
-2.892845772300303
-4.609897299489415
-2.729514771653765
0.415925498643894
0.333577161114117
-0.122954624066854
0.726271745637364
-8.920142853272234
10.137271697988920
-0.224556653577778
-6.522597872842935
7.174747369620684
1.593490566509109
-1.344017283091490
-0.128570117098334
-0.932259275290027
0.767073307492785
1.243796638290493
1.237209716730602
-1.356053806865045
1.507384304034888
-0.247936262545821
0.522955647795194
1.888551308259983
0.666443941017239
2.265427019951094
0.356287971737955
-0.717585529637451
0.195936774156485
-2.499121543573990
-1.308994276598428
0.240664636944017
-0.595861838769523
0.316106567281696
-0.470508376439216
0.363907381729423
-0.815996228244911
0.340859880813218
-0.153454677161127
-2.177102910477526
-1.473949847847108
1.815664852649033
-0.570644259874190
2.139599523893299
0.807373084552876
-2.595641865105554
0.779992678790247
-3.272892769565978
8.699786490368862
-5.136426016162056
-0.130246397795912
-0.836082178188161
-0.460671830417352
-0.392431298802725
0.060894656288022
-0.474224749656824
0.355495572379739
0.338013056344542
0.097051174176640
-0.169656465829672
0.222053474520688

0.649169148272701
-0.796018948622184
-5.193910231877964
-2.385387442993083
0.904836644304323
-0.805199025169081
7.107434666894948
0.074150992067851
-0.507336121396056
-0.282907717160537
0.266684955181070
-0.271054501469986
0.365032634179054
-1.427842992014804
1.522991971208662
1.132284099751322
-1.921209005617175
0.398451594392464
3.455238642598874
-0.774880233022873
-2.506584065510336
-0.222585466355552
0.177640766083179
0.431291385007926
3.831673403498494
-5.152907504927362
1.289584652480166
0.895551477333333
-1.014514317410276
-43.428706063605830
11.923245241507226
33.036477240752674
0.118232873556125
-2.426894487339559
0.969364851757299
12.407492836246691
-9.502536289009932
1.413984915888510
4.530998616845783
-1.775517174837994
-4.212269779601638
-0.701076933243692
3.218947085911347
-1.854293887454710
-0.941074740499924
-0.424140303489914
0.082890344307398
-1.325633019454765
1.482414169456825
1.020126757088138
1.578540468740395
-10.931066143281550
11.204482031149746
0.013088929537270
-1.117069300891052
0.850142811950608
0.893379968145288
0.312516247480303
1.694898031794772
-1.730528031387349
3.851852098691188
-0.244865251910708
0.077826319994593
1.319634187894575
-1.885318339885928
-0.668292972305773
-0.511525343061759
2.001944339637643
-0.824842589571191
0.103903414752738
0.964039031743432
-2.068355463352856
1.450252417810627
-1.479857539800516
-1.182732399733250
-1.056033841489896
-0.479117283865901
0.217159771889059
0.218092774286697
0.299347172225181
-0.073892844539632
0.056132831353305
-0.498770347548214
0.072749610648598
-4.272267243426331
0.418899008662536
-0.622347242758544
-0.469441713307717
0.096986308927078
0.846637066894282
-0.264790817851110
-3.159874882410178
6.000363553493171
-2.356947472830858
-0.273547752914697
-0.386755444169851
-0.689687538760928
-0.081333836688358
-0.495763582459967
-0.075321338141244
0.749923175439161
-0.707297731388897
0.433245668171614
-0.341293863800879
0.371189188667368

-1.328405894065736
1.327795691846877
16.311289713189694
0.143346442023952
-2.760353372291196
2.365671214984504
-15.860903902164642
0.353201828789013
-0.848457359657953
-1.537160364197953
-0.062519150332505
1.460012391702708
0.189485909814632
0.770936596334677
1.680378357508556
-0.651317040015251
1.556505280652127
-3.646803637335357
0.387424961089513
-0.506467786229715
-0.124179157839195
0.763995728585888
-0.811227540428080
1.225700086196111
0.358141670747262
-1.871166466325888
1.157042393269390
-1.246092941405826
0.507370443029455
-35.044182360043436
4.475535401788004
32.122997295898664
-0.338533556734196
-0.998900894641546
-1.159780882871276
-17.417693210387473
19.428153567218974
-1.959103852697320
4.280988823123766
-0.208109948039385
-2.874639150268437
-2.123282947291358
1.719621125360123
-0.715829995904088
-0.447762672121705
-0.548052038374571
-2.408105844811914
-0.304280195691202
2.810875887295495
1.108571154111546
-1.693396212735440
5.949791533076364
-4.288626190131319
-0.220147538668495
-0.298289589762920
2.775745246794853
2.364333888780587
-2.148689944446927
1.325366413008406
0.155286466164893
3.015475344672818
1.186546143885556
1.874259900869503
0.722308250054988
-1.943912236699450
-0.261508643611550
1.811129939703916
2.111163394258806
-0.091663271152379
-0.768727670583617
-0.109760139386108
-1.826798687437814
1.638202499021631
-0.885483362835376
-1.622219884879445
0.731532178473683
0.038609365732205
0.536413186283031
-1.660725945227311
0.552920658223260
0.032862458240222
0.156081070454371
-0.466928241473214
-0.529103742888636
-5.152227253971409
0.464908313431223
-1.243347598910945
-0.831526802113292
-1.321639177232200
0.480230928047414
0.866507449261315
-0.303574717715811
8.570255414947413
-7.634537154563186
0.108596706577612
-0.516992452482084
0.240794361447248
-0.831185519311307
0.187509560921473
-0.616148848955252
0.552706986177514
-0.026679510684128
-0.181359535572358
0.261497202285776
0.062435132875204

0.304525732270421
-0.470806666991422
-5.436928420894142
0.310076579142424
-1.227344977452449
1.851540229538803
6.754110534036539
-0.556524439682549
0.602520532050877
2.119054927745394
-0.115657035392535
-2.765032616808799
0.149820389143392
0.382325063943758
2.556332916688517
-0.857376251365123
-0.087729387632312
-2.729373067232404
-3.173404309549563
1.234022392427474
2.425894241303305
0.137819295151108
0.100810771339924
1.059025062252392
0.069769999339950
-0.072678747356499
0.483927584235156
-1.714935024261175
-0.103417805470721
-15.258318948648201
-0.355911791386024
15.964154709093991
0.534574139730586
2.650552878457299
-2.545989517077824
20.205356885603969
-20.595540918943513
1.693676808045447
0.272128470915662
-0.325800389471708
-0.457340482171491
2.240243780004731
0.924845143040527
-3.482031870012014
-0.635053904991992
1.712926976483697
-0.921532985095325
-2.211073678955448
1.034470887098519
-2.547360598618607
0.521003128030232
-2.107058783490913
1.400400176842470
0.354188945083600
2.048580660771577
-1.547659176650485
-0.130436124972416
0.716463662008268
0.848352754644215
-0.833469269050755
2.389306335142569
2.575693547054747
0.089103557050948
-0.624744772176926
-1.742081944370038
1.746432636999233
1.398695250246448
1.420161605102558
3.901881066366313
-0.109550403454823
2.178996284168770
-2.496868606626117
-6.720914667915309
2.674497378413808
-2.333908696123982
0.708160154006677
-0.409955057289040
-0.534017789237165
-0.910671049258679
1.113688375491745
0.016542196233880
-0.890317482821890
0.121511376323881
-0.143618286814488
-2.670464483521828
-0.241693896435906
-0.691041228344447
-1.312940627913462
-1.010290823257479
1.532021145743045
0.318676786400277
3.176589094206557
-5.677153051362589
2.592658363689715
-0.131362413757074
0.495366505117472
-0.083767577271948
-0.417373887044067
-0.021227980874260
0.173047501841067
0.677679210728967
-0.598515854952762
-0.069916107307132
0.001299245690712
0.142680015307899

-0.768332204078158
2.378937239985765
14.355998515422140
1.032704598638162
0.557627983210938
0.633679960982124
-16.891373947963135
0.523319634106682
-0.447322922626586
2.741629392389104
0.217399667047462
-3.090643083978665
-1.155996351231435
0.461111785745807
-3.498217593927014
-0.600205780207207
-0.555931047081768
3.243331880678773
0.812775602514958
-0.904509785046467
-0.181538883679575
1.865197369098254
-1.251234642541569
0.045409755791027
-6.679163767565630
5.371134782744727
1.083004704165575
-0.800330172365413
0.624095608537986
-23.528909612919453
2.015676836213410
20.907926676379510
0.878978474992946
-2.572341978405433
0.556886403548343
-13.146071590883944
15.737140198970621
1.288810322910126
-0.967846301036110
1.808045894084601
-0.454841994461838
-0.052699678838548
-2.763105776036475
-0.378079901560859
1.824838907591588
-3.199031724371322
-0.811904398658225
2.831733095499956
0.683426180545588
-2.060429263390189
0.176927900755405
-1.545950240930304
1.225663490657795
-0.122543270145868
1.164670033473482
1.720523144400559
0.732536267222425
-0.203570777296761
1.703972765732221
-1.040517281258684
8.251079194759523
0.471803576244221
0.513223215615958
1.609789654260834
-0.658197058518660
0.597868567558675
1.216137803763726
1.072797348199306
3.459703376152191
-2.108425429965492
-1.008447850246092
-1.383599157142743
-4.687818661341778
4.307335580840381
-0.863768471588323
0.299099075470781
-1.488886155342655
-0.005496293324033
0.969457399840957
0.173390267440657
0.644184599505146
-0.777591610732860
0.953379617054802
2.596262064006675
-8.971897735083413
-3.014046985094633
-3.666190090037712
-0.905666312475055
-0.543737404329885
1.333040617426916
0.050088787946027
-0.291478953920138
-0.206997079040463
0.638244854046039
0.009673815927827
0.247573114645964
-0.130521855797273
-0.422340246655420
-0.173302262323166
0.037866779555886
0.795478474961358
-0.130300286392855
-0.536216428890091
0.222550718634108
-0.027573281500729

0.044497685878326
1.065315233703553
3.238563053618529
-0.194265266929375
0.525385266151337
1.838226284463418
-4.325545686779936
0.291624933809322
0.499207253456700
3.947042356847850
-1.958314215887237
-4.163074587300986
0.078029416126869
-2.498829783913783
-3.239666690279802
2.312420719809436
-1.000118767540847
2.824454973458303
-4.170383998507748
2.897427509260554
1.851419501043631
1.139210732084939
-2.147730180643604
0.915041936677301
-1.519012837596339
4.562471631123100
-1.371627168132936
-2.228547726404401
-2.216409536163550
-16.731095258074749
1.761979958910795
12.590000855253631
1.355775671083120
-0.609512592230520
-1.720814177647738
-21.371843145854896
24.619439850646110
3.404497905220333
3.277254460572636
-0.728739425187192
-3.694360143429804
-2.660392173920962
2.662461937137706
-4.372691777753317
-0.000000000000000
-4.590736572649292
-3.005581675376457
4.939694877967400
0.695668708103313
-1.162370545317801
-0.943636496448846
7.395352417952383
-6.688053997589038
-0.463072689405046
0.000000000000000
1.466102752036183
3.339033557927768
-3.086647881764977
1.997450433652580
0.208171359999558
7.191814552585374
2.401742035070117
0.049368951279956
1.622846547851245
-2.867128242220671
-0.359909742068150
2.837009954282658
-0.277591788981999
1.742796302968027
-3.432104745773513
-3.817602317009138
0.550962441478990
1.252865072681003
3.126266699670280
-0.504200195784912
5.001302106476030
-1.442126188376191
0.747080295581311
-0.765459461018308
1.188811697609086
-0.280842089006888
1.717898958169932
-0.520315428766588
0.562482911377582
-7.345938373027118
-1.177881889851525
-1.640112610284094
-0.648323593684426
-0.437075058129671
0.970040990387396
0.313485697227790
0.062487033180928
3.260078715830507
-3.354254694782740
-0.176718420216566
0.256056956166116
-0.125367760029821
-0.361040393105102
0.368540001586343
-0.447050287932835
1.060683318273328
-1.248161217015578
0.376327835162146
-0.589187955726007
0.277287524483673

1.295223578414440
-2.847565480746383
-4.729798492675233
-3.175100985280813
1.629689321993843
0.798239707610150
8.581728042387521
-0.079373389761299
-0.375593805774702
4.033810971925701
-0.454470786120919
-3.239079487783983
0.413320414660799
-1.999010737376254
1.440151207786634
1.296575421385123
1.575057130551494
-3.578818867012439
-0.103420876881965
0.926654830543690
-0.517137909488160
1.589718965792281
-1.807747492709366
0.219470603699074
-4.712269756997634
5.154980825645234
-0.805750069522698
-1.726239583136520
-0.777439294367450
-9.997939585566806
0.069468829488694
8.872082255488573
0.935224556830012
-0.169384598721947
0.578542962042893
4.342771809270919
-5.129833980844084
1.360147503404625
-0.296656516159784
-0.000000000000000
-0.489038677163876
0.451722600041105
2.669507976942699
-0.797535001510678
-0.740447670911724
-4.865463460269867
-2.676180549960366
2.105101630123717
-0.047747865650628
-1.051727880882768
-0.375767258634844
-2.883448222307850
2.764331175461756
-1.509052314917351
-1.906339996886780
3.096308967998055
3.493336357938360
-4.032204271333381
-1.035053619435866
2.266355502016992
-1.545801828236378
3.184649699380141
-4.629855345470079
0.491664434124577
0.507473769765948
3.202946114248436
0.338222464822066
-0.613639394711131
0.884375813343277
2.395392811424048
-1.032211168019999
0.043706384255609
0.210960086273711
-1.811401052672332
0.227947115960636
1.785337616421300
2.189096322296357
-2.311458835699503
-0.054125620941355
0.021948756865316
1.139455557434306
-0.322627892357364
0.745673920412528
-1.329027627506442
1.864402409931389
1.676257405388390
-0.909423749670037
-1.377616103020597
0.159914225627763
2.130526573560986
-0.464223360576285
0.293506659733139
-3.643783082901341
3.175216536589357
-0.276990710385544
0.652704288743481
-0.505629888486626
0.405394216222405
-0.171647045259594
0.221468468120596
0.159170311878997
-0.224111885245121
0.001447403176851
-0.033367421556165
0.121196745491492

0.642998267149441
-1.690679690184676
3.510153036939324
0.968675907904703
-0.804488265858290
0.516552163534436
-2.696179336877139
0.787192150709405
-1.809004957629896
0.976398516285119
0.167185802722407
0.038912772872811
1.029027414668377
2.326494654763227
-1.465183254245101
-2.753339855952994
1.209381929744198
-0.555070730031568
-2.776625122019643
1.730098863797152
1.248199279717182
0.542714261396322
-1.205388817823533
-0.723445175446552
-4.216506797850006
3.710026025495435
0.001920258159906
1.182961782596177
-0.816359766400646
-13.948011096616977
-1.167125389960684
15.059932992352337
0.360948099687101
-0.100730507981197
-2.937694213448190
37.088626369971259
-36.033235414776932
2.244427563759942
0.657145095396249
-0.023883279972010
-0.981326615894885
0.531063535647063
2.454871315721675
-2.579531143234546
-0.470893851843883
-1.403076760379980
-2.606668861131114
0.819131407543411
-1.180607555157323
-0.724381734927339
0.313962005827145
11.527389011152192
-12.158112398948482
-0.085427145467567
-5.135266321117639
3.053025165680012
1.129826387726291
-1.495910439826437
2.021752549324700
-1.477067274812413
-2.533664298378640
-0.000000000000000
-4.690993191440367
3.036546173234235
0.296739146737673
1.946058198224033
-0.959095706841490
0.549622856509643
-0.193685378396844
3.877227518268638
-0.818390598389880
-0.854730136133347
-0.473533198053890
-0.477205575865240
-0.820217726778721
1.723554054179751
1.622222990286882
-0.876229123468927
-0.381646952261339
-0.364687806077820
0.915960373126627
0.645917140952006
-0.616933860768378
0.551291091663791
3.707675472628810
0.118509415125672
1.107518450934758
-0.565822478592490
1.456644049556427
0.701256905736394
-0.389435375339121
-0.000000000000000
1.987799411677256
-1.972292693605974
-0.194620470130400
0.484049614616780
-0.106736647633369
0.621906696331235
0.011893621134951
-0.227983226197543
-0.147404732836326
0.581431942458693
-0.386096805063202
0.150503447543387
0.127252515120473

-10.125518846013623
-4.960828222148869
14.700981493408561
-1.002115310049029
0.023827819768982
5.065971886609335
-11.944805011368448
-5.148297426360429
1.897053470378533
3.403325083094064
-3.099609783021017
-6.157308104534579
0.107077511813622
-4.974215872794405
-0.238312043532789
0.169938587927600
-2.193044750221291
0.083973091582574
-3.290664868800297
0.711253404887422
0.871888112312285
-6.441863658963041
1.184880379429750
2.344403904826924
10.506547622967311
-4.846465655437807
1.711796781563575
1.805106792685983
-2.801510643609467
-3.578902171599634
1.425790584423169
2.395597678025268
0.069491966632216
3.274159043362213
-0.613694182275731
-1.592380976679489
2.616040618245975
-4.101916359470904
-1.418548566969619
4.298273862759075
-2.297656766093427
-1.478161344571690
-5.286398574554375
3.021593032203809
5.843410392791871
-0.085744327520623
-1.181130696000687
3.323827514676807
0.573900220733052
-1.123900381279984
2.132660625154751
-5.505043591484642
-2.621890459377246
-4.379136342385293
1.049469224134549
0.097528109807241
1.418860354705356
-4.049744988759314
-0.114630518831350
-0.336766947083810
7.445041895134350
-1.726463327666073
3.476422487084054
-0.913516233989604
0.068345087849785
-4.414387594663531
3.068410467879932
0.509828410570861
-0.989092794488105
-1.425918065972234
-3.042036675345072
1.537920642777117
2.346046414060253
-1.231850590054151
1.370649365428513
-2.844161724451543
-4.913300145952364
2.269745748700994
5.828521312815833
-0.486088453632284
1.058890458901181
-0.219829240607328
-0.007233122783859
-2.732872767140550
-6.106839048741339
4.082746522729284
-0.850878430234782
0.856742643199061
-3.628605838516251
1.938656841381439
-4.716668732069271
-0.895945779881077
9.232631566242327
-14.056042732014081
-0.767560674403633
11.515875523174975
5.113352723029140
3.025173202083662
3.776510066267603
5.103163413525801
4.014267178867426
3.069366307891876
2.487678213897742
1.929476115535626
1.705407386284194

0.000260333684637
0.118316697319630
0.084917392907899
0.156401372353634
-0.421242348050861
0.371486507790039
-0.104616387420987
0.629900705791050
-0.473559303290294
-0.482244358559379
0.433042332704635
-1.291210021795664
0.348623709436834
-0.892628516487810
0.161647513131098
-2.256898348607452
-5.221057648160023
1.267416717156672
0.723972387169864
-0.065360650492875
-0.309341089954063
-1.160279206131954
1.403594515566902
1.108447716682155
-4.912446744808957
6.091550015706661
1.481549476330946
0.604709724731812
-0.908807478906188
21.737412369132702
-8.598586146184216
-15.004829299472060
0.322066079484957
0.302429992066624
-0.924260763194066
0.742828715948419
0.058969915940627
-0.487001852318402
-1.142902053122409
1.411824276875805
0.256929640188884
0.023637083433773
0.526673535210178
0.222559179566864
-0.363211887550812
-0.327465667042562
-0.097097209748400
0.080429136086853
-0.004249628614009
0.045780605650914
0.000788510643282
0.021855952917954
-0.031270427992108
-0.002565517031854
-0.144042729274179
0.128283172021513
0.066068062153450
-0.079820497701341
-0.034422651850993
0.003568748178438
0.093646894815466
0.010905037886319
-0.199047884775316
0.283988813106524
0.133625093951612
0.241591642852842
0.308204188847236
1.181361395525975
2.929813632493171
1.124787743916382
0.225662625841842
-0.630126101992713
-3.870169858079467
0.765012603301673
-1.167996971319874
1.504791164854781
0.252560923640609
-2.000130992377123
0.556551866325133
0.718998709197665
0.479264960572852
-2.844236410836534
0.701678857681509
0.818349291910303
-0.093292805150008
-0.548447127315139
0.028923958663625
0.049022638238870
-0.023889627491316
0.003690147802789
0.061120020177676
0.320864118789676
0.077018820997226
-0.109196428215291
-0.375391067204717
-0.091875749589006
-0.098977523807135
-0.094468960469613
-0.109853375313518
-0.011686790007454
-0.061374655952975
0.642281531848928
1.372530010198173
1.479696901846576
0.767695076355008


0.037510  0.151776
0.096488  0.095727
0.104464  0.122727
0.115644  0.140379
0.135197  0.137078
0.151886  0.159613
0.106931  0.118269
0.194837  0.103105
0.231365  0.107884
0.285854  0.104802
0.316073  0.138283
0.272271  0.102453
0.396714  0.123084
0.452291  0.112460
0.545886  0.132183
0.433859  0.093700
0.572673  0.116415
0.552440  0.119391
0.644296  0.166656
0.634856  0.134424
0.657522  0.193204
0.563429  0.220821
0.552635  0.373428
0.525945  0.170515
0.542359  0.238186
0.534300  0.227802
0.595795  0.265438
0.510837  0.206565
0.496329  0.260405
0.433599  0.271502
0.440630  0.279343
0.430572  0.271246
0.441208  0.203670
0.350841  0.214530
0.360551  0.251363
0.327245  0.222103
0.327506  0.220721
0.214757  0.222515
0.251331  0.217929
0.240433  0.207776
0.273792  0.222386
0.167645  0.220079
0.220749  0.275208
0.214421  0.241900
0.219886  0.296977
0.193959  0.265135
0.253238  0.311329
0.179783  0.256800
0.167035  0.274291
0.126639  0.192554
0.076925  0.266381
0.046858  0.249720
0.044840  0.252115
0.075495  0.383695
0.135392  0.532667
0.139398  0.518506
0.118020  0.448177
0.131050  0.458930
0.163987  0.358830
0.130866  0.371582
0.196080  0.434559
0.237088  0.335956
0.241925  0.419790
0.254062  0.368285
0.172552  0.322557
0.260878  0.433076
0.291526  0.309271
0.310005  0.410221
0.377677  0.365176
0.326000  0.317720
0.328066  0.362707
0.301831  0.373526
0.347667  0.341938
0.336750  0.328083
0.337373  0.439757
0.462255  0.306963
0.452705  0.368423
0.430958  0.403183
0.439456  0.334747
0.480562  0.482528
0.559762  0.473374
0.663486  0.433594
0.709867  0.407094
0.253252  0.529334
0.198304  0.421557
0.244100  0.513573
0.171731  0.528461
0.190730  0.622013
0.107703  0.585469
0.165936  0.607324
0.089260  0.670494
0.083815  0.899388
0.065913  0.890985
0.064192  0.882768
0.000000  0.000000
0.000000  0.179878
0.000000  0.359755
0.000000  0.539633
0.000000  0.719510
0.000000  0.899388
0.141973  0.000000
0.283947  0.000000
0.425920  0.000000
0.567894  0.000000
0.709867  0.000000

0.482171889017912
0.158036943219981
-0.141602017931318

0.692039435794162
0.222121657810204
-0.077453962571187

1.027476975833615
0.116148382716412
-0.124005733172621

1.207434186719135
0.091728076780439
0.032263715094374

1.543263772986366
0.183315155413070
0.017483277059189

1.883225793044288
0.103755236589644
0.031109852654147

2.430591516462600
-0.053452129573024
-0.086103872404884

2.802921725247160
-0.026754422831604
-0.126776744427050

-1.627637953772292
1.921512970443675
1.556209020194426

-0.205368468753980
0.349168172309362
0.334925020974723


