0.050000

0.600000

0.000000
0.000000

0.331251
0.791480

874.414548
0.425259

67
10

1.168639473144247
-3.095463279380175
-5.319072525077904
2.196483060830943
2.445425800882968
-5.358759145359230
3.698658081292825
1.392159632662675
4.779346550602448
-2.974098291119621
-3.803680342712607
1.847616782841766
-0.153296773752268
3.468819386441359
-1.217019920218880
-0.626992245045011
3.793301579993859
1.144086834658411
-5.297715262681631
-1.608272329256392
-0.286106667343766
3.885057649828573
3.632391731695416
-0.580903554484071
2.040262332079808
-1.716509434509207
-2.807123021757782
-0.754886806265473
-4.262215631766608
2.817543804724014
-2.963470475700619
1.011435280691155
4.032477193090399
0.436690591262900
1.572770872280091
0.339562589384423
-0.280172490926711
0.867635356442894
-0.843387966969195
-1.125388381211951
1.116026689881755
-0.575190178108026
0.161620655479368
-0.456866134874845
0.099777501757019
-0.870759008482033
1.018221135906435
0.675339068821690
-1.113676261086041
-0.494110861538621
1.965560525324255
-1.811556103807220
-1.454847870975424
-0.117113192636763
0.423409133536508
-0.268164587579127
-0.132268379950643
0.368560501864693
-0.151128231544555
0.591439770442821
-0.050596926149687
-0.428548727661975
0.103934165267269
-0.184042914494153
-0.017693130648413
0.498379999895283
-0.391536672705035

1.434235054394985
-5.648007202027773
7.764697804962280
-3.317050028499107
4.324752543055201
-5.144530642117118
3.672851756506436
-4.122978679920164
-27.539994873669723
-102.116846007068990
6.819066699667106
127.577558773380120
1.736260225688551
-6.526567980629822
-0.513462156940696
0.589178227832841
2.154977672967660
-0.338384693660579
-6.239129942613350
-9.298026086910868
1.196872673512462
-6.300781768841064
10.651875095040356
0.734565712621331
0.210072464341519
7.585409797830966
-0.858418794166259
-0.988761092842216
-8.620561480882042
-12.237359712397629
12.200884055754779
0.846513842928551
8.244000584257874
0.471574149050309
3.990421943747456
0.210201241379752
0.521301491511190
-1.382391569558929
0.854104093721202
-0.761663615978274
-0.958228918920628
0.379789292124296
-0.441797009053408
-0.203891331986572
0.461562953960374
0.480339236982539
0.547048394394523
-0.295672642687393
-0.664524171450920
0.211909348425852
-0.501427594497109
-1.236196512243570
1.223895141756363
-0.989295070233999
-1.318584750535428
0.696455560401718
-0.088874391538382
0.643399353326077
0.307311730952979
0.358492892986824
0.178675961992869
-0.389775979103348
-0.444266928674476
0.257356930394552
-0.068747117516874
0.855910941132005
-0.837324898643463

0.013295587776224
1.839228534768801
5.590530930420152
3.728630266244226
-2.046018897212310
-2.906392501091597
1.725264979702153
-1.395293901295002
13.943979023968051
119.324024443979950
-15.888694427047065
-121.948010483452590
-0.611705500316032
-2.658267646402349
-1.865302980633437
-2.409611623625253
-1.837223433016094
-0.085670092177728
-0.091355222887810
-1.707505606137693
0.387070352858575
-13.507232239522834
-0.627144375226740
4.542507466281744
-4.082194307904993
12.743545146421223
2.553574003846846
-0.817364386135695
-0.644630741625549
-29.690263401023770
29.987052352880212
-0.571873725664037
2.938741225459565
3.634008314383465
3.711821183084852
1.571433214395738
-1.450157894261115
-2.301704341790758
0.618078178732992
2.482504149594345
-1.330468970318364
0.887236480305903
0.349914679896421
1.585384438986303
-0.111015211897541
0.709670811926010
-0.286108494711723
-0.159497323818856
-0.551312904871689
-1.398979359796727
2.008252054821794
-3.296127819640238
-2.013012978673631
0.692273806341163
-1.223689811632909
0.878997762634854
0.183813556808510
0.357673819625034
0.010484622941354
0.302114414766742
0.176262740448320
0.235510045374086
-0.148115992025933
0.143066518950647
-0.007628413938286
-0.634961406352337
0.448591311022742

-0.445817067225060
4.054312814926462
1.472220165313001
-0.994001888450500
1.224052153209517
1.926949731753333
-3.689911647742873
-4.980515049360289
-7.280970125448993
86.101284501661453
-9.370085441649273
-72.938433367333744
-0.893348452407783
3.832879945293876
-0.655723352921156
-1.323828610367882
-0.209111481915819
-0.366553121642083
-5.063023937369784
-5.360624510139438
-0.153015045790260
4.662653014606655
8.425698415094777
1.765260649709492
2.518366600128690
-1.626560309066932
-1.175482678343351
-0.153445962999290
5.781974181805087
-7.398329956248281
7.747759721819672
-1.336877912429731
-2.510442709830111
-0.725860111289865
-0.205638613141811
4.412212970794529
-2.774499423333981
-2.391459698232203
1.945314300867222
0.780613260870955
-0.186123540120758
-0.436929451369334
0.099063500172011
2.759986524297317
0.168212138099504
2.823288483468035
-1.327447220009925
1.445991389976058
-2.668856239241664
-1.777706616195913
-2.439074608487625
-5.760551380350282
2.621579131432148
-1.942489973010410
1.841581532027661
0.293307448857496
0.283759357052893
0.712294983298651
-0.015741377856130
0.487421945792144
-0.193039755273506
0.685797684165798
-0.037384281448692
0.127995056035316
0.062413042111859
-1.859943213270597
1.604603490721181

-1.618301730799863
1.642128169941209
3.456154506057080
1.873212995080633
-2.819148657033972
1.864923357467748
-2.555404369793285
-6.861506075878855
49.713305098103582
35.895206069855995
4.362865071395820
-90.036093925108375
0.246475516461001
2.804286303723255
-0.785376194096764
-1.537306888361153
-3.478651313291072
-0.909004077245225
-3.044725606160750
-3.835513956793755
2.618880709827488
-4.382181224833222
8.475360587669655
-0.141833218542750
0.499831524628940
10.076908156896799
-2.768577683828165
-0.301251559398257
8.646990453611689
10.322171114678607
-10.428828362622967
-0.978908161495393
-8.348051584285921
-0.225187169000374
0.345514732622195
2.531213834700759
-1.823966094302883
-0.854893405419712
-0.274539662215730
0.146912155067698
1.797566266433747
1.213333988842235
-0.951179799027592
2.225840567664806
0.070181458528219
-2.552130220069120
1.742905134180205
-0.765362405875691
-0.695467686517742
-1.825701197043322
-0.378618799319067
0.978126377627489
1.228626472497132
-1.233224251561599
0.495828005230997
-0.771140074833558
0.397712520490197
0.381837757926454
0.207088717145688
0.109946864615050
0.365245477006157
0.536499566393226
-0.951750712160500
1.058996986417557
0.011946829135492
-0.979010714903439
0.768813446472792

-0.905625798891548
11.720440462329085
1.584311016820643
0.318679102608772
-0.503571257246201
4.885401368536628
-4.370514200498665
-1.572114387987544
-30.882889347532249
103.169112649077830
-9.814817083806963
-73.464866619934014
-0.971407887549277
1.394359499181750
-1.621978211252126
-2.420874329277170
-1.535723846400554
0.236478787996935
-1.855463359775309
-4.201431865287160
1.092110550651184
-2.360252550440300
5.248186745796200
0.968152527716331
-4.986297492000737
3.231279865557752
0.729771348930530
0.804944295458638
6.752163768057203
-28.016647127170764
28.378925482076067
-1.921668450615149
-4.998618930316022
0.176014829283776
1.486729577216468
1.045032836628826
-2.281931033872006
-2.499017410223600
2.069694217779703
1.065391011515737
-0.242740692928958
3.367269487244331
-2.038659661093883
3.833534836444461
0.619895297169324
-1.955741210370513
0.014384085031076
-0.666813550123541
-1.996906277502183
-1.652844179083776
1.298744158710096
4.134647960929936
0.753839211575681
-2.495062171128771
0.526863748982387
0.333358240123157
0.340923348261077
-0.107102057943252
-0.077793450199952
0.133369469874792
0.108975547637983
0.741615688164571
-0.244980602981571
0.438970056328393
0.045447714144959
-2.136256521323554
1.751592777187042

0.133850841723937
6.303359564380974
-3.713600383399493
2.760278696958952
-0.804218771522916
-0.368886345800803
-0.996914707476750
-0.528222112448738
8.152882021898808
-3.527481033116909
-1.418825219935243
-8.473975773014150
-1.299318102055103
4.751613748560130
-1.535500850269207
0.585671035552370
0.978039909584524
-1.251079255131001
-1.861102739047182
1.559568748073829
2.689518670787775
-7.605430447623793
0.044374034094709
-1.265608820968970
0.851445179108659
10.199173803454936
-1.408447234239402
-1.141728784228682
2.824090480671097
19.774252238853908
-19.733799916981841
-0.327242278752878
-4.043088800812353
0.197185878957875
-0.280765601910332
0.743421693247096
-1.029342262634711
-0.732861602802190
0.287462299271592
-0.898625947190885
0.989175409175074
0.193174413103998
0.398799425943432
-1.149090000706308
0.139782371780363
0.099805193823898
1.368769448107551
-1.207390101256526
1.432999234858150
-1.747846549829464
4.528536659919094
1.112660953370820
-4.735380639975404
0.101649530998552
-1.108521699120778
1.176790438674887
0.081915262073941
-0.297263152423393
-0.140451125095162
0.046104330320086
-0.202983315588486
0.378171767476932
-0.066145991404198
0.168118394403196
0.012151089053433
-1.182586128192348
1.018932924801488

-0.082182571835593
0.174431988666861
1.835552340676653
0.166943252856884
0.044009493487871
3.831856007947991
-3.659386854537302
-1.260137512140086
-1.948605253138388
-15.967680724532780
-3.195936570262625
21.032865889482469
0.413655291995520
-1.234602166278022
0.123797174418529
-0.666458865306493
0.423687701402645
-0.550341785205657
0.135520545434447
2.365489905835691
1.224563056463388
-6.481501407708570
-2.496344498207104
-0.224590354463842
1.018992661351794
6.385874133148962
0.847978736827701
-0.858825192238060
4.497332425128324
37.978229028799475
-38.290371729447401
0.167048535905717
-4.467342534304168
-0.259452526277112
-0.865975397124281
-0.465525967182831
-0.807456265643105
0.106848178242995
0.428520888816632
-0.787324675202095
0.114698980995229
1.248969591455059
-0.791392335388810
-0.043743275326530
0.340681517091894
0.055696057390332
-2.617662108543032
-0.134628361899861
0.112498669581961
3.235904618044898
-0.678829202675961
-1.864078680180880
0.193803770052029
0.663224333025931
0.606537451694671
0.480062892665354
0.063034491206518
0.189323137224312
0.197376531063094
-0.293072392256063
0.017591608316786
0.201393872909072
0.248406490689947
-0.169502445760230
0.028508433356820
-0.849703338946133
0.811745308065285

-5.422175350085242
-9.285841193651764
-7.399335662862113
-2.376461482422627
5.618695798133831
0.335695409105760
-4.648683818976337
-5.108451362094763
13.287433914541115
8.098599483204801
7.470624113685958
-21.764605745493562
-10.536376380956966
10.431076528644944
-2.132700564543022
-1.321087483137641
-1.616882157972823
-6.800958047037218
-3.353783818541309
1.181332549154416
-1.984543393433886
-11.499353245225247
1.193599258657855
-5.044956985599045
12.193812743108369
3.191854645506580
8.770901349351545
1.654560915566278
-0.670016766285761
-73.765943611759710
72.963784563237311
-6.162089577370317
3.036604621153841
-1.660410066199760
-9.439010723695962
-0.131293556962001
0.475652441078768
4.532160695164874
-0.856418884691326
4.511916529479644
2.692207145299401
-1.754321621548199
-1.750032508726000
-0.537844994475988
0.365839946645169
-6.759125101919866
-2.913784070480408
4.601061813681224
-5.279621587558404
8.842748299168957
-0.447624003161140
-7.712478915863731
2.681056387906055
0.737607093574161
-3.119458741672641
4.928391272576286
-2.457488115420074
9.362386427596851
15.159747108038070
6.828779838974556
3.525127186038392
3.421908597730544
0.382690771138716
0.576469079834795
0.492847647937085
0.343446846092142
1.822538576308793

0.001779746308906
-0.011186754684631
-0.002411927513649
-0.000031886087897
0.000224230439347
0.001053510105674
-0.000126785872525
0.002646680892666
0.002939311482479
-0.016315855267380
0.001501841063816
0.017222656570768
0.000130858081196
0.000900443854549
0.000387494395043
-0.000512787083631
-0.027625706387532
-0.004082950909703
-0.004209865091369
-0.004607226551360
-0.002766649992827
0.049807892076251
-0.010551024099854
0.026845251042176
0.099885412185324
0.041117686418718
0.009022341792998
0.038313915995481
-0.010879715927698
-1.996127874712465
1.999152097089084
0.015745446271849
-0.005855381505039
-0.002196551931508
-0.015708320339278
-0.003065737349940
-0.001085120111544
-0.039728952965036
-0.053268256231021
0.175401450472713
0.005758143813215
0.006785571807008
0.000188770018177
0.246550964698249
0.069414069100668
0.108719426518010
-1.306223674957806
-0.189255483072034
0.401816763902637
0.636634888641706
0.164543476590954
0.042731384059950
0.189458017454260
-0.027904224199660
-0.798660319007281
0.221303315584496
-0.017869023351478
-0.007308326604586
-0.008643236735089
-0.014037368934621
-0.027186262153815
0.022333246560968
-0.000346994123183
-0.001743946025131
-0.003087949753911
-0.004033538147485
0.018329373519620


0.048411  0.179959
0.010406  0.248034
0.047757  0.271078
0.054692  0.251858
0.061623  0.260728
0.042923  0.200139
0.034964  0.198289
0.040744  0.270427
0.026978  0.246677
0.027943  0.247926
0.030865  0.250127
0.027530  0.247861
0.020690  0.292254
0.047786  0.279584
0.060383  0.318241
0.075518  0.406776
0.076413  0.539323
0.038777  0.425585
0.064988  0.519890
0.091003  0.495552
0.098139  0.441352
0.122897  0.559533
0.079215  0.505663
0.112788  0.518235
0.157700  0.480394
0.121926  0.564848
0.115286  0.544553
0.113847  0.624694
0.112455  0.420724
0.119654  0.791480
0.121439  0.790052
0.090272  0.687868
0.113987  0.428742
0.093791  0.332981
0.137549  0.458646
0.101766  0.212512
0.144157  0.182741
0.153076  0.420019
0.181891  0.346602
0.184673  0.459258
0.176931  0.293106
0.197157  0.233949
0.259606  0.239524
0.223764  0.383794
0.331251  0.230981
0.221095  0.452222
0.252502  0.419317
0.284615  0.340165
0.265472  0.372335
0.232712  0.425363
0.268324  0.488949
0.183544  0.485986
0.273735  0.501621
0.243213  0.539750
0.207606  0.516964
0.181559  0.528129
0.000000  0.000000
0.000000  0.158296
0.000000  0.316592
0.000000  0.474888
0.000000  0.633184
0.000000  0.791480
0.066250  0.000000
0.132501  0.000000
0.198751  0.000000
0.265001  0.000000
0.331251  0.000000

0.280544603573960
0.280478513138483
0.177999208444569

0.486659391501306
0.166688226533302
0.270038979027574

0.907418901043900
-0.328764847130959
0.044142752847832

1.228947341168010
-0.561719075672328
-0.119525917183076

1.658082511862361
-0.565970231149366
-0.230004531684911

1.997805392359405
-0.774323820423476
-0.207197667984247

2.341391916730057
-0.205956045052467
-0.044642678444764

2.697843507752192
-0.085116176814804
-0.152860769216058

-0.939013321540925
2.885213966395286
1.074861040904999

-0.004435165480275
0.036327241128266
0.013103322204853


