0.030000

0.600000

0.000000
0.000000

0.535475
0.791309

658.576379
0.796049

89
10

1.074750670629650
15.124802127023285
0.765138826727635
1.167219547865140
-15.186833220178761
-1.865683173777637
-0.144533377703539
4.150334454018830
0.933615562110013
0.798201714774638
-2.945297369845510
-4.581568241220215
1.918006897328229
-1.662437221360316
-0.044213878454044
2.621205615891507
-2.672904889694453
1.654644164539065
1.223371889242374
-3.201074473180919
26.828665115117733
-1.058779689647561
2.240333787973881
-28.463611605202534
2.847959691841148
-0.533645823532624
0.616609882151270
-4.600111549183489
3.749037087917414
0.390836650035070
-2.422200508405119
-0.354258990690383
-0.078310136418839
2.273582086374751
0.253824035391759
0.995788922568140
-0.161739474144120
-2.043614346029731
-3.835932682626298
1.657336042805473
-0.671745835590151
3.216143389414661
-1.014465093722385
1.639335879940719
-2.474593274417916
-0.459674846416764
1.207491653372724
0.464594679706038
0.742413746917367
2.941683445876259
-2.602975277034408
1.144754671137173
0.633323609398493
1.412360330044045
-0.687035626639693
0.316555891361763
0.388885211918701
-0.820436166272274
-3.078323089432123
-2.817843083320129
-1.058486493712969
-1.629006835907451
0.176621414626745
0.310659313756181
-0.156787784368603
-0.158032604482888
0.000000000000000
3.341760819820245
-1.995329856047617
-2.401460122087415
0.185718442919913
-2.356728948336355
2.390361760952309
0.541208321058559
4.402073529392201
2.017079445631761
0.541588355092878
0.554804255580558
0.178256035939546
0.211956288960532
-0.322765169935966
-0.706632393417378
0.020087570244311
-0.261586781741794
-0.297785534438336
-0.707867886120995
0.486368785371189
-0.616453283344422
0.401414930279603

-4.755004939013601
-3.040656338783482
5.250301421261758
2.674750047871645
1.365294633745258
0.467525439663132
2.650575664887084
0.856019318361755
0.981860651990055
-0.004412275547302
-1.772616558658736
-4.816318590413079
0.580940156498781
0.541421082121506
-0.616584788854543
2.256181555686800
-3.061417348674499
1.186719041004871
3.062136043145927
-2.448406150155645
9.572914060077425
-2.616054333316725
1.262645213954741
-10.411836795469577
3.105959516428884
-0.068285388141744
-2.361693395678110
-2.022050503153438
3.553546942376077
-0.014976555443724
-0.684944825284126
1.413716518780273
1.075346053399853
0.002679985613040
0.305268762928346
1.624128280057080
-1.102426612017746
-1.683912366461639
0.269513442882125
-0.081876459225183
-1.107643023741092
-1.138549175945251
0.755012437663433
1.026454553755506
-0.879078822092083
-4.260642164469461
-2.455504915264575
1.180847132948415
0.118373214315760
4.967800742195524
-2.802760300943440
0.448305673665558
0.869245369934090
1.355027952341506
-0.820490325661080
-2.430986039501816
-0.215638098758528
0.567072524623100
-2.128772055004656
-0.624841105241716
-2.663171397035726
0.649058838692086
-1.069789616574896
-3.938275381810556
-0.134387186840862
2.401241255896123
0.298017626125967
-0.268707603596656
-2.953182018164674
1.269533093095894
-0.678111531085288
4.905465016570527
1.848598481873764
-0.163934558774236
2.878076553554368
0.231270100995040
3.013330712176485
0.769721700986861
-0.180304842832670
0.485021165537444
-0.681136634728563
-0.385744123849740
0.048374310891566
-0.419792694758517
0.119731269476603
-0.673171072220947
0.396122100672492
-0.154086407372150
0.131029657355721

3.535791195449898
8.913806460455387
-3.965889022576288
-3.333156926407598
-5.725333294120980
1.782802615115630
4.184040395941532
-2.243341304497978
2.180799622226989
0.252053871903736
-0.711890195218244
-3.926997614582078
-0.838550191972664
-0.736559609132219
-0.821934455480684
2.721257332691426
-3.231972071593052
2.117048760996336
0.128660871838958
6.741310557335582
16.531125183263669
-1.357202783894026
0.030346849372109
-15.973124820803482
-7.021983200473123
0.095929231568330
-1.973099860214183
-0.537873480545776
2.296555386420868
-0.053040966466591
0.537391730886734
0.422368791430089
-0.013850168428340
0.415379424123029
-1.007713411809037
0.813765511689115
-0.862895318656457
1.378885227748058
3.063893221969739
-1.221228041735368
-2.372534449628314
-3.782477388485649
3.188393426942574
0.624089902768307
-0.828360957326117
1.452664323722923
-0.671298718296872
0.972329846724086
0.674265830277149
-1.203151707823159
-1.340594977777323
0.118328199481626
-0.311489609426847
1.463561121841163
-1.359456679711843
3.017557355154418
-0.378405232409430
1.020704278864568
-0.256674996633050
-1.167627832272865
-0.249310997147160
-1.250080190487775
-0.810986721749749
0.711316303713038
0.536216663073696
-1.212380951813928
2.079073396086708
1.049745880237930
-0.244115905220192
-2.149818874212975
-1.300212906496395
-1.221213539273781
2.096127483536095
-0.257737171541725
0.127259587115065
0.610963929283755
0.182581328574462
0.950641775546284
0.521395087327177
-0.554546985383926
-0.058293837248491
-0.385785455105292
-0.210942209216988
-0.363935841907124
-0.701537122601758
0.350949607141305
0.551184197744274
-0.270997280379647
0.029043262201291

-0.619468708318748
3.594899399509471
-1.918452322125186
-3.217536373091572
0.134270020452375
3.538001781389410
1.391541519543801
0.294206366689448
3.933317748412172
4.971535806679947
-0.307984047510417
-2.121379836708124
-0.364034239613925
-1.433004135216391
3.282013967020312
6.419933067405372
-9.055764709642819
1.911556579917167
-3.003980859478859
-5.805302769842117
2.792069167859898
-0.910639190074823
0.065135098793795
-3.250023634671389
7.206854068977945
0.783886493827820
-1.072585603156963
-0.694833373727671
1.084706160069598
0.135949630864325
4.489069002804387
1.923411591593421
0.418386375378714
-0.111781849731846
-4.805358167825472
0.668550119741647
-1.029155812495459
-0.483620958896602
-2.770444441199579
1.640347468289628
2.736616875177326
1.636222143178206
-2.296712831666399
1.506621703835143
4.053665827902060
4.222617922491482
4.011608929685975
-0.031124565950703
-0.823943961683408
-1.624974197273781
-0.318698650153761
-0.324202644853421
-0.123219575000054
3.243813830033028
-1.560053144081459
2.991647465611726
-0.379165134871131
0.907795097730502
-0.239954048279492
-1.032230282942977
-1.873386204394095
0.346217688667609
0.149362086244307
-3.614868615428289
0.833190928490853
0.813187156011977
-5.418132752039157
0.040351849251388
0.360368978923795
-3.423444329639861
-3.281069950475343
-8.433873362425528
-1.413585168436735
-0.931147325164985
2.176273878436938
-1.099393395215546
1.193037302199519
0.238343528721475
0.709106790071923
-0.626625630321744
0.052945447923444
-0.538215163683359
-0.063300706276096
-0.124345588460555
-0.949811200091829
0.619966469475422
-0.086883086460439
0.107451479902712
-0.022342183717734

1.766700929380921
4.632600067705996
-3.285868343786702
-1.544379493102068
-1.921670136294506
1.380295499693961
3.395442454317631
-5.281743910982649
4.024032102485924
0.326437600203290
0.103082067106568
-0.136690985723554
1.361868349534477
0.099378874235536
0.477779620154126
-0.452525658905973
-0.735486841914314
0.924567150681748
-0.034981052668601
11.694684127998219
12.125379869177115
-1.915322949381173
-0.173603930828498
-11.839241640037867
-12.037764511352288
1.408778077845296
0.126533073962170
-2.858523638819292
1.710701265706084
-0.003651568761628
3.861236144474059
1.723387243716955
-0.497171406640432
-0.661673803651275
-3.134529062563040
1.086301896735894
-1.306179905229177
-1.343628578599380
-1.367320180216782
3.128227984453524
-1.529467270347781
0.414448631629794
2.257210508232929
1.705981523845016
3.071461571711066
4.610765218043011
0.075471354236739
0.961186247770141
-0.770168176793302
0.925919411755751
-1.008278539552960
0.308155372619915
-0.268116143650540
-2.743932841914645
0.011183507468086
-0.280565642786898
-0.115297372991243
-0.103834449122738
-0.345832464527170
1.491315268281506
0.244942736657144
-1.771274524762964
-0.524718706776847
-3.860804110202959
-0.430243755178456
3.402377735653217
-1.809820816461810
-3.324859671922416
-5.268219176079024
9.092821134401040
-7.534086464944964
-4.206600726369308
1.550884443910397
-1.182022408810576
-0.791840319328201
1.371527445346461
-0.336416980026651
0.781462291947790
0.095485604899273
0.485706290485081
0.166933192776079
-0.128740104791790
0.281914084595649
-0.124391076892400
-0.302470848365918
0.849078412981431
-0.262684069035289
0.448413385410538
-0.405415488380593

2.449213982137863
-0.269132181932229
-2.832503882840578
-0.689556051844344
-0.945009225826600
3.295255528445470
3.073167244255969
-2.821596441931889
0.722502950898616
-0.154815612778040
-0.775329881454280
1.659196220751924
2.403443683751776
-1.199685418783136
-6.888664339190170
4.521731198480025
-8.348311379085427
9.094226143648115
1.514801576282641
9.039056824636191
2.575307617256286
0.035647128313731
0.749364131619660
-2.361477283765926
-9.745472316202459
-0.180369981167008
-0.189999116352062
-1.998250197298543
1.501874791316784
0.124510994943970
1.368027248486773
-1.598351316464733
0.763289438778056
-0.887783176373515
-0.624350663468111
-1.707449912885113
2.333379780530159
-1.079981961859888
-1.569773034166901
2.310745207646027
-1.953707450878326
0.935147823549094
1.380041400728838
1.205657703360442
3.084666293983456
-0.622679051951909
0.591298047609915
-0.010831190055412
-0.135225380413855
4.737348640682042
-1.446927259657601
-0.307405929337544
-0.234283595707199
1.281581033440560
-4.382570334438984
-4.029480631218439
-0.240171490529976
0.769342995802560
-0.723461337359946
1.345732679207220
0.284784693457666
1.811231880994172
-0.712519614276627
5.475872630689826
0.881681588395189
-4.498222913847033
0.400371834739939
1.950455451098260
-1.205865481687657
-1.196125678178550
-4.316146576156463
-0.180014935566123
1.539242393134833
-1.482341674264371
-0.014034090169416
-1.274724033156575
-0.893925524950381
-0.920085603173853
-0.312825540637835
0.383662429430694
-0.036847980646812
0.268692437132681
-0.021522736346636
-0.075442559258105
0.290195305354644
0.035105483918500
0.000000000000000
-0.019306052911895
-0.072405867637393

5.197604088220595
0.107653771420551
-5.534902563407965
-3.898477407176355
0.000839272916067
5.808309503197394
-0.493212211480769
1.259912287941140
-0.501891491733177
3.208266161777851
0.332345392093616
-1.276598440256707
0.398419694315837
-1.379535416239889
0.177895214835807
-0.458856038854123
-1.215578154053010
3.618038582494775
-0.630388757705392
-1.749870842614596
-1.018128072718980
-0.448792715106137
0.986173394066679
0.875861081212674
0.679587951775863
-1.095373738796044
0.095560156219684
0.777207862922093
-0.125764458968618
0.090985488983050
4.557819701556676
-0.526058097492408
0.984792597594718
-0.448418335132205
-4.821145778857332
1.409522977586127
-1.441190567892183
0.922780178807925
-2.724371263908570
1.878349607034467
-0.095629480699593
2.963594959464579
-1.299499936074666
1.356766683757511
-3.251699639019527
1.145598704709511
-0.817938011737946
3.018841045087975
-0.243937236953528
2.331770645854793
-0.366620842665166
-0.398889099080109
-0.414259068345175
-4.154732518463691
-2.808490915104285
-2.500120408156913
-0.454140741835840
1.032658891113325
-0.974402406277373
1.481771175138099
-0.843882409293429
2.260962529023003
-0.923887985417840
-0.266136523578505
1.571932874012921
-1.207594643264065
-1.972911141250737
2.831758824963088
1.968031856542231
0.834754351315333
0.930256088555726
-1.965279574229861
1.739319583829026
0.350252001883052
-0.731110644115826
-0.318619739595035
-2.971261618638498
-0.585626528024463
0.294613900754005
-0.099985485700365
0.245209134388483
0.127210565667352
0.085569219954305
-0.117971323238386
-0.157233864452011
-0.313435726839235
0.387968963043412
-0.286012751664883
0.003097769085697

4.492653015803423
0.000000000000000
-4.627479260428602
0.501862443762342
0.000000000000000
-0.387374593393500
0.880103087877521
-0.771332162744680
0.888580478665003
4.124894558084638
-0.756283660167720
-0.408331336765574
0.703800815408238
-0.860706097466665
1.630266905503824
2.755699087745975
-2.271444992055237
-0.897667226566297
-2.962113532447769
5.994695087159143
2.699043155799157
-0.648777544322475
-0.145917010879001
-1.668788700773727
-5.752259147413019
-0.652433151269458
-1.336277998182816
3.002683189757506
-1.099789319342373
-0.256394273239921
0.716208644526910
-0.407763660272995
0.699573767546622
-1.414274532501702
0.319285260894430
-1.207135219214481
1.212528215984218
1.331758141862985
0.141459204511949
-0.511047901544401
1.035885098118754
-0.170063466718238
-0.716561096226613
-0.538013717199822
1.109027666549230
-0.338921595713894
1.457433271136743
-0.367394248652001
1.289705130308404
2.736133230511821
-1.029123687083473
0.567461105439707
-0.311456456998861
-1.134088204019711
0.000000000000000
-2.800251324329079
0.268853149915920
-0.357898788871038
0.545179129026240
-0.400866061751692
-0.090846796580804
2.179341506515316
-0.000332589426299
-1.645978523720553
-0.111250880869092
1.396883494922024
-2.281955421872227
-0.457354432611079
0.392427316841201
1.018320188405215
0.961600509600107
-0.653923121471805
-1.638323503393992
0.257839870939482
-1.180156087223153
-0.819446433390791
-1.738838156601979
-0.019492730946197
0.409597094859132
0.018654781923474
0.021031920743505
0.287568247874036
-0.052658111803177
-0.008157195487301
-1.208861867039553
0.965974005822430
0.335082293505075
-0.038918408515830
-0.194382066581732

-10.322669604490605
9.708930208084690
1.306637984393657
-0.615374277085656
-14.372692360983960
8.525678481401315
5.824838402497147
-1.319865965195224
-2.502355749170873
1.226242822478362
1.241432934526003
-2.809420201051655
1.451119907629100
-2.013659581598945
0.679747777964805
-2.430032852616656
6.239183897857699
0.599950801077593
-6.267273395479018
-10.422324023494431
7.450954831655268
-0.641057570636872
3.481339198620750
-11.958419514170005
4.777933871189389
-5.435875015377957
1.006922819302937
0.737913436674173
-1.686090995193563
-1.573335081003667
-6.689778715158814
-5.002443927316914
0.130379576234052
-0.683318184725893
8.458836940626393
-0.472244418792193
-0.512964058270056
1.467416923913287
-1.110513396538198
-1.001094718375627
1.366242206298720
4.427252720078054
-2.770641109947223
-3.278109316467239
2.447255578341846
1.336307376295365
-0.616173652211024
0.284283890425534
-2.889823587431547
-1.589547167649975
1.093976046941596
-2.904837725065293
-5.145696025649981
-3.222173912457268
-6.386939287606523
-2.751589436490819
-2.830917663167423
-1.183749775591652
2.072607005200461
0.885886220162138
-1.347647836807134
1.344641085791314
0.264061091579438
8.413421204656659
1.517771970055711
-4.172065156592764
2.696219790890497
-4.351647986065774
-1.226435934433025
5.729996476837702
0.752918722429361
2.265394470888599
0.804937664372768
-3.504805808514217
0.258035679781040
0.081012017722055
-0.529044819494123
0.335416308015814
-0.810032995923385
7.066454430105949
3.445516485438315
4.274384173228656
4.120117396171096
3.781968192029005
4.297253758561245
5.048366343455824
2.980893785756816
1.597960128678707
2.048669751029591

0.370201033747143
-1.593276113854732
-0.367833536931836
1.857795854304790
1.237771823108822
0.117401954140739
0.307211922916252
2.744145529917319
0.121958404402105
4.379113389977427
-1.615070783180314
-7.307607062112145
-1.332075052069732
0.674362830788789
12.756434182122911
2.803845634188667
-3.316972591338073
3.250788167141703
0.158213203235731
68.002406871514239
51.318324958527946
-23.467418493229971
2.628828379860036
-47.872348179650473
-72.825604259571023
6.221307816851842
-54.774048379759471
-8.364655434265904
44.677286713163895
-4.723336511405594
3.874000050909058
-1.247577848083683
4.844683003950308
-1.997944747328570
1.893717200564870
-0.069774542895402
2.411461977332793
-5.091336886597684
-5.232219003012827
2.949276451189425
-1.608086391993440
1.509840655656993
3.267596094639460
-0.157129619336872
-1.634150420820953
0.345314646244037
0.841110154399867
0.099289972255674
0.857096380947340
-0.158387432736359
0.659432265527898
0.111418493606562
0.167810744694305
0.061239143818052
0.313480063760077
0.113291812765687
0.683514400523584
0.060521045853197
0.214650113269474
-1.843026254698092
-1.692957626002678
-1.983932885695690
-4.023036545199926
-4.803782469389125
-0.470203073136937
6.077454135436947
3.431554889192124
-0.601955133998917
0.119808594022071
0.305169288308127
1.298244726643508
-1.468062848846271
0.191099287298388
0.506073618816286
0.650991354804421
5.059660240060122
0.421774866484821
1.973779131964107
-1.273268552361188
-0.420123144952376
-0.347576047427489
-0.380671683113024
-0.375453157766011
-0.093561776010134
0.496674794385946
3.402962459420718
4.192895989467322
4.466150285712683
3.034027245597211


0.045265  0.101036
0.061576  0.110331
0.040897  0.107086
0.072378  0.107246
0.059623  0.109679
0.073110  0.123290
0.109514  0.137970
0.118814  0.128439
0.133207  0.133224
0.139199  0.088312
0.157656  0.150119
0.113740  0.110140
0.183017  0.147857
0.207569  0.144187
0.195261  0.105874
0.231348  0.136745
0.234056  0.122513
0.225518  0.114678
0.162899  0.063533
0.240148  0.069735
0.299972  0.093672
0.191283  0.076683
0.333562  0.111996
0.301743  0.095205
0.247156  0.071606
0.372389  0.103195
0.404454  0.120163
0.412688  0.135486
0.419473  0.130033
0.535475  0.158795
0.320003  0.231747
0.413649  0.406777
0.374062  0.319179
0.320679  0.257397
0.332310  0.225770
0.280553  0.267851
0.263611  0.290448
0.275736  0.332884
0.239653  0.298979
0.260294  0.318913
0.212311  0.274923
0.228970  0.306271
0.210136  0.287548
0.162067  0.332996
0.145083  0.301665
0.139520  0.347944
0.151898  0.379991
0.159363  0.405318
0.097659  0.484048
0.074016  0.558958
0.089721  0.570884
0.078929  0.633050
0.075818  0.395311
0.081874  0.226506
0.093267  0.155112
0.067803  0.551347
0.092588  0.791309
0.089420  0.706717
0.164853  0.451935
0.140004  0.511016
0.237426  0.444029
0.304549  0.426642
0.362129  0.386701
0.443063  0.408030
0.469170  0.460574
0.462827  0.409622
0.139308  0.111790
0.105996  0.208549
0.079761  0.195948
0.094867  0.218292
0.164030  0.304244
0.144524  0.361054
0.148862  0.280337
0.106572  0.296667
0.172650  0.479501
0.282302  0.405158
0.250076  0.353536
0.308705  0.496446
0.000000  0.000000
0.000000  0.158262
0.000000  0.316523
0.000000  0.474785
0.000000  0.633047
0.000000  0.791309
0.107095  0.000000
0.214190  0.000000
0.321285  0.000000
0.428380  0.000000
0.535475  0.000000

0.406195008007474
0.308067446119695
0.008081144771868

0.698156721641126
0.416972491276006
0.039510228572356

1.054178180896486
0.350956344762549
0.030146575453485

1.434170765259129
0.037709463972269
-0.090308397545084

1.740767113633944
0.084052595713207
0.018157722427275

2.019301197124085
0.121944893771450
0.080089377697775

2.356176779274281
0.012036996344844
0.140372111247247

2.621774094611876
0.170559040586662
0.133669882211264

-1.537488669060720
2.483341295376758
1.767539132338435

-0.590121277837675
0.862769618042464
0.844417245592990


