0.050000

0.600000

0.000000
0.000000

0.500399
0.722506

730.781726
1.052654

82
10

-5.100166660232139
-3.349255325403699
9.946227301175933
-9.107398971112124
5.461956331073218
6.253031773226025
0.360729022267602
-4.027186633437404
0.367902407879757
-1.240724719021090
1.291925153601638
-0.366780030787467
1.860700222214590
-1.904750333922499
0.672131239793472
0.423327365001423
-0.365844195883553
0.765209726882207
-0.519667700979089
0.511228793855483
-0.523843595870160
-0.520990277615063
-0.234610053071227
0.384686282425972
1.127946839918564
2.400954997106347
-0.444671873691840
-1.496682817333743
-0.546818911058567
-0.190595567516638
0.228747457045387
-0.309618198649908
0.143464843286066
-1.898042935254295
-0.006780948105759
-4.472401584078392
1.815779438033272
4.443631319782498
-0.980588892983601
-1.807512707654902
2.154428126687920
-2.330287007444783
1.740885925826659
-0.828688784986704
1.226970724545237
0.062340569515094
-2.899944496094617
-3.347565405982697
-0.413715476521861
-0.473866294215807
0.553775679181496
-2.791405652505757
-1.206247827018792
-4.700315536674908
-6.585969146346153
-1.002613989119534
0.602250700542060
-6.876539068522106
0.283463226823443
-0.784750057773504
0.382024286286988
8.594019329059114
0.773626229557562
8.924443499369204
1.486745750717681
-0.012596338000597
2.478117630899812
0.372385803974245
1.831922188831033
5.026802664888012
0.240760251682151
0.370605106972775
-0.583466906644429
-0.157237154736709
-0.342772360791590
-0.262472899249678
0.025415702841841
-0.542903611916258
-0.087618925492259
0.283592830826890
-0.571690542405456
0.343443687346273

-2.277072054818190
-2.081941989518167
2.984371730335652
-5.258554741727054
4.750386642731725
1.830159955845992
0.323202122985661
0.090595788368396
0.549066791239389
-0.481612639856175
-0.131523056027924
-0.180144826363611
11.974424051408031
-12.626857987990995
0.736340405563077
0.467819527613390
-0.841244868887126
1.498055207908648
-0.746757581376123
0.499720491203661
-1.368152806456890
0.526106491130437
-0.160914322913746
0.404898513378876
2.087362652949536
-1.439695749902798
-0.533370274506901
-2.812791825651776
-0.716535527784056
-0.676581537654948
0.540531537930075
3.180344419357544
0.167829620775400
-0.566722607371645
0.015617476908049
-2.544770149263364
-0.747970909773820
5.343157438506013
3.129127095182025
-1.928233847271965
1.042515842975042
-3.679870024292109
2.553320338450646
-3.335046955134808
0.454008768006301
-3.879977344847081
-1.415539911953744
-6.354550241237806
-0.092073240190763
-1.868450230700660
2.489537099092403
-2.933170704027550
1.137875798785185
-3.445372362046705
-5.528872873258385
-2.128009916296733
0.497667266738041
-9.441625905485370
3.021715447497738
-2.152111018675774
-0.470923778636381
6.960495405228273
0.621755646414776
8.554740575049284
3.326535065098318
0.391267108771932
0.647141316357045
1.123807189974449
0.446181046830260
9.191704218217030
2.393573762325170
0.311702910502091
0.101501946111015
-0.043263514314790
-0.235347538975100
-0.635721082146077
-0.200373992605973
-0.214980193081495
-0.312431889424005
0.377509189186609
-0.317601027791694
0.063089143491792

-3.927430482049712
-1.480988787242550
3.814017969651667
-0.162780645276256
0.145430185370762
1.819335414189618
-0.543051159764710
-1.104999245257229
3.198061112804982
-2.824458502579702
1.002885259950709
-0.688814722882276
0.576239212884881
0.044357733712101
0.012342309067311
-0.043797210751765
-0.997837315640772
1.457111509139814
-0.774705830971246
-1.190210401769016
0.418990494059109
0.771259241782529
0.565211488698424
0.463441522182994
0.530832752798946
0.334907310264829
-0.014078349938429
-2.019908847347769
-0.946258958998396
-0.555444577283349
0.697896588139698
0.940437648744871
0.329111416544294
0.400692344933770
0.745249104699036
-0.769384521114528
1.574811062355632
-0.295594005470265
1.737088578996395
-0.986443534834123
-0.672195911731990
-0.067781000654069
0.438392569147875
-0.240988586550093
-1.135508942782042
-0.510422290778080
-8.988651954148530
-0.762492914599137
-1.678757806685827
-3.343732371502914
0.624054406604853
1.754536158020140
-0.861086183792901
-0.792442364613114
-0.410102170156543
-1.630124509364298
-0.193283070716236
-2.990878704973065
1.010892971370547
-0.524198821923364
-0.294193368010736
3.077806592817069
-1.324283108534580
3.308727118353404
1.018848563107895
-0.238408499805180
0.018301290406889
1.275617179803543
1.187877178654869
9.816139180841592
1.164517305047307
0.448622106366501
0.079214127787199
-0.155756430920863
-0.044230863439899
-0.373427307292077
0.123068103703001
0.429276307784902
-0.611916451777976
0.048316184099100
0.109774747099954
-0.342641626053046

2.924022775042045
0.188830971158697
-5.613158447448940
5.947040266849870
-3.710720405705801
-5.527966322244670
0.473275408231242
6.508979456250299
-2.988661135522230
2.081087282521574
-0.612345807217803
1.802488473358388
-8.236641654646478
6.689307195291107
-0.153119004220938
0.336605990264456
-0.337918385033228
-0.957427214034105
1.196883396068572
-0.421788370717560
0.455157951515922
0.036217400761121
-0.540732652549189
0.507077157920393
1.115572690053043
-2.350846678418468
0.602240884940935
-4.015779586804101
-0.449838900661920
4.147480661613546
-0.244261084639396
0.817470944232331
-0.464048925807023
1.135698390693924
0.577676796249185
6.399356903444575
-4.659155673668685
-3.996719284772356
0.207306879189840
2.178540271823588
-1.382450786264710
0.853887733148662
-0.938495391365787
1.368498749102077
-1.884504619381904
0.629246205882628
-8.246309931993393
-0.263604347796319
-1.666988428984164
3.204068433171380
-0.959587394738211
-3.462651548192128
-2.925598854557727
1.788687700156207
-0.334887504476745
-0.067658445149559
0.172316518047146
-8.537072703432225
-0.240066569300226
0.510115403699903
-0.687502455694030
0.981675075797535
-0.388775097594169
5.396915399524342
2.990704466004783
-0.262253872625185
2.285223313260963
1.483767454043702
0.666025474807337
7.455257640301568
0.909547024149836
-0.005609526679865
0.994136945827566
-0.143225878245927
-0.235816001417776
-0.140628448599185
0.171696528975120
-0.406724346381603
0.559409201576452
-0.265213106933658
0.134935752159507
-0.157678384080529

-7.880598172315882
-6.652476856347204
12.729691849411653
-3.295958096137950
3.545987195870359
0.410011114274959
0.339393087737627
-0.331675308156373
2.070180784373666
-0.066356424436767
-1.862147767564109
1.919320314783445
-16.703262357436603
15.569908615873794
-0.575597681687028
0.410666153431501
-2.149473004907269
-1.262333763116944
-1.515075535777999
0.263545897161146
1.140343402272948
3.572418848276734
-0.734201425552842
0.385304290684758
3.965730313752824
-5.519499094784504
-1.090632248909516
-5.856300949688555
-0.966233164598867
1.635290496108471
-0.827187674312232
6.799430481788601
-0.383105237618523
1.888722208287247
-0.027538687174680
6.541742685278087
-4.644907482588319
-2.565366056787276
2.415095858851367
0.769008209687380
-1.653970502418655
0.300877718298369
-0.461491381949510
0.125984353529087
-1.165717218417826
-0.071529180031702
-4.506115956944586
0.568162757078781
-1.498382103575485
1.889835498365106
-1.362401212301774
-0.572887286527149
-1.347901913943018
-1.767576912263176
0.079935456930348
1.879118180655218
-0.933472219567380
2.809234327786504
-1.060918345396562
0.645153612793337
0.327579980022473
-1.593338473121148
1.048483843276286
1.850310235974286
-2.339811197850668
0.282917451970374
0.713217626187613
0.628214375085648
0.779163858438034
4.106527359755285
0.202036120658988
0.523361308227251
-0.627449376225464
0.489449921636433
0.111626390930886
-0.158239493920582
0.104108174144472
0.352963873813653
0.170306358622405
0.006990383306598
-0.658613317645157
0.322392112416696

-4.122323203681064
0.248258369563085
4.445242899739959
8.415965013510553
-7.806959253607191
0.190294093097646
-2.539131304515612
-0.152573640023881
0.343561131868691
1.007004151142219
0.085587808625876
-0.943964182688475
-0.808480258290982
2.828088998085325
0.918302223051779
-1.885206974022404
-0.112226641308574
-1.564231770082118
0.897697445962345
-2.675649256948373
3.382489818898150
-1.000516394156839
1.433557096156447
-0.475712512066299
1.930238667070492
-0.996821772053899
-0.895593345751453
-3.390432703436994
-0.919407260798288
0.288143349408001
-0.597834274147372
2.719020866823330
-0.888028840187999
1.893744877134941
-0.615878380554741
13.225120167640922
-10.805246653059351
-2.839725887888222
1.493897920452003
0.682024764490678
-0.087915239137088
1.768695767539351
-1.965810247612247
0.721448341231169
-1.636885782568242
-2.967420973351203
-6.576601103238530
-3.319600214443829
-0.343049584958784
-2.915277466956157
-2.765618326227583
5.391253191737462
-2.307412031641972
0.587227366327693
3.497591753991522
0.995015198935201
-1.587620167111277
-7.525240635997003
0.664966658639242
-0.992242418971972
0.818331108275613
-4.075593745862959
-0.631769021787460
7.611537391402899
2.328540705317639
-0.314534056896845
-0.341171702266829
1.506765261381644
2.150810869425495
11.850932114453945
-0.189048861249184
0.569684656011540
-0.457383138839341
0.262643405264374
0.223141681944928
-0.043435090282935
-0.132080055821681
0.266912548910634
-0.496460211624584
0.355904952304084
0.037353350912440
-0.328881405857467

-2.915173435236974
-0.128981697880734
3.931421265656838
0.478487419117194
-1.920220546395293
-0.892930024441212
1.524918883248717
-0.847051050345172
3.532040265399651
-5.002599861674555
1.709958788909120
1.098454157567825
-1.765074728478980
1.059773981111056
0.114378965995932
0.150789878465955
0.753572084926108
2.004952937162146
1.158950019853390
1.787452721339736
-3.722095691654246
-1.686152902029306
-0.210283000169450
0.011498242901272
0.291435903979955
-1.150422186641351
-0.047869534586959
1.551142598417088
-0.226215289096190
-3.185338228401557
0.340632696744008
1.102808897614317
0.169791623850319
1.611724062633451
-1.984782778693522
1.776414071010194
-3.812962273022247
2.055896548016277
0.912386523338660
1.269182948371117
-1.323915353677464
1.924108144540540
-1.667583150248573
0.631343877065952
-1.454235763859223
-2.091483028258374
-1.031680755530819
0.501274211434010
-2.386618153545978
1.936943651664220
-1.097862668495305
-1.751898866919558
-3.408829383549082
-3.657947997604861
-7.257640149908199
0.014047299962418
-1.066020954664867
9.478258158723964
2.068043081345531
-1.720910262729209
-0.159199924031684
9.697712166645143
1.246889693397408
-3.157159925823317
-2.882071175985445
1.028363351673006
1.242335101269543
0.662457859926816
0.691957070940797
3.356727151091320
0.702081930330158
0.079685680031850
0.136841048701516
-0.012081755176016
0.246228881578530
-0.203076126067416
-0.235054300584912
0.634985298268993
-0.101377420319653
-0.435659018938385
0.136224519359452
-0.214114174633266

-2.050620693744364
-4.247735673794262
5.722563049051795
5.989813101431171
-5.201390523816204
-4.281208756225404
-0.810004059495486
4.896463428293589
-0.637126860747657
2.445123739738117
-2.547383364410479
1.452673950805683
2.690072758196335
-4.132182546298952
0.603684614391613
-0.457868755863890
-2.507764414533070
1.143745114482799
-0.493569986827245
0.215304813878849
-0.797811762432060
2.531086232329058
0.573807291086285
-0.840878531299611
0.376384275818057
-2.783356958362879
1.289827417363080
-2.838222902315553
0.649182596621126
0.159883986630680
-0.663733334624313
3.543078747328528
-0.581816895746473
2.105291027229328
-0.213705645699433
7.160195825742958
-6.013215033502326
-3.173954526410220
5.090762929961244
1.832904592595815
-1.819281152859500
0.240401370422880
0.063674535246068
-2.724222201899926
-1.224620903381678
1.231363511442081
-0.007579434411274
3.954928126635025
-0.726629428288356
2.435918332406214
-1.677471265407327
1.648590735502692
-2.018600390026084
0.463310187883043
-0.748483956953131
-0.439532199435619
-0.529295996073947
3.726815989552932
-0.270131127544968
1.302447603894992
-0.899383513092418
2.396794246803554
-0.300274930022265
-0.624716229949692
-3.328953074486507
0.132770685123481
-1.471039523586429
-0.165713962805264
-0.374186103254079
-3.265732858654534
-1.265895277994285
-0.006006365193356
0.063378211551202
-0.098789497765438
0.430712835348559
0.239340096783949
-0.003965241604402
0.224235012346521
0.043222396295007
0.517390677650283
-0.392904057298257
0.069815884600368

-15.626559148416250
-9.688314050475460
20.572137891529081
12.655582283720705
-11.454188440432135
-11.186320698652835
-7.433741201517610
9.712638633441506
0.099635677404534
-1.812528139746446
-3.088418707854092
-3.992654445276420
41.690104786524351
-43.313447390408697
-3.459021715997370
4.068130262122483
-6.445827819007253
2.239795127028667
4.144668940308964
1.657684131471164
-5.078020582198838
-0.124892101973965
-3.259357978321263
2.250592757803966
-3.177286486622083
-6.265557340334952
-1.714357910958230
6.225606680608484
1.717793912608236
-6.826760162954706
0.928974152157807
8.979708013696662
-3.777737917647275
4.870650373959405
1.469772571969433
0.684416368405111
1.459338887482787
-0.970785504452918
9.926886756380325
-1.672270168642963
-1.223410330804279
-1.818309430976885
-3.874148035187411
-4.928715331929524
-11.041894468760503
-6.738730770632962
7.810934517912187
3.297797322091113
-0.310821778812027
2.407045952803451
-0.051740557420850
-1.646089690036062
1.461922409614129
-3.598541355732652
14.230300950646356
3.251613040126244
-3.392960841533470
9.475566239278157
5.198327094040686
-4.396364266764037
0.503165550994769
-15.557763454830065
1.616202166815850
-3.619927242939126
-2.873339886875546
0.036804223517958
-0.882074783213610
0.416411029008627
0.369007419945579
-12.922160873917198
-1.402775123063736
1.197457855548330
7.986371158032242
7.739381803327793
3.354803387480549
5.896880693309720
2.180846324959868
5.891123301825068
3.536512111320170
3.253110875240056
2.595937405759613
1.586175081716025

-0.005655307410688
0.012253398158978
0.007696940589879
-0.000803373979355
0.000786523103722
0.017862757716403
0.011404084720059
-0.013270141116555
-0.009969678454735
0.088359961138493
-0.027406864351323
-0.262648759261539
0.381832526273109
-0.282798712539840
0.066777010214421
0.154849493454567
-0.528527247943651
0.071224496581489
0.312009267401789
-0.181139260111852
-0.564358604612745
-0.043147437126627
-0.081522553818756
-0.124862797703121
0.048556998674207
-0.276291156685222
0.176274053463710
-0.596355508248447
0.302046038620649
0.574377210709970
-0.146420203407580
0.162587806718562
-0.095975044448462
0.215050729331085
-0.068291391632103
0.086228422839704
-0.218990386727915
0.141680591837935
0.005778671819287
0.017899730616119
-0.020204228833661
0.016776748065714
-0.006732296044660
0.029197304471769
-0.001732934143621
0.008222166544318
-0.028710824868282
0.030487595388492
-0.039613371342175
0.059821091109442
-0.064515482935889
-0.028470108986701
-0.239975569102633
-0.241725379398622
-0.437219718145431
0.120413903701901
-0.118832772483467
0.314835457010119
0.260673334597322
-0.208437888357583
-0.020635866541809
0.585053753461500
0.031743570454510
-0.071029576662036
-0.013151158240413
0.031482045202836
0.127699935025919
0.039476527444687
0.022402069969825
0.009300925508201
0.000655700010264
-0.081637669916354
-0.018578395039665
-0.024432369705090
-0.020871950761708
-0.023186183084294
0.002920682514062
-0.021796831245157
0.021230335495226
0.074192562476090
0.280817174346205
0.336985408021530


0.032925  0.081916
0.050965  0.084945
0.043992  0.086227
0.053553  0.068569
0.050376  0.070868
0.062053  0.054013
0.072680  0.075639
0.074548  0.060349
0.109747  0.062756
0.122742  0.075780
0.135800  0.073076
0.199553  0.083392
0.225786  0.093917
0.228891  0.094106
0.312037  0.078201
0.253458  0.125472
0.381155  0.089983
0.411420  0.106839
0.387966  0.124643
0.465223  0.133667
0.435784  0.124552
0.363805  0.105602
0.443823  0.295052
0.500025  0.346788
0.346233  0.256212
0.283130  0.289941
0.279444  0.245778
0.306222  0.271271
0.402668  0.333813
0.306366  0.286639
0.319202  0.327095
0.291187  0.285071
0.256444  0.322899
0.256384  0.294480
0.205537  0.327434
0.190693  0.244292
0.184150  0.237469
0.186979  0.268349
0.080720  0.261496
0.136341  0.296195
0.093844  0.301957
0.073092  0.360388
0.067260  0.374369
0.069150  0.245120
0.046341  0.258881
0.056375  0.606334
0.074707  0.616016
0.096420  0.605220
0.127539  0.596170
0.177214  0.557539
0.153660  0.560408
0.191510  0.566816
0.239648  0.555293
0.262934  0.502326
0.299230  0.550358
0.330307  0.516272
0.352525  0.535088
0.240705  0.507863
0.434202  0.572113
0.444025  0.593664
0.500399  0.556322
0.292505  0.543481
0.208098  0.451094
0.247289  0.511913
0.219215  0.498770
0.267789  0.722506
0.216140  0.591888
0.177081  0.681114
0.110658  0.560517
0.078231  0.607366
0.074990  0.546303
0.000000  0.000000
0.000000  0.144501
0.000000  0.289002
0.000000  0.433504
0.000000  0.578005
0.000000  0.722506
0.100080  0.000000
0.200159  0.000000
0.300239  0.000000
0.400319  0.000000
0.500399  0.000000

0.308460401392029
0.332003428932357
-0.096063911835475

0.615977564410642
0.127216043095531
-0.035571865818434

0.954830676917613
0.096089058083008
0.040352382969623

1.204694739305665
0.051068079338424
0.167224560818602

1.521370323705183
-0.190605553706026
0.118411822931605

2.039698976628098
-0.136888439011723
-0.043084005311390

2.319095429297767
-0.163140877792307
0.100062253276830

2.661283162526911
0.074901177438391
0.126337714141221

-1.488592907359843
1.969014415386684
1.457659453449201

-0.032848061145788
0.085675381086492
0.059752643227726


