0.300000

0.600000

0.000000
0.000000

0.476691
0.920291

581.425335
0.871244

99
10

1.733294650009222
3.980492954661670
-3.045626138680242
1.274636655191074
2.384033176053667
0.037084346269429
1.876984250903118
1.544037301910931
-5.455151621811524
1.515506515482823
1.907448459338607
-2.092893160655257
-2.169873331317004
0.285048508128553
-0.811488026472459
-0.142438662313806
-10.665051614588467
-0.915007434840579
-1.725004948679889
2.941740809536100
-3.155386385292404
-0.067977113811528
0.812117045066430
7.754565127915446
3.892175066328664
-1.628237203522470
1.208054378185713
0.031631119632238
-5.181061294129026
5.685742233591085
-2.097755426110394
0.399405547189664
1.368174418619812
0.115736817274964
1.850419470176435
-2.567314127341034
0.604569254886225
3.625881509381686
-2.079558895074392
0.313061872291505
1.766931806635917
-3.429225084752783
0.112751334629577
-1.857102655470556
1.730713763015738
1.243959220302839
-7.287013822729347
0.459147640962792
1.987370831314603
3.556481500614178
-3.571193840270692
0.808273322522179
4.379096696212709
-0.428751606604941
-1.674403961438429
0.552146750746221
0.278387815615295
0.426343871435995
-1.491349061142932
-0.087935580373031
0.219827404443924
0.697431282405194
-0.331555088347358
-0.359556289729965
-0.173436320431802
-0.696772027394260
0.463664461769638
0.555102472472626
-1.294495542164971
-2.499239243707413
5.246719085250928
-2.214689106999173
1.299449356934737
-0.062979556917928
-3.984175075019064
-2.948407684684317
0.500398724654965
0.852785864471779
1.181805806728827
2.686993253934735
-1.468689063238557
0.746486091320695
-1.315945225456194
-10.845096886461462
2.760691128176998
10.910351757862486
-2.489712837182578
2.563908035502886
-0.461398500519956
-0.460529548183160
-0.177487695446551
0.232814569358457
-0.783439501478873
0.131027985985385
0.231802628334391
0.325809465908402
-0.007086258670201
0.376505474406291
-0.225528436540487

-0.310047277487984
2.000668123345673
1.169848481219370
0.741147246307638
1.428056098561504
3.648903960430689
1.321137060904837
3.570332034261967
-1.589102531553331
0.027397933112059
-1.349970526395022
1.576214326673656
0.330333257725253
2.525782374974805
-2.637466926892299
-0.553313563871165
-11.142333830834376
0.056254199035793
1.482514368894611
1.178851763079836
-1.178099448795382
0.259455458367580
-0.659692867333118
8.925040329300412
2.110256286571685
-3.741339196130215
2.638861078455489
-2.381372510230118
-2.875185788383965
3.944264608901527
-1.006212333927038
-0.676825053028452
2.157511440879763
2.632558056624234
0.311350080341877
-3.162937624769284
1.656329182270100
1.244020901686564
0.345790372932786
1.012664812101745
1.964099924281080
-0.626730768830703
-0.698353255558142
-3.380175226096423
0.636260032121204
0.359923015259317
-8.679068990468881
-0.866467596877154
2.353382074171491
4.889845655064312
-0.486217287088677
-5.616291940142673
0.577964935365712
-0.481271332112549
-0.386510348944079
2.673599073386532
-1.064341377377975
-0.908387215675136
-1.715354779659091
-0.443787895704113
-0.254368524258197
1.208092322193219
1.359835593056127
0.228423409498287
-1.606724955565984
-0.266041345273952
-0.543066479816575
1.103471945615638
-3.481173766844568
3.010115854987223
7.983724126789937
-0.682808509461562
-2.908143575211498
-1.485943636234634
-1.964828821607068
-1.065023617952201
0.697703839956077
0.599496818184137
1.607632107211001
-0.202836638838852
-1.341125512727180
-0.973168250747492
-3.193315768434627
31.974779399245104
-0.071200658177640
-32.604989608742734
-0.835124914726086
-0.457420678187996
-0.182885693587345
0.750984944623274
0.098771580196955
0.202230334912116
-0.298761565290006
0.085384735036610
0.046208550931920
-0.178216633251045
0.420901366809910
-0.216617471274233
0.302268630786776

-1.211032138005444
1.513989054176005
1.432496059194984
-0.894858856642296
2.826784574757072
0.200308904875666
1.206875853995712
0.837551526842338
1.113610354179278
-1.467240497657661
-4.812522819934245
6.474641494822535
2.565393394953968
5.528465996626014
-3.126704931636809
0.365171872541727
-15.514457069601397
-0.228757384213677
0.261393281782735
8.373997659513126
-2.632371003392775
2.032168758783691
-0.406815549002097
6.550489599160675
1.271920221162475
-0.996381175647545
2.172044885597671
-2.729522919610976
-2.339353235842534
1.585878818587130
-4.834200515897823
0.215899252899900
-1.477111637612503
3.960440464978932
3.465784305618666
0.768590913708354
0.950075420862690
2.621508597630231
-3.222269470898506
0.509061796205695
10.263331133000532
0.633651109284361
-0.716106019278619
-10.978464523399746
3.382262865156569
-0.942141079083917
-27.191282567734145
-1.214756458901785
2.746728113082699
4.174016075958539
-2.210067199796631
-3.210657949292587
1.486894933456527
1.109789414338896
-0.998219414715316
2.603633447282313
-1.050315374039521
-0.375696529455566
-1.229989090200802
0.164606731778585
0.610052456744610
-0.059368261056167
-4.818601273351587
-0.225753733550580
3.896143475994443
0.800587381258060
-0.746167268890165
0.613128546575522
-4.827513125797679
4.758268179596927
26.170614103313223
-4.803534662486478
-1.370219396601220
1.877338428360366
-0.144693762219108
-2.983777714208293
1.259803910738098
0.253260621351450
-0.639294812924993
-0.778572560260713
-2.536923467385168
2.482848203169358
-2.624643589190166
-138.484715471088690
6.884809859794873
130.605212713234490
-2.297827261323032
-3.055159494808296
0.124945629240820
0.262509447189964
0.758499756243483
0.014477879374954
-0.340970722164992
0.183629067912613
-0.287269835462579
-0.193099219117588
0.326884594263836
-0.157779577646755
0.134709464266975

2.099450997158833
2.670115684617549
-1.529529055771672
-0.030541347396253
2.487110431478604
3.426607002843670
0.668203116222186
1.571247476210856
-3.959600604210241
1.030461461461147
0.942487993832294
5.608999774703980
-3.234010760959655
3.857401652306023
-2.279875998585811
-3.859203526034297
-7.809162024391593
0.060246799882520
2.028447943190888
5.430058122483359
4.828227367230833
1.035501396618691
-2.551800619752394
2.381809095571942
-1.293142606984030
0.249897357285224
0.202649668261594
-0.034031582023954
2.339180948074562
-3.127718410363233
-3.200639216166208
-1.260282705763342
0.528159324920966
0.043317044385501
3.337387768328856
1.533888818642085
-0.000292170341159
1.672342230328259
-1.177827148213397
-0.530492714580088
6.883339938857309
-0.770760554599904
-0.575896394766052
-8.409668992353010
3.174969012501968
2.036358664112959
12.875510503935180
1.277958414071945
1.513457315423796
0.643373698301473
-2.715762013353834
-0.002057380492802
2.604303184289035
2.725657976170942
-1.295870742710031
1.407460958604742
-0.802815624044340
-0.024112019766775
-1.766230001733759
-0.611603606025658
1.815876515257099
0.126357388031061
-6.086085651195133
0.195949435538853
5.431102111407930
0.279134782214745
-0.684058033191901
0.701927838620253
-2.269437670733083
2.532084111841205
-16.845569259450034
-1.323198962511221
1.533064786395180
0.882773384873425
-1.402126818379657
-0.750475996389854
1.034793199880121
0.287672579965669
-2.108137875860199
-1.966710740268945
-2.674801169831415
-1.373147347395942
-4.753081960730401
33.802668191918059
-2.357564835881087
-32.171572976249344
-2.359234617418659
-2.954597536304487
0.287408466862147
0.839129749849400
0.979407774835136
-0.192406284190704
-0.178006763475292
0.192488672163676
-1.103743071421990
0.396865240367206
0.438849322048029
-0.355365792556973
-0.170891501850220

0.404824465305801
3.894365870830170
2.553818447989473
2.953292267911098
2.861441078652782
7.709095963421591
3.797906313228395
2.609251809618686
-2.781912499085583
1.979732651232702
1.423116851913008
5.735977179807160
-1.041012036091888
-1.564635444053285
0.189800462626253
-1.917888512213772
19.907988252483083
1.893909277010045
-0.134488720524489
-5.848835793700625
4.418201843046024
-5.415971332738848
1.208968869966788
-12.739445032061530
-0.932645021594203
8.430913715780307
-7.072996723683095
2.429043046828071
10.140537018635984
-13.227518741138452
0.174183024574550
-1.031112726320969
3.889599573929651
-5.202557200169324
0.774847377898978
-0.096008948363388
0.002820843249128
1.484307829201655
0.853242674949814
-0.143593947100117
10.519939234128197
-0.971400479696861
-1.319005982903441
-6.828620625023761
-0.743602695963075
-1.790670561827725
2.280466384769901
0.793301362606721
-1.319356842659824
-1.191762397201744
2.693864982014299
0.000000000000000
1.562177101877293
1.552679183526952
-3.413971113061075
2.508481181809955
-1.426753504151792
0.316328582653398
-0.803449148813473
-0.414264256969853
1.092051359571533
-0.860049126175938
-2.370485441978344
0.459253724261682
1.613945374300237
-0.073586349062521
1.539412369267779
-0.908237777404332
-0.664852448345641
1.515593405268881
-3.411091947120859
0.586599884300630
-1.827337998258681
-5.562646906752665
-0.305334548522384
-0.649665517525108
-0.060695464616999
0.228729365418746
-1.340387007412044
-1.128321437524238
-5.402242577261252
-4.277044121467966
-6.247783158015860
57.384972376585857
-3.977048909339711
-55.317400547043988
-1.844841247839743
-3.167829390441905
0.290103935358845
1.182297797459276
0.617504411436784
-0.334519831217244
0.017135010589371
-0.288482670529369
-1.227589349300257
0.213858830503381
0.195747445877331
0.850309541308842
-1.114985909830812

-0.439254049832423
2.589959547314952
4.994346787468675
4.013684570153623
3.046541451754406
7.783250457634284
6.980570898030085
7.929448678909006
-1.357919010348248
2.651814612621179
6.211039090846272
3.946807767659313
2.162277194220177
-13.000993294454782
1.893879675965200
-5.020981940255175
17.493535348112360
5.370221030227203
5.609051473104394
-0.176259869648324
5.441565091214943
5.435891088668054
-8.022887365912865
-25.525972552774981
1.838102436238631
11.104465896437334
-10.346313282950785
5.719469781699395
8.918418083249382
-10.759176248831023
0.431439087198909
-0.905223057687792
3.073597296072328
-8.204958871251112
1.515421874322183
1.220225381625802
-2.724104251491757
3.333634957327126
1.696823440343116
-0.343151203934285
16.186097034749920
-1.485298688326207
-1.197932723599148
-11.527405068247816
-3.069391759052871
-0.127627005707858
43.347897303072337
2.335703799187493
-3.126125749659369
3.314838512513890
1.756698103596249
-1.959945864770301
0.652141814380160
0.519158421395261
-4.223231217576463
1.532578341404974
-0.868849971461718
0.101099694203871
-2.458592110244548
0.063706158777643
1.404481666166002
0.290426189315194
-2.838846059266841
0.785160817107564
2.369605450361864
2.304781473204741
-2.628476226030803
0.311660100709838
0.649594081906430
-0.982614613698407
-46.777484769949929
-0.665535482398998
-8.872721864445218
-7.291362971086290
-3.583786125467944
0.022808318849004
-0.663110450122427
0.458273345071297
0.318141374124873
2.543390003300484
-6.528019583193129
-3.931472127977841
-6.503134068942186
26.117290990542546
-3.208860014149110
-24.390272098615135
-2.287373352845094
-2.308721564281646
0.051968237371380
1.573170896779272
0.168284127129286
-0.432546535100727
0.382435510623681
-0.335946477677837
-1.399597857512355
1.140615765964589
0.236441089532269
0.238782305763334
-1.081236505142985

-5.960974635908110
8.240091637850735
1.890531069734561
1.306090992439961
-4.743086614728161
-6.318728526604658
-3.397682389105775
2.509528873799670
-3.235418718042872
2.558456586562729
6.704603437861210
-5.151804190483793
0.819391223391156
-12.434930966850887
3.085712071473989
-4.915791201750311
3.810078991540582
1.458798433588705
0.366241848335142
-7.033794672633798
6.332422103971448
1.022497060059782
-0.000000000000000
-2.526396998620909
1.872533338153318
6.457999825874968
-5.722276567563720
3.787595274875680
11.417938364174669
-12.228842387454318
0.683456149002158
-3.585203585362326
5.264542075943743
-6.429458028001220
1.270649569527432
1.027077052980133
-1.504604928762855
3.477757696823427
-0.346282097528109
-1.399614180692599
14.497286761675154
-1.626281446004355
0.626974547387473
-8.963094430712397
-1.672315735626145
-3.747782004911791
14.610765719564595
0.055036638786293
-0.792349568579021
3.831945874006985
4.074016298094850
-1.731707009025018
-1.798431957333761
-1.173771635678090
-3.374951088190854
-1.204301435746483
0.382455617591707
0.914336563577091
-3.051402063184206
-0.269906898297982
1.500797535117453
1.417817199544285
-2.648047454507842
1.075812071471722
2.094673490116224
2.021660054798318
-2.599658315026345
0.570043405768147
2.257506167596572
-2.500792140754580
-15.732463195475770
3.510823507205804
-0.730987242402642
6.249398398550327
2.140384846063516
1.445494057213207
-0.766134710001795
0.128742320137030
0.495269049613813
-0.959459594767062
-0.559550314749019
-3.017355919664582
2.732483584778073
2.315424792859798
-3.152265682931225
2.296503045354688
0.000000000000000
3.119287356761521
-0.253219478096239
0.483816648233439
-0.195551817395285
-0.364897457630717
0.630284258069290
-0.356853659504963
-0.278541937259553
0.075575176498237
0.314406395983348
-0.155621922201929
-0.620443854933045

-7.582772476949728
7.600467162777850
-1.319511464552369
-0.270650784831711
-3.059013144570241
-4.246817023234814
-2.676949823686023
-2.034163472280798
-0.392420208155532
1.717468722035754
4.822894183143540
-4.132377828064850
-0.627880540776768
-7.210660000076045
2.720031095293121
-1.250618356433183
-1.015911088262853
-2.390209743774896
-1.622583722343479
-3.492992263074183
-2.612862075407560
1.337575139112152
1.350684120172831
1.618514087213189
7.345458289876768
-1.514922983307530
1.059520704370964
2.607739316955548
2.137613883228611
-1.365689376501852
1.790189767693154
0.239174436504534
2.418527460956217
-4.365346867058864
-0.588959662248075
-1.357593389726821
-0.873947677963456
5.843118134381947
-3.435953852508359
-0.418968538585276
12.898679010155686
-3.500364514448327
0.340993049711504
-8.106093564865022
0.590336006261782
-2.708701515362882
22.954167718119201
0.263743544206242
1.962278142997109
4.094176512414256
2.372748377327735
-1.586934874414971
0.218563245892798
-0.976947791179607
-3.675434174143421
0.397110100014478
-0.560816696340422
1.332596486843654
-2.999269601547667
0.270238640472626
-0.557563000792739
2.797045014849697
-2.974226435110967
-0.717474273450443
2.447721402874510
1.143147913427248
-1.343663714982958
0.835280323087315
2.292447209714975
-3.792068271310403
-25.782770550948147
0.692752663227957
3.335431166343740
4.520847983093943
1.390049145047580
-1.373600775744945
-0.076119324291085
0.155163239724848
0.583819874972185
0.383316019317658
0.669043345762439
1.186790661554170
2.263045805418718
52.717678353140641
-2.733491455159678
-48.286475194267936
0.514277463925541
2.045540434288481
-0.017434740145851
-0.505697097171951
-0.024105811788158
0.415057933303364
-0.234082893991844
-0.017531967023889
-0.306538394897477
0.601419136397760
-0.463291481148547
0.535923214761974
-0.649931202029648

-2.763765898318545
2.285400194671799
-3.736447261429567
-5.839986318003890
-0.585462063457405
-0.678848949324264
-1.987710454747935
-8.467495195013191
1.188427710608418
3.813024885899983
-4.824965311556204
-0.793713341030078
1.614263247855507
-2.511044982705415
-2.993258142047936
5.604869743063866
-15.985939611191633
-2.769921673364010
5.792851428716518
4.985310185559510
-14.796287072815881
-6.699043459666959
-1.769083001425853
19.480763431823728
5.163831700329070
-2.755080294347879
1.240932470878925
-5.809955328151480
-0.844910325048897
3.280275919932337
-0.409648833957204
-1.265367984497848
-2.018218176677050
7.288551206784754
-0.732850513129551
1.645396587037111
-1.349106399422986
4.382015305364704
-5.913492263814391
2.036247155397915
-6.283102257235538
1.794628228272594
0.776028137667387
1.855692469664558
-0.224224343920840
8.359776325022782
-42.798750909603932
-1.427122050818910
-3.888286218329212
-4.263259169884091
9.724205138898061
3.123147798639883
4.820694975806778
-4.971464437027199
-8.511191465704997
-0.589199658827757
-2.592384126006752
-4.166760609071738
5.287720235206543
-0.244912865611973
1.864684637295486
-4.586621674679192
2.394977583221865
-7.602209537707894
-0.278800657935249
1.175631386572966
-1.310152615492052
0.081049624094715
1.178518396302404
-7.215653343926135
45.574922562531818
-1.809787768801464
6.961794942800951
0.717201960186227
1.255739582666983
-2.445721171186084
-0.396474567710871
-1.291332410063643
2.603087888892042
3.206466433935086
8.712690402728969
-0.414694125678966
-3.877962128636504
55.221019243392163
1.165937391250138
-59.188458827706370
-0.580270527982711
-6.420980088271532
0.017540569213445
6.889406240165950
5.513459570859474
2.366850431142991
6.701548502852487
3.824369379587048
6.037628119625984
3.345179020334845
1.406309451370790
0.467044089362429
1.454268490342166

-0.004171450325221
2.028714886704828
1.385846817901915
0.862498293638306
2.487304499731194
1.278218277652152
2.419406931584411
2.161912773740622
-0.385946313319137
-0.069418968222022
1.029199164321387
-0.245463707154859
-2.095714714400958
4.862355856686334
-6.282548807482168
-4.483608007005999
-44.615899312291852
-1.661108889483727
0.605071214413480
14.575085601754459
-0.103998862488629
0.559894706371539
3.231100661343324
27.218116577679005
3.777771438093315
-15.357200078032106
14.395040047567312
-33.906974372887824
-20.278165870708019
23.408182453442230
-15.907034637573410
-7.577499773781155
4.309787948866522
35.258605256244614
8.484740990378739
-1.684483805049234
7.802600373215934
8.424654027065387
-7.603904126586164
0.584486902425776
5.760869170489233
-5.386260012417970
2.591458446692895
3.065182057392566
-1.462159643694565
-5.574068532390868
-27.535676462794019
1.327192357360915
-1.581129666994010
0.532831196975657
-1.105933765503747
1.112905635850394
0.533886045375409
-0.076087224593737
0.053319424806569
0.125364680422234
0.428537601850759
0.293465510288306
-1.088280395223845
0.877449215609670
-0.479188501708242
0.982717271846984
5.627296273440511
-0.630368868789170
-4.633472520979021
-2.230909862097002
0.982724844439400
0.296448210914577
-1.159249972394527
2.611976937240740
28.238254792026915
1.018546648290413
-4.144510539085542
-3.400643581105713
-3.822934279195180
0.105692032100181
-2.025882386933480
0.485391678771289
-1.274369353982400
2.142007638785731
-0.619773283078972
-0.795806944787529
-0.913016336800621
-6.359103112174520
0.200448517175160
6.466010608746400
-0.150727267336109
0.502259229284275
-0.798241652199491
-0.382300509369766
-0.369038768969440
-0.087755090190833
-0.106233944781546
-0.271656207258984
-0.269243306884692
-0.152415355207752
0.744083549918493
1.128249436112259
1.764414328208423


0.121898  0.158272
0.133851  0.158210
0.110613  0.215309
0.164106  0.232255
0.133773  0.237516
0.084962  0.301153
0.085551  0.275044
0.080783  0.199721
0.114872  0.147323
0.120393  0.104080
0.132366  0.068554
0.075141  0.064131
0.125819  0.077632
0.141265  0.087224
0.151391  0.103613
0.255867  0.127943
0.210848  0.129253
0.215367  0.106050
0.179065  0.127496
0.216022  0.129781
0.243203  0.122876
0.199838  0.126768
0.195347  0.112672
0.210503  0.126508
0.235945  0.122103
0.264813  0.179056
0.255580  0.172863
0.386214  0.190743
0.292356  0.190120
0.286958  0.194866
0.461706  0.216968
0.404854  0.248896
0.394158  0.235055
0.405581  0.197335
0.476691  0.212791
0.377342  0.252869
0.328589  0.244330
0.241458  0.334166
0.247086  0.320536
0.351785  0.353891
0.194058  0.324452
0.225454  0.344445
0.300173  0.355896
0.203705  0.326634
0.215978  0.314082
0.184903  0.317912
0.169387  0.335666
0.154732  0.345524
0.168471  0.314492
0.104883  0.390854
0.114181  0.369706
0.127903  0.412580
0.089143  0.349622
0.072710  0.380890
0.109876  0.356346
0.104007  0.873191
0.094968  0.920291
0.079265  0.808743
0.112378  0.802732
0.102043  0.700391
0.168721  0.799369
0.138738  0.812714
0.258977  0.749543
0.051474  0.722063
0.271042  0.741347
0.276061  0.631524
0.243663  0.640662
0.192008  0.652709
0.113526  0.447929
0.118336  0.432871
0.168179  0.334848
0.082146  0.246705
0.095692  0.213361
0.097426  0.280858
0.131859  0.262365
0.154869  0.292656
0.181623  0.453526
0.140753  0.532582
0.133247  0.440266
0.130824  0.279979
0.146510  0.215133
0.078380  0.228964
0.065562  0.317481
0.055107  0.104663
0.049743  0.112823
0.055143  0.104303
0.061321  0.070357
0.064416  0.058233
0.000000  0.000000
0.000000  0.184058
0.000000  0.368116
0.000000  0.552174
0.000000  0.736233
0.000000  0.920291
0.095338  0.000000
0.190676  0.000000
0.286014  0.000000
0.381353  0.000000
0.476691  0.000000

0.338770054968770
0.464229177216248
-0.078909540980972

0.617583200501565
0.184921617258262
-0.023687978632967

0.964597636991185
-0.061573378913315
-0.031396706038987

1.314441422245828
-0.170658266393952
-0.060215239447798

1.633159963936409
0.109570478072247
0.085863821897883

1.948007280323969
0.141699733257315
0.042793666680849

2.308665091095693
0.065487554323423
0.109508770294330

2.681410469671185
-0.041411163626256
0.070658828985161

-1.442523497809287
2.598642573877761
1.376980826896819

-0.325545920060520
0.952932124200091
0.423314514268810


