0.250000

0.600000

0.000000
0.000000

0.708466
0.843557

714.166712
0.879553

101
10

-1.688846204260587
-1.899785245484019
-4.750109671766376
2.690745882170896
-14.691911966952341
-2.339413478656706
-2.340248648929730
-3.647523760181341
0.199310840357701
1.007196622304925
2.551939944430107
-6.639651179996359
3.838920589480483
0.720728139216249
-2.980523602447998
0.079376962740134
0.308394647803326
-0.152343278323323
-0.108442467867339
0.490099828537945
-1.174721954616707
0.293592683898869
-1.162848982299480
0.314981046322503
-0.927019005413057
0.608045009086169
3.500999155218238
1.046224328617148
-6.629322232331943
0.379736793406727
0.631692155225372
8.999625757875940
18.642983782382736
1.895022220410667
9.376374722392153
-1.957974233461050
-12.831904286744500
2.940268025463784
4.833115567730722
0.181524522816785
0.239954915508838
0.374626197535040
0.270282340856104
-4.256744525566664
-3.655773271303059
7.003991275203424
-8.145062770486378
0.588684843406973
-0.057582426650776
3.060983506330202
0.319278724825316
-0.331699502915965
0.116122783508860
1.667937073810583
0.173189558238895
0.779099403109756
-0.929533846084174
-1.399040465111489
0.091364029829138
0.740639936477179
1.045427996033848
13.123636848257135
-0.827766394351627
-6.937459946469697
-14.866020915240995
0.803913914019672
6.538929193990510
0.149623471838887
1.536204310178619
-0.274325772407295
-0.449153552015949
-0.375066943643331
3.823425358597300
0.247884429653647
-1.195498193051649
0.237076303127487
1.433900866227096
-0.316584698674490
-0.452924404005232
1.394632229970857
0.501838420423321
-0.185172325782018
0.355632278764436
-0.813549557462709
-1.213821986938668
3.302446836163126
-1.980920693420536
0.030057562928647
-0.150138099405873
0.166860841011464
0.114120933906803
-0.796969275422687
-0.914422208506187
0.697693037915679
-0.422895723945396
0.392527824319932
-0.246710268965271
0.390981160250291
-0.168291367014035
0.164677073193993
-0.122825381318364

-4.128146173171904
-0.164689970556533
2.743210327878136
4.181122568450283
9.373163733405502
-3.436518487872069
-0.286680435714425
1.966772038867001
-1.085436487888452
0.089450851691265
-1.285089617439225
-13.015284057517800
14.058339428434218
0.821605957498598
1.805614593543777
0.282150805665469
0.207335293243293
-0.109528029758416
-0.689492251982070
-0.177317336500007
-6.887511512070959
0.607871785622108
-2.642732645096001
3.737995705844684
-4.057505716232329
1.376108937451658
-4.033523351954952
6.397609851766915
-5.292052186067555
-0.093798984375253
-0.402797338249655
2.576371571312298
-11.781697709189451
2.588212930704452
-0.439659335900067
3.270342491393589
-1.042174665395254
2.571386538612223
-1.358612766088645
0.536047940817807
2.116494821839884
0.227527117326690
-0.514766529362732
-3.306096540706986
-4.431933790211884
-5.028040040853971
2.761255254699179
-0.407079886611529
1.406895538735979
5.137363817365833
-0.238756835093989
0.210543392958180
2.474068210304680
2.132619168820589
-2.202876006456242
1.007773477095576
-0.009644534798588
0.936950488801385
-0.026823476187263
0.675056493648304
0.714494472485635
-4.419650275424586
0.875620343500572
-6.050011497953153
4.576889082317016
-0.025693354439436
7.149158815283964
1.138727827964079
-0.830764068715312
-2.870158266006752
-0.647923196710236
-1.360585307915463
2.491485259781317
-0.367689065605344
-1.919284327103131
-0.053086741302645
0.349974140556150
-1.103341499749623
0.920136334451357
2.753440042980766
-2.652395827908558
0.668271634821272
-0.128779037456188
1.386970856124513
4.371066286674169
-6.459821687457340
3.948304413862999
-0.673606631294839
0.007063998896992
-1.463604017791142
0.109442526974145
-0.960625244250062
-0.617984441796962
0.984802786333624
-0.278505713745585
0.564101939230696
0.818938437661017
-0.858363682688636
0.370596236780098
0.128525952053189
-0.287131946305218

-1.102089747310807
2.010064288325006
-1.712462016952000
-1.526648822071648
-10.290117515218558
1.062316086718929
1.547905242358798
1.706142960354963
0.613267690412049
1.150159091536532
-1.032293244768389
0.798191375222723
-0.169597470551520
-3.286996851932652
2.439713520955820
3.134553811677099
-1.565488420480133
0.711194132111378
-0.302385657399002
-0.219560453530995
-2.857829775588002
-0.461212588799085
1.192486633905181
-0.582720182910097
0.204082929457671
0.704647560679563
-2.396344324507223
3.055926681061383
0.206700811048799
0.451428534867570
-2.977423485338774
7.650409968064348
8.262503721691552
-2.292900521450970
2.853130944836612
-1.386314062321160
-5.748015356590512
2.545685989215584
-1.701837866413201
0.126222537092421
2.531213871460162
-0.856432527793488
-1.065059783464303
0.604486000397051
-1.523792086634820
-1.145261348751886
0.553909282584764
0.834530233938059
0.866354590153782
2.703117991335069
-0.706451027094985
-1.032697562605346
0.552102298984413
-1.414742175959477
-1.575339993636631
-0.803823372506501
0.644010110712938
1.176782706279621
0.371151540521513
6.728057298594652
-2.012754219400178
31.724256625721363
-0.165862277516772
6.666955681244231
-22.849711411288915
-13.661013373561644
-9.042454222717284
-1.006443389573024
-1.374133018247641
3.447028300490229
0.864489291145870
1.234832174594498
-0.929283972770839
-0.557367110203843
-0.517761206566324
-0.616507963948250
-0.817828328455041
0.446245907673926
-0.655081587118945
0.119329359271679
-0.816133324408806
1.510707619384522
-0.163982116492736
0.250220622425823
-7.213722389709822
-3.492575561913049
10.526096809612167
0.277182654546273
0.078215279405271
0.438219235610536
0.031053344800364
-0.643595824400244
0.247426754736414
0.019887354930860
0.438791893419855
0.260155871995989
-0.369549211516448
0.111348961244397
0.634269917823735
-0.811981077036907
0.134415732156234

1.301768164350960
1.859716046527842
-2.181342463735116
3.660734667762435
27.445011192765364
-0.514323595419648
0.363691433753717
-1.862173172793329
-1.117599601517714
-0.341351605747895
2.845731545535206
9.057813716111943
-8.232846699676243
0.153323641586639
-2.388343422092097
0.401207246144880
-0.793971919793216
0.144680930651331
0.180060883906528
1.524395820761382
-0.128492695604618
1.452752001443781
-0.772853492614410
-1.545323841319962
0.595520800466199
0.981684487298562
0.482145233718452
1.128178804581634
2.342392509298356
-2.890597017385776
1.696050575462059
1.341468571155925
-27.342326904093106
-0.416922605210463
-0.021441023416401
-1.246110401207835
-6.232946627888514
-0.497403796189766
-0.502671819832352
-0.049558976593348
0.121566948735814
-0.037469292031330
-0.483466178600241
0.289584353691710
-1.774041052042125
7.542103994160065
-7.259898616940784
0.953065424677966
-0.376790521392248
1.890388120488458
-0.035049408945831
-1.403988967283981
0.059800818954586
-0.263082228721869
0.303753044780646
2.589792140234643
-1.063428747583279
-1.604030045327481
-0.265739471431892
7.244770632390600
0.338017791504382
37.168443570304945
-1.965324037629492
14.880703797656340
-38.234127311653381
-3.741017026028734
-15.261245904330178
-0.668502920098708
-0.493496802733908
1.565828735182942
-0.210982027504785
-0.391838640157665
0.955677958671842
-0.080620973554127
-0.673486474769751
-0.324251315209974
-0.787652352798512
-0.005393981622063
0.161982867538736
0.778379331253839
-0.618554457800964
-0.422033552054421
0.038391862107085
0.954027042492178
-4.526341885407369
-3.159223670450039
7.277331867723431
-0.120075989837496
0.387363730409732
0.583306619308877
0.080199427615891
0.482886993861512
0.391779125988726
-0.262792582144607
0.107422460342576
0.206429321273051
-0.643946452759468
0.417379919099999
-0.160348891424981
-0.388794969287220
0.056932258987295

-1.225539144614585
-4.351876681158208
2.264423873708272
-3.180319011400503
-5.881528719735019
0.508832535479465
-4.526943010987481
3.797267422990217
-0.381628762932710
2.515552770179025
-4.502009293173534
-14.879119364861474
13.431020417023111
3.835921878501868
5.314641024492397
-3.218504538041072
1.017049949575803
-0.265411985349753
-1.362272663939861
1.863106023391990
1.031473758060878
-0.141602810365143
0.614567075775108
-1.243356981625682
1.110155436755579
-0.414111064642662
-6.768794553290156
-0.143700116293742
-0.154519171998033
-2.287770217679583
7.015306930919591
1.581019840265000
3.392025504387099
-0.588848465382463
0.000000000000000
3.692683138543748
2.356498702765780
0.163615403689350
-0.914664108290018
0.448568449461898
0.247374083860145
0.084907463004209
-0.880657237518307
1.431058631487952
-2.171201970590136
-15.612146459894394
15.006197182498372
-2.537794436891077
1.611505734564757
1.554270281512210
0.942044732613815
0.187187665894845
-0.996446700104914
1.160851769977225
-1.755249480348017
0.642217483801551
0.259788134755547
-0.545832594857820
1.657620629196286
-3.721729077404110
-1.743393356917027
-16.107823183524850
-0.540587484550179
-6.972594284596215
15.150750399863176
2.419157237946847
3.382203868020534
-0.878301762442134
-0.113944947829597
6.159727333528513
1.696198034898725
0.641595317417256
0.928974180672539
-0.062276449673995
-0.303823574013913
-0.373498470487115
-0.682967921858708
0.110500748722032
0.035279659779492
-0.077401410297419
-0.113797731568479
0.342888715082999
0.656035451278327
-0.940642819257564
-5.043492591921333
2.675053054452401
1.650348194817538
0.045495555651351
0.103796793185615
1.296420952306973
-0.148482951036971
-0.175400965371477
0.785252599449747
-0.435163498395487
0.103509390642360
0.154708495902635
0.249268039515318
0.609488102229333
-0.825166070228713
0.487578418960996
-0.230646579137480

-2.935520208146266
0.833229252916727
-3.177258914676835
-1.437930426281088
-20.249194956683681
-0.244533472746439
2.305434330954732
1.345580713268018
0.316496178005149
0.123995162682923
1.255179960681386
1.242650462771921
1.396047299758265
-3.512351572728684
8.741687635832120
1.052085159598785
1.024853039722342
-0.042282743929137
-1.892559376795713
-2.271775269618782
-6.284758836650622
0.888015661913932
-0.172368992521786
0.721871450635935
-0.571949863151640
-0.654520620599495
-5.857731954586214
7.303804384174403
-4.269631172230310
-2.126605017200786
-5.635842295186976
3.105298436534236
20.448632283410934
4.491196399603164
-29.642621170649292
6.892159158720234
32.872461114062276
1.171689507269146
-7.062289739231534
0.511447512160092
2.943408672070316
-1.368765698353694
0.474368918357608
0.443315991556722
-2.104854633018983
-9.347128531228115
7.389415715473193
-2.159524535467969
1.746568370700832
2.580090599937742
0.582166788485002
0.390836923828262
-0.192383759763160
0.657865676969434
-1.131975520470427
0.485732537931233
1.096947349615342
-2.593353654597831
2.906591918239657
-2.107333158872339
-5.928309823528596
-9.522735434402691
0.670698313201605
7.606103410458363
15.762287068639258
-6.452982344404437
-11.337824805953854
0.521006128513040
0.463739506408979
9.188010705624823
-1.087616287337875
1.528657861264571
0.190436764132148
0.049494220278273
-0.060696754704774
0.015862547214493
-1.176083382509713
-2.481343370566371
0.510876804267251
1.505315732440970
-0.442722195882608
0.113508269552072
-0.666190682553758
0.959198656233260
-4.508781209048000
-9.797806685132640
14.539355681209424
-0.914269744254476
0.283566932078162
0.599196336234108
-0.129345936702931
-0.328645172650554
0.049190287987756
-0.185770116845986
0.049123184215362
0.162784153903463
-0.038622206808184
-0.443676708369609
-0.072144789767535
0.640959925342943
-0.527883333337338

-0.150654906810919
-2.572348196231138
-2.639898139546312
2.658293240373404
-0.579914237114922
-0.926395865380009
-2.891925207032601
-3.104486585734939
0.008748674749569
-1.674417873429706
3.628749870719426
0.702099886979751
3.120812770591504
-4.444155895927000
4.142797186045162
2.362573132844116
0.411122069191529
0.492791602476939
0.167149299161697
-1.778158963166573
-1.182371216531046
1.925599016941274
0.228223413316144
-4.207948991338115
5.052294928498210
-2.605782010891182
-3.235643704950721
2.393746556829600
-3.225349973689632
-1.455526229462574
2.669120229434676
3.424416885607012
-0.000000000000000
2.573997378070847
3.204845748446389
0.323261676864050
-2.518798700364103
-0.030762208373321
0.112561656628524
0.399577315301635
2.488332500005250
-1.651837696861487
0.592476050416335
-0.341943930051771
-1.135198834595720
-5.906389714350788
4.714945999782144
-1.314133747131732
1.085719593419055
0.321716972042046
1.287504643374720
0.513533261263836
-3.060726553293804
1.170873081927377
-0.673401413453917
-1.085415376841502
-1.103080077455192
-1.039817869935307
2.546758327696708
-0.816781858204858
0.180384545028430
0.062464538239150
0.122345568170582
5.777871606887143
1.699451851568990
-1.541885853544283
-5.951896924405178
-0.218691694074632
0.171623884512130
-1.340380739524073
0.766012869707534
1.570039020110912
2.315341442057422
0.008688478255130
-0.805533864687046
0.043064114021995
-0.899955892626039
-1.246874107736253
0.306396026503895
1.607833523265069
-1.125485176585594
0.934417650216093
-0.576495111920671
0.073587612609783
-6.442652950504311
-0.594120833409125
7.620135354411176
0.652508178297738
-0.397822098187764
-0.290958977024855
-0.210100439029812
0.424533873393642
0.008324959980676
-0.053862802341561
-0.152594838176722
0.278991959718785
0.466537948060936
-0.962903262036228
0.515058838473543
-0.039792369410282
-0.124983627725475

0.408133184674171
0.102117130979807
3.550117414571964
-2.434007799280959
-1.156382375605654
-0.405960428651138
-1.533213993370243
-0.051392308492507
-1.927716334166717
0.945511104535852
0.699716282360623
-4.751351117724949
4.558183222007219
1.271735714421246
1.337506554230697
-0.149530009147192
-0.524265020100137
0.741214068000020
-2.743680538847649
-0.355556644353114
4.989854494374419
-0.222956945747825
1.159537750708695
-0.528011066236836
-0.087917511435497
1.315531285711370
0.360156745928863
-5.084202661187772
2.700320163768294
-0.533283404528239
1.361229635985488
0.550236492346676
-3.744699766277622
0.760412691718070
12.053962472704159
-0.154231969066814
-10.897950269802170
-1.111506023977682
0.366424137504990
1.278932771848967
-0.567768559356879
-0.334603371324868
0.112049472238057
-1.013289422626758
-1.180592897471488
-34.867679322580749
34.247177817944753
0.132840949044844
0.527577500367148
0.366762294449108
0.263599588007586
-0.255715466799044
-2.078208624556700
-0.063915524129211
0.235344430448136
-0.306917272516852
-0.169683258374480
-0.843155766851709
-0.108297038157732
1.033245624934885
-1.686847104163485
-10.840647317795677
0.661895906646375
-4.444154225285306
19.840514099965525
-9.862023901051188
3.885944652025324
-0.047181052373034
-0.251165466446484
0.378956873284693
0.906463401586096
1.308546443257817
3.350706248514161
-0.028853138865066
-0.333352220462913
-0.258776066115070
-0.541158826266047
-0.865998279024897
-0.057320870205265
1.110021982239565
-0.171145922715409
0.191623080904981
0.075191471854968
0.201362707604523
-2.218670974758728
-4.669104012946100
6.687097354357506
0.397914532663731
-0.417083329281979
0.026426712204053
-0.242049496278343
0.476174131999386
0.177263711890958
0.055254589217887
0.074686637246276
0.121599112941267
0.053728032886119
0.006128218270324
-0.004181346448999
-0.546780822526864
0.257206161586552

-4.277675709485028
1.063595798888189
5.523377543704406
-3.990606646747504
-13.787867503073905
0.313450372731019
-0.807950568972663
-4.011720012679009
0.077632580399042
1.195279704012935
0.084681810494367
-24.584440082328189
16.074757663554610
-3.670723432092363
7.220659438206564
-0.398841362615262
-2.622141918178682
-3.936825710202208
-5.119863713077955
1.013146851667419
2.660523438779925
1.952896755673564
0.349310916995821
1.579782103850800
-2.428667090542263
3.488621821159763
2.379523622538815
-4.721597128736123
-1.110764396170648
1.104948015898071
4.116481366664710
5.098221056147416
5.960807002973261
2.104171032613182
-22.686057823731144
0.291073812417928
21.438235355201787
-4.876962998528212
0.457849968363307
-3.089093140619708
0.979448663369424
-8.778265062378791
-3.366713279707590
-7.928145200251781
0.382116318745512
41.176092308204815
-40.486354374013168
1.096969676429760
0.685995424493447
1.297483970919969
-2.613541555704749
1.086118998536081
0.075182590442045
-2.521548495914348
-1.694513918545926
2.752505919006103
-1.646666476323719
-0.746617501017600
3.504925051436430
-2.080392875546709
5.148076832918114
-8.327050654587925
-2.165395866538725
-12.620242884179067
18.213353138279675
-9.700591102903271
11.948688198338575
-0.854728039011013
1.593178614851662
-2.751796988705719
1.052596866601922
0.004255118540808
3.304442899062862
-8.000186313834503
-6.136752707160542
-6.166021426848157
-1.796816549642127
2.376562180116999
-1.294182590353536
-1.704363054156282
0.394525276760568
3.252484026762457
0.962342363698062
-1.725650995131781
-1.312123845956589
-10.424547568463563
10.894963353728805
-0.932600046602866
1.679957280537288
1.443758844747892
3.250066202174900
8.448339641973817
7.535628944950485
5.363613754305860
6.437335878642958
7.777253415547665
5.108080333426346
3.720535806298807
2.528020801539189
1.506811972893165
1.366870019770510

-0.009315090656871
0.001619080411403
-0.070588907506815
0.016396784367046
-0.024947351188303
-0.011102122830718
0.002170198213477
0.010731763745566
0.005520721341087
-0.005936981462681
-0.011373248246537
0.025976361476871
-0.025870910042491
-0.006274324742132
-0.002826861973033
-0.023107366099917
0.004871859416556
-0.012900704445409
0.034714164485959
0.021989799980245
0.011508143376918
0.017068353107498
-0.083606895399315
0.000298354833670
0.006838171045705
-0.019055655601265
-0.026592058064752
-0.015899357328975
-0.002567884691042
0.007002101379262
-0.017100662544760
-0.051888721155212
0.096639550578148
0.012176637681601
-0.036406789656424
0.011342833420634
0.068602164928334
0.005145759704885
-0.006009310812157
0.000727805814326
0.003179263007289
-0.000377362697650
-0.021627931941870
-0.031388039555698
-0.021921622404068
-0.493327062159587
0.483016231945812
-0.005208697279968
0.012009784644103
0.022006049236723
-0.008662741352080
0.001341800320687
0.044401617754687
0.025573919670840
0.036358935952920
0.010647802473935
0.008580721650264
-0.053507780989155
-0.003242646591078
-0.015335384758051
-0.147828925035321
-0.403499816430309
0.062395997079014
0.089245178054871
0.485125426453838
-0.067714561412133
-0.078462196932987
0.020217037168327
-0.033283001928233
0.087993394169123
0.015805329948517
0.028066942957494
0.016203270059463
-0.041419721098764
0.001780424849088
-0.012114917463151
0.023337577036888
-0.006016229357843
0.030693364679645
0.005990979395306
-0.046798282303923
0.008065737579387
0.011944096834350
0.044998038338190
0.422585841533659
-0.147849041046793
-0.253645206901696
-0.043049764625591
0.005368889140778
-0.039218962756159
-0.010019937290195
-0.000961837905383
0.008954127880631
0.009179503749057
0.002630298758854
0.035499803962934
-0.001134303122987
0.002635590631557
0.008523235795230
0.005267261512463
0.010023095813151


0.054375  0.129282
0.096937  0.163652
0.122279  0.202479
0.130711  0.208728
0.122408  0.191687
0.136161  0.219921
0.125223  0.144756
0.163364  0.115508
0.132195  0.100362
0.231332  0.098412
0.174235  0.100619
0.279753  0.115489
0.281981  0.127315
0.353981  0.105526
0.327445  0.135858
0.391245  0.108181
0.446098  0.121512
0.594001  0.171798
0.341088  0.149683
0.266631  0.142262
0.231128  0.204347
0.257875  0.261292
0.278660  0.309638
0.349957  0.211156
0.376719  0.203930
0.414970  0.195320
0.303936  0.141459
0.228713  0.191476
0.142765  0.191079
0.184241  0.162129
0.140882  0.150380
0.126115  0.180779
0.124520  0.193670
0.163323  0.192204
0.113528  0.177479
0.081027  0.134096
0.114129  0.179104
0.047968  0.223582
0.094121  0.131129
0.085867  0.047163
0.057675  0.079614
0.031922  0.058788
0.065469  0.413188
0.054813  0.332474
0.123113  0.341065
0.171381  0.441834
0.170812  0.443034
0.276335  0.400016
0.212620  0.445865
0.120168  0.365905
0.231408  0.375090
0.312823  0.414396
0.237289  0.309627
0.327488  0.341340
0.358009  0.314247
0.344098  0.353948
0.395685  0.392794
0.349058  0.333707
0.416802  0.328768
0.473410  0.356594
0.523376  0.295833
0.494391  0.344980
0.488682  0.301049
0.558068  0.287399
0.492873  0.346269
0.489067  0.350557
0.556994  0.283617
0.621029  0.457392
0.505759  0.412554
0.535261  0.295074
0.567938  0.378172
0.313969  0.363417
0.093067  0.308413
0.054206  0.843557
0.053793  0.711291
0.061579  0.559565
0.069469  0.362903
0.149960  0.693609
0.244679  0.742185
0.118328  0.689308
0.315140  0.759767
0.267035  0.815146
0.325404  0.679688
0.362548  0.803357
0.453499  0.746209
0.442973  0.756430
0.445004  0.745933
0.571292  0.674759
0.708466  0.635981
0.499863  0.722100
0.000000  0.000000
0.000000  0.168711
0.000000  0.337423
0.000000  0.506134
0.000000  0.674845
0.000000  0.843557
0.141693  0.000000
0.283386  0.000000
0.425080  0.000000
0.566773  0.000000
0.708466  0.000000

0.350491999333812
-0.127954592823025
-0.031612702404264

0.686784298974279
-0.355144889823186
0.077965227560793

1.042686525768416
-0.325068606319636
0.074866546852511

1.314129647891000
-0.164662416089777
0.011837280441753

1.585898769255631
0.001285568981037
0.121298229128451

2.023453484330898
-0.169641050878878
0.051615840456049

2.387744664347965
-0.099788499624626
0.067485977150155

2.772118488951475
-0.118353978006209
0.090381093470059

-1.591920343126643
1.515880813254091
1.343665563164000

-0.005263857947097
0.011191592282449
0.010085341365067


