0.050000

0.600000

0.000000
0.000000

0.461085
0.817351

796.784616
0.737582

101
10

0.182517792507390
3.308172109435389
-2.682857186798927
-2.769849359091465
3.438834256652154
-3.017054614602057
-0.395321210391240
3.276780578526951
0.357632824840327
-0.212741713137333
-1.344475079416160
3.572005881979294
-0.379592379265022
-2.796604648752905
0.592205689515692
-1.189451500391722
1.420777227870588
-0.036367244731178
-1.489964016895934
0.999089287388932
-0.030262868700216
-0.920485644503684
-0.687310057839767
0.129972686242273
-0.149740972018549
0.590448306257553
-0.253685034270896
0.559647904390457
0.721496730926903
-0.414936796911514
-0.855124402471355
0.725584987431593
-3.463868822394781
-1.259175550626966
2.756178000351894
-2.877271556580969
-2.048261978767075
1.123838878053280
-0.763908521864277
0.694503126006427
-7.247556137838222
0.586365618835776
4.013509256653751
3.308505687766629
-2.248102528418394
0.917756872986666
2.504481730078271
0.055876644456342
1.108651742068620
-3.904208299566043
4.492509546230135
-2.810827682294832
0.913786532485317
-0.374701020546906
-0.708143457992708
5.371561630634469
-1.289191986444765
1.617592965949074
5.275426312057620
-5.387129974273055
-0.046790988186303
-1.631878236816420
1.072514761337811
-2.950573124131726
2.303788062442410
-4.311881394265810
1.280339724054308
0.498465890011926
0.617302695931667
1.049979425178286
-0.342504184702768
2.173789421927832
-1.026863320562764
0.136927159590137
-1.257607874216773
-0.377518786123129
2.161638040497325
-0.633447675114569
0.546776497049796
0.796081383729237
2.233869667420746
-0.069717464964449
-0.100727604682212
-0.747312539421396
-1.760080586542739
2.163835081445033
-1.652336330839043
0.835733142218728
-1.345478187818777
1.737361170651640
0.370335415479882
-0.181276398687899
0.127538976454099
-0.996804915269297
-0.711333483991999
0.077913076308446
-0.540072004707117
-0.054429564010875
0.085795779716039
-0.275887164240082
0.136998017863947

-0.115172532396147
-0.356352705543019
-2.226452750038696
-0.691876379172659
2.875916380536866
1.070584131663696
-2.167504602765267
0.996307276840237
0.567973926644546
-1.069435030783497
2.008777987080300
4.842888127508936
-1.108989764766960
-5.114613644639777
-0.352386927125949
1.394684279087968
2.014032093346716
2.323545933825907
-3.793905248619138
-0.041373994012571
1.987212522139646
-2.788909218717623
-2.987044099983910
1.570841844368339
2.714227071435992
-1.645021629743455
0.055404907406283
2.035171703699995
-0.758263599173562
-0.480024520834384
-0.105151902059631
-0.437244009671650
2.862023041046073
-8.313528861808965
-3.311888173082187
-0.695298094298070
5.622436187627068
0.828515268189193
-2.475132540457593
1.229128593899810
-1.295502777653186
0.810215813939564
-0.956239026421341
3.069616755133536
-3.065509791285854
0.075490401261379
3.554561757437715
-1.485347528763815
0.153944561630276
-4.031511717749935
5.284567832213356
-0.947723006606928
0.683554293504430
-0.201917024957942
-0.454693082541788
39.483401187855208
-1.349965428515054
1.614209822478691
4.769258926248537
-3.503736881554632
0.573070079174692
-3.751628391887512
0.435374850729267
-35.097370957982491
4.398455327436520
-3.255990580639580
-2.116308517371937
-0.550314193557113
-0.289156861108357
1.132587583310493
1.108140639812527
2.299683436173090
1.079016414645138
1.057709446984547
0.663932571688463
-1.883368209318226
0.185641531408929
0.160840235322972
-0.125132317495321
-0.354866326193822
0.162242949293542
0.075786923336519
-0.651933790926292
2.147987978922200
-3.197943825735714
0.476727477284086
-2.964111563637740
2.152780328026976
-2.423651386903015
1.786742557506515
0.048125738896509
-0.001533265659181
-0.106602721947119
-0.871578531254315
-0.772685104995880
0.228596518078114
-0.102819143956420
-0.186599550158465
0.131402090068610
0.309845073017871
-0.081870668591289

-0.436021969673023
2.847541418566491
-2.633143051429419
-2.439827581247480
3.222534701018984
0.762880780839316
-1.815901047573596
0.522025651920722
1.835863793398885
-0.939979790923321
0.799066516639756
8.905140235415875
-3.624582977640673
-5.877961883968942
-0.170461020555596
-0.502086957524492
1.330642711302523
-0.603043884512694
-1.093853942589808
-0.186885902675959
-0.961881968437420
1.216658077473151
1.339435482922379
0.781389303966743
-0.825852722532134
-0.558458489010414
0.388696612222753
1.076526811023579
-1.193298826144908
0.850705190120439
-0.292888638158718
-0.717146267780643
-1.003376478732666
2.505670121576813
0.835737966893285
-1.077358253163726
-3.057337693966955
-0.870760198907692
-0.221391638480603
1.110985464595403
-11.044576391608397
-0.256357789863711
6.479842813972518
4.840324436050850
0.534265773448000
0.242720852790976
2.007637590110945
-2.294873497817186
-0.101243119580274
-2.808003365153386
4.284403496460733
-1.171734733168208
1.153024221195313
-0.948331234845693
-0.260092241597497
30.031214355678355
-1.354478647402027
0.871023144176490
3.958870356482688
-4.454543966781412
0.498623684424873
-3.731361652100931
0.929190133313934
-25.537334899332741
4.355587946839084
-3.258873440022347
-1.455274282230567
-1.844991959040492
1.138092946988095
0.495550509684657
0.822454187811593
-0.136654610717410
-0.389527144523626
1.310001883496308
-1.850117457894589
1.663824216532571
1.473499410587548
-2.300967480835689
-0.223778002962211
1.278914499410538
0.966394406429742
-0.212374656009534
0.091370057873899
-4.852774442870280
4.492058223077041
0.326462029978591
-1.022428178586566
-0.289406450284879
-0.611214941308163
0.276247347311493
0.109004478667262
-0.203321619473718
-0.017894305509118
-0.766848911888349
-0.516723126976566
0.297157950366244
-0.264394483841296
-0.078566888329342
0.010233551952004
0.115899436202133
-0.022829719716705

-0.000292690014486
2.140391608462011
-1.111885388497444
-3.643743971509657
1.420188414310825
5.942449327850763
-7.165709035696967
1.445220072761848
-2.070353100190919
-0.112763160486246
0.848108285154317
-1.347435627109757
2.895076753918953
0.705848035533785
2.054624902108970
-1.002801229774426
1.976459943391514
4.773085972985873
-5.960849892879664
1.750066227300167
-3.708408127063193
3.612751504982405
-1.337851931231543
0.687238718440188
-3.970358476467378
-0.000402056829962
0.278024754145243
0.681512386175681
2.293284166601167
-0.530022930139175
-0.033448258200611
-0.818405658025316
-2.598093987910134
0.013907422000235
3.534672208918058
-1.762169208420365
0.046012812458109
-3.030385041068806
-0.347672486033018
1.720590822451535
1.685743345118199
1.225351116181617
-4.504071210138227
2.168182982359187
-1.751150115718975
0.191165249396320
1.381709058415236
1.326743261682569
-1.890368535261360
-3.188825335219228
5.493372596073930
-1.520100068417569
1.404613742851962
-0.535759032040433
-1.226800944409518
49.867267450640718
-1.306821315446972
0.781111402364128
1.695850559964442
-1.453304781264620
0.738713702889120
-3.848771698309045
2.411085316024402
-45.656056768426588
4.725220949793426
-2.820378222405745
-3.194651272355622
-0.505986107366906
0.333461456557998
0.129718772879489
0.589085547855401
-0.358215386294249
-0.728146393921579
3.545299059563558
-0.361502122937181
0.819714373229577
2.327509994435915
-0.866425112460219
-0.413711707849284
0.242925531893391
0.982408955975584
0.024305869221493
-0.271199607648667
-2.264969426653424
0.759863161073969
-0.977650089856573
-1.517608363729156
-0.960458913065361
1.217211397776430
-1.435446511899504
-0.050107056194660
0.033657469543614
-0.082409117121033
-0.415603353474467
-0.274495065715835
0.288300684767899
-0.263933933771537
0.182907004808586
0.190141299442826
-0.398669319456959
0.014493468987823

1.387874314579847
-4.403955622502907
-6.477068919110919
0.153010944529977
4.374962534307915
-1.846066686373733
-4.979856909155174
9.193959574079074
0.330621803832515
-0.155949747742179
2.120494802817812
-1.207403920948817
2.026407087984443
0.637680542767505
-1.052306988681621
0.279454712311049
3.083576944449323
5.135821606014040
-5.741348306964581
-0.694847494410119
0.298363538505481
1.607081441663107
-4.378465834065995
-2.030705729234574
0.788137742580967
0.781953320619704
0.408242490724949
-0.535375512814777
0.717275095252703
0.545972974498186
0.883923815277761
-0.741449064182979
-2.247154307461694
-3.637231001670294
4.450771700805238
0.115691247058964
4.863467892767158
-1.046716350934683
0.974858268171713
1.051739466606225
4.996356449305030
0.468100354731571
-4.234531421731270
-0.494708077562897
-0.475084774124254
0.663467990903121
-1.079897182922033
1.414495365763720
-1.204373946192597
1.190388389694843
-0.062081936232148
-0.413375166203287
-0.578021804939030
1.695538037066351
-1.820670010768847
-25.173467100678163
-0.534294297566611
0.210406636518795
0.312670720231942
-1.135635446519414
0.199821993476872
-2.773968414339417
1.035247567631516
24.701726635929965
3.995389434766597
-0.155480865660952
0.469719438280889
0.079891129212405
1.377188967360548
-0.081667055621505
-1.065439513181727
1.434591979643652
0.169910980870270
2.466463015715451
-1.730668873779613
-0.485138917757946
-0.043145267275235
0.047468472965943
0.725544184098100
0.880984077971274
-0.806639521995187
-0.151348266819157
-0.008647915631816
-0.588649948493668
0.715657229856945
-4.035342357265685
-2.591602263631958
-1.470149714021584
-0.098643845823390
-0.295969083919339
0.936131323405353
0.355210612074319
-0.386012172357377
-0.437433718636934
-0.361279685248915
0.051300293586391
-1.391931704775123
0.195347014579842
0.429507747648659
-0.330969927353489
0.242302681006966

0.530794890605638
8.236870895913311
-6.319044121901229
-11.035676638722874
6.734177257408766
18.170916667685916
-1.782877293494423
-11.433428411905506
1.985990493762605
-1.839765286562002
-1.135806567037614
10.027810852474412
-7.027137609613129
-3.222522625778729
-0.589028475306553
-1.632868262215601
2.058873163983250
-1.752486875963912
-1.078368328394785
0.421624516303158
1.299423477477623
-1.085227448178600
0.555734873481012
-1.885621773605404
-2.434210677369189
1.654426169950664
-0.776769842538365
0.248451373777684
3.226596077553257
-2.195176193204198
0.218099273415129
0.458950513567876
-2.704190535341409
-5.675688512388923
6.070632774851482
-2.469284660112971
6.964566984913763
-3.204483157865844
2.928314549966375
-0.850269268466177
1.411144994550301
1.098317120300740
-3.410020770799440
0.329994615772797
-1.373874540942920
-0.245283468431622
1.638012836362056
2.173856564806121
-0.612513327812080
0.554952420374095
0.503458706538274
-1.114224923187957
-2.149292781553319
0.913973935066970
-3.362586513843153
6.313291077454171
-0.091918806099779
-0.623530932541688
-1.757578422672053
-0.562497344985041
0.770934707657310
-3.223343794029295
0.508607600308175
-9.037470133187792
5.119610996067077
1.267223696656918
0.946279716869044
1.436686462039505
3.734009427633659
-1.031046717215974
0.381716302567056
1.119969846496391
-2.300347753244584
4.644481265385601
-1.921298820118045
0.216794460006305
2.979688875223202
0.879501998299075
-0.755582550417752
2.761993782072951
0.285194788988414
-0.703224979629794
0.689463113422613
-5.710166829641948
5.637631188870249
-5.450902797126353
-1.035442199358068
-2.764993421506149
-2.375631655200821
3.607332001948152
0.680408972154384
-0.667342514306437
-0.066314274969566
0.067058464384820
0.413360378642558
-0.081928371696992
-0.761548546185306
-0.000174177040313
0.547419546496533
-0.645474892070336
0.540864158782745

-0.407885579812148
12.445751476158147
1.840839442789030
-13.593323721425577
2.786976634846899
2.042994629057492
6.140673234659253
-2.962529697033718
3.830436324160880
0.346392358200966
-8.399553945580381
-1.741362161399632
-4.385706580097676
3.766513810998168
-2.568925352450737
0.737817603770763
-0.866877977570320
-2.157897978405944
2.584207540410788
2.147052119499054
1.173242789259906
-1.928766873044364
0.737967738616838
-2.025962256000810
0.970254172568611
2.176579477362875
0.210631359193330
4.690627689367479
-1.858589256911567
-1.108642802404454
-2.787195830296058
-0.621474078622235
-14.842658412333611
-4.778976585736547
16.292085613085387
-4.108097976622943
3.406914888882285
2.102326418958143
-1.225509176475940
3.388974380878565
8.891664870288505
2.178684169176569
-9.794473749110310
-1.087338713407381
-7.380942907809952
2.571659935633278
1.843196741369945
9.651360398352269
0.687803218235440
1.660832886890300
1.243343138518080
-8.075031133700090
-1.886626452057034
-0.213701012014964
0.301132887463994
-0.105696079962814
-1.362105133401616
-0.313251314675995
-1.277880007091368
-0.643923137681744
-0.044809252424316
-0.525565253318315
-4.088744286527124
-3.658279092903939
0.744446259449036
1.693500827045682
5.022986942342157
1.069888952381424
3.529810554336834
0.043540467900092
2.957592066202442
1.643334813754635
-3.068352713755811
0.829276484452033
-2.248211869695429
-4.366460371169887
3.176064813986490
2.051976189305034
-1.607542062432753
7.582751712920770
1.233700574576528
-0.080509952113050
-0.976069022683357
-10.180320241647125
9.889277104952742
-0.577869556085505
-7.476305336411277
0.553498702714903
-0.941700308366131
1.051696818980590
-0.673240440528265
-0.361779976936177
0.371679077535631
-0.929984703768611
0.812493925311349
-0.091028170112600
1.308343764423511
-1.552115073880894
-0.198277755156223
-0.689996900317799
0.433270265850626

-0.320452082876785
10.776813575109395
0.657796653767593
-10.289947100079967
4.225149765123435
2.726625917433253
3.999119660096731
-5.830498535481196
0.194297528540179
-1.186782771129076
-4.055435492218838
8.719778650875693
-8.132364588313031
0.368803889855739
-1.104316010113140
-2.337021858621892
1.280203309417871
-0.438279395379058
1.839825399761729
0.370730091349891
0.750684558755145
-0.675988820735154
-0.923363640814838
0.736440657407713
-0.382061139347473
-0.724779362676702
0.193951302454892
-2.812051687101112
0.813622697484542
0.298401749616885
0.273770745396216
1.415962589428310
-8.401568165993917
-0.916985287219413
9.535305075927363
-1.302956378262740
-0.367891248120547
-1.855438427262089
0.677963038730496
-0.358622037809392
-7.774786288884607
-0.711870647675101
6.796741857255499
0.179053604611829
0.280484573157296
-0.704021920523136
-0.512212293141808
2.329524912806661
-1.006464711667421
2.215253080562946
-1.372980538402302
0.296323120932237
-0.985950254434142
-0.138844442123210
0.904405705820532
3.051338882637024
-0.712760465665197
-0.767567547517790
1.219446286025942
-1.293267460422760
0.622028842590841
-0.154331140645801
-3.173565215760402
-2.601887257848363
-0.330610831102202
-0.068888808600546
2.633741158087240
-1.244666817068163
2.641536483332294
-1.408220586665447
1.452915098912985
-0.613162885157956
-0.540436056249681
3.484367152762268
0.170577389931176
-2.841876345831246
1.044442606130629
1.292824552496037
-1.047170867655992
3.301395359457637
-1.173532050310122
-0.184093063968312
0.183969386677568
-0.390413892165941
2.105948357212572
0.417951127671715
-1.023766863909856
-0.559935712535640
0.211673326164626
0.404676370657497
-0.270467083686934
0.376713685846861
-0.563005305876762
-0.354571354824557
-0.330490728538386
0.064385014553785
0.617914981368574
-0.776417559844380
-0.268881750485514
0.223751963770671
-0.060708920789914

-8.614946952668312
-5.695610486516767
-1.010745295109460
7.217778054199085
-4.779885424201048
6.673419545174873
-2.721810664872917
-6.912584905014460
-1.388944718439798
3.366337316638183
4.499713814152092
-10.894837058685614
3.589498625344707
7.340197338009814
-8.040399827360982
-0.589141044509730
2.252469846195229
4.801897636093747
-2.470348941779783
-1.860299115152986
-4.310555342920877
2.039430539664724
-3.999792325499473
4.445434949316756
0.461952093560388
-7.693977524224894
0.826880977526450
-0.681070761806334
0.621996440620700
1.656821293726880
3.409070529972919
-1.416498940554965
4.339378714806887
-5.123075929851295
-4.446158606193920
-6.472607591466879
9.063459324417783
1.887928381328745
-9.762866288049878
3.464711466719119
7.552831955995553
-1.758333038596186
-0.520826211366122
-6.418349634219418
-7.484021284026632
-9.984198609815332
5.964851152374024
9.773841209307273
0.665335509511860
-5.142196032764999
-0.645476788816074
-3.139718486355521
2.366569158664322
-0.698741172706971
-2.053833139740847
-1.109625667030219
-3.828270965991883
-3.144013982818681
-3.601293181707191
3.278475284251593
-10.416695629837307
0.057005371411166
1.764736010486079
-1.257111552091439
-0.666670679526352
-3.751927748712717
-0.212718672877374
1.675219370576426
1.701014910174172
-2.614012700231979
0.064356172500540
-0.714964367360493
-0.061631240050049
3.403947358903586
0.159627630601009
3.130477777065537
2.288269293264344
-1.239685250676341
1.256963902904322
-2.410701900752220
-0.711528591016019
0.432873545141462
1.512699965451426
-2.415480624806933
4.582837808552108
-5.196509695437925
2.307957051297011
7.648684579749648
-6.981580212013867
3.205030877132693
-0.268501947131705
6.028352925064674
6.429069837753477
5.710178377827415
6.817108040533151
9.399395199476695
4.494037518674089
4.191809520901064
2.548767366165548
1.864550770627573
3.099524425799485

-0.100841910542390
1.577335801310910
-1.212443311210663
-0.632579574681967
0.858896460445004
1.465676538196133
1.666668329643116
0.530021515354098
4.113128011430720
0.283677646259173
-3.970056268524972
4.137595364663674
-5.125056269463541
0.778240984843923
-0.086026277726764
-1.130728927419108
0.826296211011487
23.005560982439107
-18.075600547118846
6.506557236354455
17.865103134019307
-9.626039165952333
-25.773185816606020
-32.336171052933281
-3.696608154958581
15.851824601302688
-3.904445328736609
7.263597738188713
9.534929356958150
-2.888587164862052
3.702102686859710
-4.770412782844776
-14.745199461993034
-14.882656425236332
16.725044629955011
4.591918028418970
5.198101726608519
-12.626531328431838
2.411264701669054
2.101505579244036
-0.535851594609199
0.061016190828446
-0.351987753020898
0.488997424286849
-0.796577528036471
0.174978248539865
0.332862869949063
0.670687029194389
-0.287491600826062
-0.032229189274313
0.250970232103140
-0.015985974026630
-0.202489826646324
-0.089873633734943
0.038604863553033
0.209989566265860
-0.008091288331603
-0.049125191645557
0.066164303801729
0.018126028325664
0.131067754909699
-1.105723386968919
0.426797028541798
0.190164959481035
1.588994273236011
-0.280322220853145
0.023431970717564
-1.117391187593317
0.301756819793683
-1.599603895678361
1.290705157758085
5.844112684040261
-5.829844605857371
16.116125177130989
0.252070396231285
-28.128535442215274
9.343600751196801
12.771867519695888
-15.324352313141267
23.293012793417624
1.829221051586097
1.515194982794438
0.748346530130623
-1.547905892894834
2.266135215963889
-2.757429957094047
-4.068329976182704
-0.819814852431103
0.594081976347010
1.684575813211893
-1.584642014672333
-0.576983838439081
-0.630036576293281
-0.534695425940297
-0.538083260081460
-0.253197025627816
-0.643267112974103
0.446923858469317
2.330487092801290
3.579533058033103
5.417381647569373


0.045327  0.085677
0.094172  0.107654
0.103637  0.061874
0.091748  0.094838
0.093912  0.073782
0.108734  0.094050
0.116188  0.097830
0.107523  0.096376
0.161010  0.075305
0.141868  0.124605
0.123137  0.116160
0.153930  0.097653
0.144203  0.089271
0.159135  0.098635
0.206667  0.074737
0.185530  0.102582
0.231863  0.095044
0.250623  0.129079
0.234322  0.112932
0.308128  0.099253
0.371624  0.122408
0.354991  0.135917
0.288522  0.138914
0.413755  0.102398
0.306698  0.147909
0.433125  0.094096
0.453327  0.169202
0.325164  0.238756
0.308374  0.195222
0.284192  0.260860
0.362478  0.211279
0.335996  0.257925
0.267855  0.329822
0.287529  0.399365
0.266347  0.337398
0.377200  0.413357
0.283342  0.387544
0.344003  0.428557
0.218373  0.282405
0.217689  0.328688
0.129708  0.316435
0.164061  0.322063
0.134422  0.317453
0.123232  0.331314
0.101162  0.317059
0.066588  0.320064
0.090208  0.306437
0.097840  0.338402
0.080794  0.382540
0.061558  0.420085
0.072834  0.409716
0.084002  0.354337
0.131158  0.467302
0.165776  0.427009
0.118764  0.750385
0.068957  0.671767
0.088439  0.491670
0.064128  0.584672
0.073738  0.542538
0.100698  0.540674
0.027117  0.788215
0.098935  0.817351
0.098044  0.636672
0.067840  0.673423
0.121134  0.801147
0.060923  0.647647
0.081976  0.639545
0.138128  0.716434
0.127658  0.517966
0.182930  0.571157
0.204106  0.404578
0.268030  0.418481
0.335891  0.545412
0.332312  0.432693
0.410952  0.502318
0.361424  0.525972
0.406146  0.406300
0.315242  0.518637
0.461085  0.494346
0.395899  0.548338
0.282890  0.547183
0.327246  0.813581
0.279037  0.702448
0.190752  0.620033
0.180037  0.618198
0.273766  0.368353
0.217539  0.368647
0.204603  0.267495
0.128900  0.215368
0.150165  0.213456
0.000000  0.000000
0.000000  0.163470
0.000000  0.326940
0.000000  0.490411
0.000000  0.653881
0.000000  0.817351
0.092217  0.000000
0.184434  0.000000
0.276651  0.000000
0.368868  0.000000
0.461085  0.000000

0.379594158063290
0.230986043842599
-0.008440241871177

0.642034259730753
0.397289390357404
-0.043236744344404

0.907896286660914
0.236113445980028
0.017462769806204

1.090446249624010
0.194139300557537
0.088594689631080

1.368092023735459
0.340730339754528
0.124021112162208

1.784855813384205
0.518119225938234
-0.043599301735497

2.318200052176108
0.209217492146764
0.020086103957603

2.584228915343200
0.264405584882248
0.043721063210515

-1.467895244492632
2.323146523875358
1.250263594807719

-0.594254019999277
1.968524110124310
0.883682127233737


