0.35000

0.600000

0.000000
0.000000

0.585993
0.849810

471.167736
0.525041

130
10

-0.293569524647307
0.956061973663473
-0.343242405336424
-2.424115219082265
1.887633971769574
0.759279392487689
-1.890106016766079
1.667995638032537
2.851479505970857
0.082668484335194
-0.171236022150552
0.018940333831995
0.092731402492639
1.336147657800632
1.811235692429772
-2.310253312414841
0.095353118214387
-0.205750439598471
0.392209859621554
-0.790002499483061
0.268597486469806
-1.496236907051257
-3.890278818549880
3.072370813430646
1.774533572960326
-1.665835897379835
0.213763613021006
0.121750590951745
-0.222598382124917
0.136186561136936
0.861796320543753
-0.472777524610326
-1.020930876734633
-1.072764072576446
10.273134873239423
6.780922771661314
1.379915813761680
-2.654199681902096
-2.543671717913332
-1.964889259886019
0.001863904397119
2.226133597819040
5.570474064441022
-0.258666073799788
1.319260818703838
2.900104747282084
1.770437021802171
1.327285494586186
-2.814696947499447
-0.971595283813422
5.121509325859226
0.341088678908113
-3.187317916722495
2.033488406688986
0.743081228278428
-2.449866109283767
2.797054877001415
-0.939897640367559
-4.580619725410904
-1.514790349016549
0.147948130851805
0.849916673105327
-1.974096800833928
-2.708220731752937
4.414217899227460
0.378616866458706
-0.955805565164688
2.138053326170943
1.052745127513883
2.320069597397744
-0.499441986847954
2.304441685285108
-3.077445613585276
-1.503083357360547
0.044146336109448
1.191079430165630
-0.844548308977728
-2.748855600719080
0.982559673628953
1.460925809982832
-0.324730771974379
1.666401176890080
0.623439409765856
-2.736381669126457
1.583995359312285
3.480289091774005
1.273784081700100
0.455760785097967
-1.815711414549285
5.482730364496259
-0.761406854298240
-0.459782757183715
0.187957984614369
-1.954338146509575
1.641763563695372
-1.221585221520041
-1.933583267847872
-1.479830207361004
0.384544483845596
0.562686058162096
-0.565546132882570
-0.398027901996762
-0.385477308720976
-0.026922056977667
4.549897696384074
-1.041110267086625
-0.806381095134395
-8.439995527529671
0.670521866591560
0.921877732184687
1.320684749044992
-7.417617691328698
-0.407817722281680
1.596324936530810
-6.953816491675736
-5.385672105916804
-1.525008042787036
-1.419029402098852
-1.544715492372744
0.477710110343619
-0.373160239885646
-0.472823572678634
0.090095951956082
-0.223506375738479
-0.161266069175786
-0.820074867260226
0.335673116475215
-0.133674657811163
0.060399843762484
0.012649381647617

0.010318665905959
-0.570235462453689
2.323519014915679
2.091583559046569
-3.934703690938822
0.178052442508445
-1.745036928095070
2.087775187031461
-1.138637071373724
3.476340040532493
1.488322191490984
-1.074457187756913
0.409961059233930
2.578039600919841
1.577080892866656
-1.955733157494122
-4.667994600339444
2.098487136564746
0.734847151304491
3.134568818593135
0.429418764613569
-0.235571013953629
3.646197174442264
-3.428949942537086
-0.477703354038742
-1.970222036306150
0.409932294154915
-0.543004854371814
-0.066469182700499
-2.148192520193979
-3.877532360151350
1.844568348771419
0.763938430171882
-1.310795562779274
14.390103202830721
4.957012644793580
-0.964394261101021
-1.233103530602318
2.112301637106995
-12.280770475810783
-0.605995859667153
1.289477467891743
1.276045672180842
-0.280447438060395
-0.802178415630396
1.430119453853330
1.259388579817238
-0.983280156907472
-3.911359757862170
-3.127553071228452
5.756361201505801
-1.402314041038565
-1.099267168435905
2.222204921802054
0.321133082535705
-0.542506426644569
1.258687981609671
1.689111739333691
-3.985497975932627
-0.639192617636742
-0.457449748528835
-0.044684780906818
-0.733444486386521
-0.362237067694190
0.133556281572870
0.560977994986627
0.434241167486251
1.080426656144045
-0.687581474920996
4.331692535072484
0.511286173216114
0.011561503328958
-1.545812521853019
-3.503513077323120
0.446354682227489
3.067162743387518
-1.300514719031161
-1.630375427129360
-0.657076296310130
1.327699940462222
-1.417225501394438
-0.398089978531657
2.136224873327767
-0.911031134720336
0.540148148933838
5.370886723035767
1.027311795948769
2.225127282755513
-0.634468433815569
11.376758346443891
0.277363817517888
-0.453081500763757
-0.203913068737300
-0.653160205509924
0.540883774068175
-5.453823119078427
0.683915783404134
-0.931666078238387
0.510434457214939
-0.659467895953968
-0.325942813948841
1.169247410776878
-0.407187443265849
0.079332405405228
-2.809583168748916
4.183831986664636
-0.694954819704351
-10.705011295240066
-0.299012345000344
-2.078733037762304
1.560184140585719
-3.440858430703119
0.055769684924652
2.634144405117266
-3.484539573414673
-4.441193621426353
-0.457474951788827
0.295598459461852
0.004302402551627
0.528028784695546
-0.668230002879124
-0.051618290179996
0.104454683392513
-0.203246967329948
-0.112141240713582
-0.809273802441660
0.430905683816292
-0.445457378991841
0.446835864445436
-0.255373142627938

-0.368379371304256
-0.358055315308918
2.380458295366213
4.166043994857436
-4.907703309702531
3.635754482337558
-3.829478776910770
-4.115859848129740
-3.052845555272997
5.538231396608318
1.893940824472474
-1.870030726981411
0.055429876609711
0.822064513954408
-0.185003156505519
-0.211672324541740
-1.422663751097325
2.383199233153089
-0.661712493256379
0.636326851102107
1.025503839071835
-0.966957831842012
-4.821780589543479
5.014748493411761
0.112624757234437
-1.499614150687549
-0.375774356545026
-2.358348220596724
2.934224346929175
1.139396371681924
-1.715075443612284
-0.772799066751814
0.530202533245108
4.145917853287220
12.790163793967002
5.699090583850402
-0.748340164523044
-3.223923285226092
-1.093827136026207
-19.268606307451009
-0.976315776456247
-1.461439616599251
1.569513212723802
0.391439061655921
-4.103210482938329
0.820735744222453
3.557815764431643
-1.667148882383971
-4.760277486030305
-4.510887324295560
9.159578282762666
-1.622760388123205
-3.489338994133666
4.460691610159801
0.409521763614429
-3.524808406426324
-1.545156044246321
-0.248632668388650
-2.537950458985678
-2.503449532394398
-0.521540269531917
-1.294845498862105
-0.817150636589117
-2.093804810101749
2.827867723863438
-0.573521891688179
0.036110509664961
2.856889931861731
2.497590955343469
-0.197989981186635
5.538235034365293
3.405184548491754
-2.122354004010725
-11.546330325398795
0.470004343978177
9.884936171704309
-0.600262718845026
-3.508939133140554
0.909459188472083
4.138797768169429
-4.347620657514623
0.115763283058848
1.967353643528031
-3.079280440670961
0.709593368108906
5.142995248817104
1.498838111325002
4.716410038644883
-1.379320294305429
21.173758751854180
-0.430100948708727
-0.032966338227098
0.164795330203407
-1.404194343443715
1.235689879243535
-4.065453914131906
-0.493941311310141
-2.067330218120140
-1.627554870466490
0.094769438224264
1.510142429532920
0.410024310605958
2.091360828457483
-0.114881182135038
3.462194512755036
-0.193130504490816
1.010641067655777
-15.366677754281834
-0.640065953852093
0.964066390260687
1.171865368056278
-5.414875181818406
0.233504531518646
1.088767434886371
-1.442105128775146
1.192537700019950
0.454529639587926
0.480543560528513
-2.790922878306438
-0.310399538815523
0.017921029036245
0.148023854713166
0.241510237616523
-0.791775103159765
0.311856094922016
0.700136347858413
-0.072006531588621
-0.085886287333394
0.342025790387451
-0.282255949163259

-0.400060385104102
0.050897647631988
-5.063508184132656
-11.893906381011039
16.004061163259692
3.697606034793115
-6.639631551085083
-4.193262524107380
0.500757385787834
7.323456604166336
7.141239936464786
-6.859178208767959
0.700889906317475
1.445345538607672
-1.102856391767075
0.843304532916896
-0.952519846318269
0.163342724730178
-0.000000000000000
1.453893779100969
0.079964519435481
1.301043858219533
-9.219960628272876
5.087787293473951
3.860054238556354
-0.797028558728965
0.223229596947789
-0.766063234713610
-2.463728750684398
2.622179156450005
-1.685024832612174
-3.574623120052001
2.648414309062420
6.902089632010718
-0.967469633348130
2.100892402616917
1.388422518458801
-7.463632640114803
-0.262794412180242
27.973780231017312
0.962466066639580
-5.226853310689485
5.791661038372967
2.934893775522332
0.730679693523723
-2.641075287297583
0.461998529272802
2.308866740449940
-5.988787202972288
-4.861567219689440
7.703854775178061
0.355736364598374
-4.760173041382942
0.893295056776084
1.201353593667740
-3.878281079946050
1.664227530012844
0.940674711192403
-1.868150075373988
-2.514632850916241
1.301198050741958
1.008808189073903
-1.176607589875194
-1.280216410388459
2.964519468465332
-0.199326496418244
-0.708793503476106
2.950079890074420
1.368488493136611
-0.864577989669632
2.315307148999762
2.010878810405910
-4.262846539981991
-9.676233037971356
-0.697409568235976
7.142826276689862
-0.655830165223585
-2.829454028063403
6.882628534207532
2.861278326485608
-6.049523189945164
3.679092426664806
4.010805896723286
-5.412765220681960
5.190331396867745
5.663241723124796
-0.129596953894189
1.643717098746284
-3.253227995575061
-25.935296723833257
-2.598983057941165
-3.593537953566559
0.240685441526276
-1.289024509612231
-1.877204014034883
-2.575625318265689
-1.352705941592622
1.179102659299740
1.241243481350796
3.761230920998800
-1.949399858462723
0.387423345362768
1.879983408013362
-0.432442900082257
7.668654211708694
-0.120063586365899
-0.605248628518837
-2.067262568797021
-0.902245855455513
1.834726918204578
4.006710014231356
-1.953224689186835
0.970414309627650
1.250225414504238
-5.783343837592210
-1.170389803086369
-3.806229496747578
-1.072881724312353
-2.871514167804600
-0.405440363588771
-0.150268209340062
0.212941999503834
-0.124050889997396
0.047116598417433
-0.003933002065083
1.142490462321943
-0.739164292045041
0.400794111159206
0.122645722299919
-0.181090369213371

-1.851589106901186
0.765611057830611
0.999462647562966
3.481855376282283
-3.261450887428736
6.733952502271164
0.645326984522898
-4.267466297251007
-2.158953913680547
2.086735839541730
-2.350829066198669
1.442381182363486
0.096522697562157
-0.584374558021262
1.461618774976401
-3.254831110570551
10.856191916981212
-10.208554407074981
-1.209812997291927
-1.191920824240595
1.200481585371529
-0.606494995771199
-6.703913029541587
6.486862344108924
0.683953661197106
-1.866135418357037
-0.416329383166826
-2.707932175696475
2.680150157262418
3.039684700129700
2.376503415869237
-2.695767878610932
1.133385357114050
3.253140741827061
0.785637058127820
-2.598490554748287
-0.479735499186751
-0.538895392267797
-0.145404200077176
14.731623656886107
1.105496677400405
-3.611321181978235
4.086907819609444
-1.811789300936232
-0.845929540574534
-1.136350777794577
1.717544288972745
0.094416760676397
-0.073779041173643
1.141154931007613
-0.788967198722935
1.779439835620315
-1.226842399445345
-2.778788552536114
1.910331170974950
-1.425346728253063
-0.166490536140789
-2.182172112353729
-0.353720433552956
-1.454523540761041
0.684877970967978
-0.650099932209676
-0.713548522005827
-0.676601241013676
3.772396241939276
-2.882283240232602
-0.012885908661018
3.214796467576300
-0.292659872828322
0.166539716177022
1.295171461593143
2.049296322258105
-0.794656613267313
-0.892189271591058
-0.449089186152803
0.039579634951116
0.037355805189325
-0.303439352711642
4.176851482875270
2.231007720135918
-1.786569144278628
3.173813469475484
-1.192659007342506
-0.104295615590967
-0.154893507220837
4.313064615513580
-0.148560895474915
-2.616088062191590
-0.200206556543680
-13.335164523182714
-1.343794409574186
0.169950154418096
-0.123614198071871
-1.037369551687324
-0.165816110773092
-2.351064078103936
-1.749170621312255
-0.491274560991532
-0.671978657123776
1.115992058072805
-0.751324673229901
-2.183331175307400
2.791740331062191
0.094129702952881
1.593657015309841
0.184186867559574
-0.048718071205990
-0.309803382306714
-1.075520552150897
-0.884400361741316
-0.074066661391047
2.024997183427984
0.712135460168925
1.357635338153079
-4.853778627325701
-1.289065746639781
1.676639650997465
0.043695543946395
-1.198056832359556
0.351280453538425
-0.492285595677359
1.093704223437241
-0.298880696771917
-0.043897388619125
0.156752772072983
0.062074878145988
0.419257681667580
-0.114285898551548
-0.469069863530874
0.402407943236283

-0.607938349482352
-0.037954087613437
2.010782463892823
8.402564804472359
-9.245071797408809
2.496738209864148
0.621957899049024
-2.582067228232105
-5.608910067933324
2.578936906023179
5.431942052516344
-4.661473808471177
0.119363361088070
-2.217664396442972
-0.422910173803615
0.213662071865232
1.184076268384606
-2.401390059581589
1.211779841623812
-2.024434113427127
1.626900648685781
1.256704182093705
-7.184096733537488
7.815241943766866
3.108356103435853
1.224143158925036
-1.570227257412850
-4.528362348860329
-0.530594066634531
9.077271833795455
-1.420540249331514
-7.611642817173205
0.811494158428938
1.266862562917078
12.101643969839730
5.099060519281579
0.999860048331773
-0.740276494347239
-2.015995144569736
17.108560319415105
-0.027673657706948
0.752094586422887
-0.798856735668841
-2.239458704431369
-1.811569465893654
-2.770124800470845
3.283338293856260
1.789990731001257
-0.961118700927159
-2.287398643535507
0.532886288360755
-1.619257652712041
-1.754954418994358
-1.525642134002641
0.875274394473801
-1.939528661005599
-3.584174923819163
1.122444308516293
-4.992768207369360
-1.365993265810514
0.110401431497556
-2.042467304112183
0.308182396695252
-0.183630653481919
0.439340667063260
-1.831112797646840
1.043354403353822
1.424545381475721
1.896542664219227
4.697933472512194
3.887165308913240
1.251991614356675
-0.086017298846157
-1.100610500401847
-0.639313382985379
0.967324673975748
1.977674788493989
0.988493951427411
5.608129149266357
-0.256530740510673
-5.384288131116414
1.465594731194464
0.629485184804181
-3.042724794327834
1.662538525057171
1.365534489739197
-0.781723625595871
2.904447708199877
-0.533683464202583
-18.189316505804683
0.071898051226970
-1.039288483217932
0.472756570173830
-2.021987003174618
0.273523878956280
0.227837631907137
0.316432493251637
-0.427726859706267
0.432425356960033
-0.213492501511531
1.912619190209975
0.487914818720016
-0.208157458775932
0.250364104873653
1.432314186424766
1.153926274460984
1.232260895715705
-11.635891545218763
-1.101886494556898
0.016720578809624
0.906705516935062
-4.107629841415338
-0.551994642166815
0.062654416030093
1.579413327648880
-0.402689241424800
-0.066106788881919
1.615565919231516
-0.551548380438932
-0.033987283022221
-0.285442498984099
0.759199778621622
-0.298023769487336
0.002192299120302
0.163970359631411
0.424255993764959
-0.262640744502891
-0.005220388446006
0.352687296651260
-0.525049108236280

0.230850370741590
0.025329945493135
-0.115410581004814
2.749312487499060
-2.998776735449400
-2.409478088212095
5.020242262083667
0.892591253285816
-7.080448616099675
3.295738220799097
-10.210030714042674
8.018137502304993
0.501084511932428
-0.816204738459178
2.156763145745086
1.875533984738079
3.302677751618895
-0.337990080857330
-0.687904996662945
-2.476437833796739
0.544837683217153
-3.470157812496609
-3.126908612044858
2.623927737862311
4.635472941694858
0.556699877187180
0.057392318308329
-2.566194914160625
-0.087426286925287
3.930500503840146
0.604391670039035
-3.969920351562380
0.671995656456764
2.074911308050491
-1.968310644349057
0.458163555865643
-1.436012854972993
-6.024290080889705
-3.987431722843172
-4.857504071524588
-0.540883848172838
-0.655985486753394
1.798817817777196
1.470567319776082
-0.153126049890969
1.644213114739205
-1.415406458859679
-5.038134462166581
-4.663029342267858
1.849376144003033
5.246582313733376
0.625333102318439
0.711319182716330
0.773873596087509
-1.331676515137311
-2.336978737631601
-2.677196330495605
-1.221756767301786
0.273461170178949
1.163043093737050
-0.761776893660777
0.541013323231088
-0.174063682214093
0.433940253730273
-0.015306748315233
0.880399961348345
-0.742361145491602
-0.846286778011435
-0.278044263406351
-0.548881210248608
1.724604814383680
2.118582541705877
-0.016504448832862
1.320436687264771
0.180682289150790
-0.749739401237869
-0.992574725946042
-1.422099650029587
1.483620157132910
6.393925407717167
-4.798629009097883
-0.081367281159493
1.430629038065239
-4.718287235743166
4.339707122764787
-1.797998235301122
-0.043680882064416
7.813990443394250
-4.458752166973915
1.134505832310612
-0.737588409115048
-1.574807372346026
0.391706479680475
1.713419788443463
-0.578410597386765
2.749261953501911
-1.140027701447485
0.240226914585260
-1.073829637092875
2.195622260816965
-0.756507872338586
2.835969198702707
-0.370808802795708
-1.077975951405475
10.225907195777609
2.909593654617626
-1.338235159179521
0.524724532251211
-0.056898249526977
3.852285018356306
1.394353529212350
-1.043369840603332
0.563423972653197
-2.534811081504771
-2.512955413880349
-0.768540619193198
-0.450891253150790
0.394363900945178
-2.413237530839187
-0.069411967384026
-0.073843781450637
-0.211658967416618
0.233829882289837
0.254852091286885
-0.082749652196823
0.217859082031209
0.240116488116361
-0.436884132814435
-0.576661254376128
0.470777380836074

0.740360990488253
-1.285115976924060
0.419257457119437
4.086745292123884
-3.532409539806708
0.620389822151747
3.141675080754339
-1.230331594054914
-7.258364320564843
4.678768335370079
-2.279045587196695
2.073395709142665
0.225506937767141
-0.903071231706565
-0.429518580510796
0.560166137962247
-2.982217671039814
3.627390357744353
0.612955929422887
-0.714648653471502
1.364763283762299
-0.081383788244088
-3.215749799407531
3.278545893862340
0.931718786203223
-0.765711804311896
0.836377367359047
-0.822069231489907
-1.616441754180316
-1.370179085180823
0.611136544311261
0.432123669358910
0.700105473260791
-0.846955305420568
8.665420215017322
1.952753412150540
-0.084169602652306
-0.199285593279331
-6.852951044393431
5.006363981649757
1.380536762224444
-0.429250424636303
-1.282602153179099
0.089325968520904
-0.217887342182267
0.731786906339537
-0.760685300213651
0.251197334334509
0.867830406896122
1.112246855452755
-3.168665780960227
1.237942502470136
-0.814942857868349
0.464365776713578
-0.881159633735572
-0.992599931558356
0.362423350172294
0.085616155756633
0.770941809094210
-1.219402312860802
-0.274594103973379
-0.830873704356647
0.087916961600128
-1.735505274019984
1.360312234257932
-0.688970772433264
0.237136161341925
1.654345308026592
0.032439249792878
-0.604946280940845
-1.817236553800822
-0.930522479002895
1.561556903456171
5.214289169858643
0.131842029513977
-4.742032646262628
0.797924170853194
1.248808378436616
0.295257394324850
2.067581799592440
-1.822280475070765
-0.063867934082188
-0.686452314874705
-0.490428956007262
-1.599508221597138
1.677579736579850
-0.127346993288325
2.696801919245514
0.519540023208575
-7.858962067110348
-0.327060873444535
0.170937038841838
-0.388038201259558
-0.107974446009846
0.311126402121327
-1.307908140289538
0.331615219805841
-0.033733243620359
-1.119018849893025
0.134750684689848
-0.905247590053220
1.807441751973773
-0.944653140089228
-0.452076796837170
8.408737375016337
2.438878060917880
1.645979225776772
-4.605329805377254
0.795539033446906
2.107218651498670
-1.145864641304575
-2.653390691859602
0.245122649585680
-0.182887531775809
1.390096096145786
-6.665725623821894
0.957892693048288
-0.472023429883107
-0.526713858359264
-0.233412899726023
0.150466715666137
0.026623340984940
-0.052630994736868
-0.006169766456842
0.140763999463458
0.335954441159638
-0.015212520907463
-0.153791887855955
-0.366271418310780
0.272871708815103

-19.064725773453343
2.344334933704834
-1.693447268315535
1.838806908800416
0.960878483516320
-7.162158324091650
0.224981814457703
-2.725090953035299
-22.974476147737469
25.611113895471579
-7.286750622888206
3.821021146595043
4.699898665276061
-2.911835854314688
-2.884164403080336
1.547992202975369
-9.587913620499915
15.362790010193986
-3.553660106395555
0.867391035181167
-0.333729845970987
-2.233379481018332
-10.628810848996139
10.909468889234578
-3.381328016730532
0.208768534134307
0.676074253639964
-6.353719298991529
1.962523600278808
-3.505653877954675
1.470673559479069
0.842178439718897
6.336885189948109
5.176640049543499
-6.641695803377326
9.028013022715527
1.462958936667353
-0.814836763379333
3.445228431656711
-42.998272686095120
4.575946506803294
-3.552923509904347
-0.282733535544248
-0.790905229307893
1.429845047337198
-2.910231777533847
0.274373768229610
2.258718432224136
-7.672061350015573
0.306062051160787
10.156283015736749
0.435789281329230
5.623279315011266
-5.546171124004741
-1.986464733832449
0.519423569815959
1.441342961410455
-7.860648391044878
10.163877423291495
-0.788811444104431
-2.464709078296372
-4.574454011726492
2.143954692514861
-2.928805493153873
7.308088449245170
-8.225602572774481
-4.612786221467999
-0.653498663484582
-2.250556564720216
-9.668635634137878
-2.736062974363088
6.720426361232892
0.740396163809234
-1.252488125074708
-3.784570616537088
4.525638654119490
-0.894377589610686
0.164657845063414
3.347554181868187
-5.580275906846162
-4.266940173403442
-2.026684670264722
0.848684952497889
-3.248918444750624
1.688197515063138
8.197485915440147
0.559722659620463
7.245325632308560
1.629443176953311
38.587578412044614
-0.498877726822161
-0.905026172383311
0.136579135889853
-4.038535981069854
3.406019495985680
-5.639479964294559
2.847768634333363
-4.681395564110774
1.452194324673181
1.386212246410477
-0.703726725263944
-0.082221038902151
-1.898715928662169
0.630785991719163
-0.676145671768945
3.961692395130672
-2.900597451890949
-9.536432731075287
1.019950561016402
1.040345776204094
-7.854373798818300
-10.169201845318753
2.199954791025675
-0.392989329167308
0.960744553969796
14.991407849153079
3.240530158209369
1.384742200066714
-1.494807447068558
-1.955258923993763
15.351851697319418
6.779711688618791
3.852902283011237
3.284411135846401
4.361837886945415
2.304189669553982
1.690038952569547
1.627614868174553
1.541270793953131
1.580278796965447

-0.003750429977599
-0.001034354732690
-0.005040230642837
-0.031542232503803
0.027478133972982
0.004868809706236
0.010072757330591
0.003249916100115
0.020560132766030
0.056467427299888
-0.040946857459773
0.026722241130010
0.047850137902094
0.023410436279039
0.097813307453238
-0.000335798552159
0.291782084170934
-0.372073254222028
0.001651357615658
0.200201708217936
0.191606651167417
0.011439260291410
-0.471509959573639
0.288824145159856
0.045730243566847
-0.405793197181698
-0.170408750810465
-0.366773373243338
0.193115054564439
0.481793009034979
-0.128719725156346
-0.412468876008535
0.307854268101776
0.251616783117730
1.689875832135728
1.496451107094328
0.140712273193382
-0.529762103245371
0.140216516973874
0.598005090124738
0.301274194546219
-0.011325187746723
1.052854491705082
0.087155413833245
0.256838733710782
0.245243260190328
0.114273511134747
0.069406302578343
-0.188349579645848
-0.149015002946405
0.442985497708263
0.151333337536078
-0.239249400917038
0.057356437625037
0.267814295780183
-0.085796898679027
0.043160855371359
0.018726019030700
-0.028640234862420
-0.018174868254123
0.020736725127331
0.024877933382416
0.034920441187411
0.015821825126445
0.013100656804745
-0.001272700121244
-0.016903201351405
0.050566137818057
0.037323768568788
-0.045836640573002
0.029978909615904
0.044851134813559
-0.092410005477016
-0.317202716991095
-0.002930414476248
0.288355762148897
-0.178837470829982
-0.271393633900314
0.436254500663042
0.068189711701530
-0.880735287788735
0.468865730008537
0.436126739623139
-0.861238681398982
1.054152749511032
0.679767511504767
0.225263824582567
0.701827039916734
-1.009579107367796
-0.239115154582212
-0.608600899056852
-0.000207036467937
0.095383692953133
-0.689586662599408
-0.038522878771444
0.371144067824097
-1.060656639265061
0.084375543581328
0.331220155769327
0.121266493996985
-0.058327546591434
0.036888414779117
0.045603400880348
-0.069655904578449
0.332303675717850
0.297279603085883
-0.178651831313768
-1.590999564531840
0.060367560760866
0.014342641663967
0.018075213379528
-1.850337709906747
0.172369555893721
0.047249631672815
-1.530328565464888
-0.648669919362184
-0.054119297439459
-0.236758500656635
-0.275124137086965
-0.013444581583506
-0.004465765683271
-0.008648759838586
-0.012472938574128
-0.005415953847980
-0.009272937834508
-0.003680810508752
0.005776641206592
0.024664468056748
0.023095430144359
0.055935849955378


0.017651  0.201498
0.058157  0.204416
0.099745  0.206825
0.105116  0.185717
0.101383  0.191521
0.129193  0.118992
0.176334  0.171815
0.110248  0.124740
0.163410  0.170749
0.163505  0.167856
0.242471  0.151441
0.239087  0.145805
0.271793  0.213566
0.281770  0.189880
0.270025  0.120173
0.150247  0.114740
0.275061  0.158124
0.277317  0.149746
0.402461  0.106722
0.346456  0.176799
0.300309  0.162950
0.285005  0.137226
0.419431  0.218059
0.428678  0.207726
0.396500  0.188292
0.332379  0.142957
0.585993  0.181429
0.438138  0.169754
0.392358  0.153543
0.536977  0.193480
0.337367  0.196950
0.522255  0.204889
0.428543  0.193426
0.243923  0.309871
0.271826  0.376643
0.293153  0.346843
0.380246  0.285915
0.316274  0.375411
0.314099  0.397928
0.303637  0.439734
0.275320  0.313701
0.262010  0.296965
0.262408  0.421664
0.214751  0.440513
0.249171  0.363321
0.258990  0.339248
0.234823  0.441194
0.194687  0.563888
0.217891  0.522491
0.230796  0.466442
0.208013  0.512805
0.223473  0.653618
0.212581  0.593266
0.242751  0.580563
0.252280  0.616922
0.177703  0.522525
0.132297  0.694931
0.178914  0.669344
0.131746  0.593749
0.128474  0.485286
0.112318  0.803954
0.090720  0.629907
0.120763  0.435029
0.103458  0.379126
0.084227  0.402716
0.070864  0.420287
0.067023  0.379990
0.117724  0.509563
0.115297  0.571377
0.128630  0.600877
0.123398  0.707135
0.160575  0.648935
0.129422  0.667711
0.155939  0.737896
0.088221  0.849810
0.165901  0.736869
0.174517  0.480679
0.228441  0.501765
0.264893  0.552364
0.194255  0.544247
0.273516  0.530907
0.339548  0.531971
0.249521  0.475087
0.315091  0.505331
0.355940  0.586493
0.370406  0.688571
0.400194  0.587108
0.300247  0.532174
0.381512  0.602152
0.301721  0.440587
0.390831  0.500597
0.340293  0.628783
0.462769  0.714022
0.383517  0.646690
0.458226  0.573084
0.355687  0.691880
0.317178  0.663107
0.435963  0.584202
0.363128  0.445147
0.174529  0.254547
0.180048  0.194202
0.310831  0.248648
0.308594  0.277597
0.194497  0.148190
0.302567  0.388881
0.298629  0.430567
0.205680  0.324992
0.268517  0.380786
0.128677  0.327816
0.347131  0.434590
0.367456  0.393179
0.287990  0.338368
0.469179  0.448045
0.202227  0.429782
0.274345  0.429608
0.274884  0.370650
0.369900  0.408477
0.208533  0.366206
0.234641  0.267186
0.000000  0.000000
0.000000  0.169962
0.000000  0.339924
0.000000  0.509886
0.000000  0.679848
0.000000  0.849810
0.117199  0.000000
0.234397  0.000000
0.351596  0.000000
0.468794  0.000000
0.585993  0.000000

0.204508566358764
0.233949711651617
-0.020344858365444

0.392391452722832
0.348393242225344
0.115431840670952

0.873227079040483
-0.065745337889182
-0.023781577912529

1.195930915517238
-0.171812134488989
0.034356033431686

1.532830802566075
-0.287697696838733
-0.060063337730603

1.952249058799012
-0.238523627299938
0.099074655987163

2.331077856465716
-0.188886457524096
0.087307716658919

2.692572267397971
-0.142328902222875
0.072592373578187

-1.296240308607717
1.780157336213074
1.289663600753126

-0.008129818916048
0.016201576386483
0.003891908395884


