0.050000

0.600000

0.000000
0.000000

0.101625
0.916755

4744.719515
0.900803

76
10

-3.360264560288210
5.741756577591460
2.268025681577859
-0.650971890603815
0.276703423982163
13.846063388668002
-17.035224455929750
0.461550382095506
-2.439674606393858
0.397290034657929
4.708200374734282
-6.595467417545310
-43.272258332866556
0.179449146623977
-9.388639772638337
45.254193451496022
-9.422126561430840
-2.545036352830056
3.703408028696208
-4.621450298025873
-0.092702044270850
-2.645962711950235
5.935526635520428
-4.377542196746366
1.244483200992256
-0.074609653680981
-2.971540611756159
5.679068683819126
21.922084956287751
-1.616196993371398
2.085314476235325
-16.768957691737679
0.410788362789435
-4.413359036831023
-4.230905938322321
-5.173084274162293
-6.975691981553017
6.436612093790251
6.280170468982097
7.236712767991322
-9.520702675397610
12.421224759288702
10.755516643253308
-16.490397884367475
-10.862859096311311
-0.117597391904294
-11.234290597879786
5.627763761923185
4.097221529422445
6.831447540407676
7.490225753946291
11.208870334065326
0.667671700311081
2.415529141452466
-0.697622665860643
2.383157105157473
1.772984753043662
-0.008866344835695
3.114005910446042
1.323253580793068
0.700872058781363
-1.177719990281738
-0.652251765176723
-0.916748909037699
2.119114004326464
-1.508580180644525
0.220576549344792
-1.627802580620806
-2.302200883974817
-1.474661265870838
-1.552942425770520
0.032089524009745
0.036886975466967
0.032595217767509
-0.155070941436990
1.653573976137842

9.223089825147998
2.461074461126030
-15.859995020112390
4.196398998364610
3.818977546687581
25.850294410738499
-29.104392138240687
2.907062300557393
-3.283282481528409
0.040502355013656
-4.933015416629203
1.467389502571250
7.186068580523714
-4.291700905827680
-0.831459114987030
-6.434531078997972
6.246907774805613
4.040242726134480
18.290727944838061
-6.695676419241283
15.686697412736946
-0.030065182194780
9.410762470503075
-12.114120227237214
0.849941785191197
0.437205697805379
13.742589937441529
4.859094401196849
62.902127973545440
1.407724973352153
5.529396855487024
-51.423496365273891
4.379981785006584
-3.928052357782333
-2.581697645378760
-16.439956498696453
-2.011309495781381
1.385718002274870
15.280591795425664
0.428137963453756
-31.104935064806266
4.680773303411839
-2.092571756798650
8.539407268555880
-3.125672314779776
-2.458033356648435
13.441854847541052
-31.459835918726576
-4.999470481363106
-4.248075953007568
-4.563376269186556
-14.694460668792987
5.147599189957631
1.373917276612993
7.681075066109767
3.827577198747454
-1.503755902687098
0.368968300291025
1.778103818877138
1.124588700933959
0.932763935820510
0.095756263218089
-0.563032791034216
1.537799774275829
-4.051634901544250
-1.357856029203657
-0.381218423922390
-1.331840552153494
-2.704397149255002
-1.928372459644444
-1.368751562498875
0.028489351048969
0.022376810087589
0.005992894500170
-1.384915274949072
2.669205696734377

2.342959781343249
-1.981695261287602
-7.945318163118401
2.565832741409352
-4.466141442610535
-47.383392136011999
50.565223618618013
4.659328944293899
0.790659334605059
0.404276695677652
2.413545842294507
-6.243962922350246
-32.110797819747027
1.536366713176255
-7.127433640518853
33.017447106227280
-11.566842228193185
-12.899074070094535
-1.004460642393070
10.518241391191976
2.496525960013911
-9.695361430870618
-5.649648490394439
-0.578949680706342
0.777983495785096
-4.371002538407870
-8.901312675584940
7.530327297344223
-8.358549308998008
-2.456032056410892
6.668738583346603
23.450736505897297
3.463635831367228
-1.621977756767016
-6.037445524188612
-15.623066826962386
-5.228460486075694
3.604105235389160
-11.428847974886800
6.475422430233140
-7.266777483340973
3.537538351101901
-4.141159053612505
9.487586931943314
-3.696834196820432
12.273431988209639
8.579022051411529
-5.232757069050975
12.605996756376722
2.620585074463129
-2.011538026180263
2.231984840300664
1.327092181147237
4.292689946841927
12.820061816325396
2.654817387625471
1.933084714065686
-1.434463920608406
-2.006866450339842
0.702175399606605
4.768621045883254
1.022365904219427
0.600431705476778
1.913519563212726
0.437675374657874
-0.869403687680607
0.557272829417474
-1.009223162388236
-3.869028256781341
-3.486020635035160
-0.773278145388284
-0.008346037938053
-0.013743079917672
-0.014519309317047
-0.133879463914212
1.000299679331558

-5.257260758854862
3.452336992566908
6.800905876549042
-2.347151016093308
-5.079333481276210
-19.352757787748882
23.710268827326143
-0.390910595697901
-0.908627483112264
-0.601296588247753
-2.813300413836417
-1.446319036330235
-1.929553215767893
1.391454590620893
-7.573379717450176
0.655735793266045
4.386335911585561
-5.936691792205871
-6.565343818842831
-6.283516598489912
-14.211953452876974
-11.033171006731234
2.370262494011113
-5.103136928836361
1.471281749714489
-4.825112218712815
1.533299799271146
-4.368356031067141
30.249821449816508
-6.318088633103034
-1.609865736054654
-20.716395538695981
7.563899913426592
1.546111950424568
2.800152313961072
-16.984362718503803
1.219382854672750
-1.230761223812991
7.227535103203345
-2.071336516347385
-4.046881801970759
-0.558803213040730
12.875009159781172
-11.157873745196035
0.279938144718875
6.450171407571985
2.985058823969099
37.053694667231930
-8.959566282689012
8.811025436222638
12.592451700740087
-10.664372860004255
6.268025233238396
1.648242587391579
0.583558645776988
5.911342863505966
2.456088673763290
-1.689460968166612
-3.387058277583147
0.247527599554218
2.395982247400409
4.014968848633421
-0.441653070889360
-2.610723444772490
-2.289128489234821
-0.258117249946489
-0.200852799419231
1.867999629040227
-0.171899329944283
-1.772782207277110
-0.086326014225343
-0.003245336469927
-0.000491026648407
0.004094600953685
0.044159468112764
0.389093106367526

-2.703002857114897
34.116235353018126
-18.631333877694093
10.667916207687840
-17.610708829029253
124.306960861359460
-116.345837010065050
-1.073337900268129
-13.019875253744340
-1.537980112457543
-2.675628893430618
0.289180203260433
43.122217006335163
3.537096252616409
1.276333300040580
-51.872366707683717
-1.094472727498473
-0.304170888984263
-6.395879938781446
-3.978753247541769
-5.049253362672475
-5.901387211313649
-3.336039567215460
1.252687601487560
0.159190008234248
-4.908918203506298
-8.834474217791842
-4.076418299076869
17.490676132552117
-9.253675305752823
-3.232612066942698
-26.188020003157028
-7.778485164704740
8.008887604823160
-4.012601175723154
16.948289421271344
7.621827421606275
-3.189258404741245
5.880578612883257
-9.746474949666061
-1.742055982123216
-1.039582806627248
-10.792903313972980
10.110989675384580
0.001178556278785
1.910553169852442
7.429893892862443
19.185646037875841
2.964381760234036
2.737265538981008
-6.025428199604176
6.031128509859043
1.430615812596591
0.275981258860965
2.111312614045993
8.323213242211057
3.900241769365545
-2.422198061478899
-1.372593022788802
-0.387741276741267
3.508262842031301
-0.216432686632458
0.306697303936090
1.895922674510662
5.800399742750590
0.391152152800780
1.809011172520779
0.261348234301867
1.989242655357006
-0.596688441686671
0.477793865532529
0.143057701741112
0.154512579410677
0.121326921229062
-4.815347624305276
4.212731152530190

-8.934184419001007
47.254692207487693
-29.666579346496935
13.409369238414300
-8.271430996545846
49.399701301794792
-49.429063290992829
-1.770050246495071
-12.423901630704558
-2.653518316167484
2.585812120445220
-0.305596683572583
-6.295038387985322
9.872318711908287
-2.219624534233429
5.487783950786507
-0.828184460303424
7.387812359125176
-5.451715628056279
-16.211754741950095
-12.461944251558414
-6.222313390888798
-0.106760871227488
7.568188028861349
-0.712278033959885
-1.962030511488951
2.148572913054248
-4.684287111416957
-6.640411303658335
-9.873476838466401
-5.939860477165947
6.747479668776183
-6.741955716697689
12.899239357121990
-8.954058010982619
1.012521528323218
7.841907508950616
-3.411311153137081
26.145678264280455
0.532338691527705
-25.601743937623525
0.705649078980973
-10.525071224299607
7.631537930125770
1.951904980171926
9.153393479803542
27.890481149303096
25.183464968770476
-0.043017694077603
-6.847496429641498
-13.742199223001178
-14.684191259587504
1.636471662777472
-0.472765820908519
-9.313090607456267
12.139675256720734
3.861279275582952
-0.482415534612884
-3.138065034817250
-0.945488944498804
-0.650411544403011
2.372193066376655
-0.537249571513223
1.895538488491728
-2.927482332235945
0.609152003921684
2.290775975613238
1.441573776502549
1.230161911658641
0.844419356949338
0.971039421347281
0.118613081898219
0.143560092067938
0.136782684492925
-3.669465845941043
3.250401871059041

-11.810391828644500
35.044863567938975
-20.285766264046377
8.031901252430174
-3.256360188500115
-37.768149101858278
37.408935201035078
-6.341810176991108
-2.850106809438215
-0.910431536952783
10.917652371837129
-10.507071705226801
26.841281275932229
0.324684333438879
-6.091774969660361
-24.727562439800479
0.906206536227753
14.175237875510849
-2.443644345640122
-11.004307781760765
6.294692443248588
-9.842137298565016
3.652457913689675
-13.181822696343147
1.367692206736411
-6.901907382801608
-4.615782826410496
-6.791806544525083
-39.329771747707937
-4.698196646534636
5.819509702053643
42.244795427028556
1.984697041844586
4.706044066268803
2.596583118986638
-9.025009942552300
-8.736808771006276
3.954459018264299
-9.281446119217405
8.604360943137975
-5.990642271589215
1.903508608219108
-31.790055019244100
40.522521013391682
-1.084438886663901
8.684268758561187
-8.572860559540485
-0.755519424757879
1.110626141054828
0.866974133434859
6.486874184537625
14.151876220448814
-2.997869383033523
3.490963051204371
7.160532493321964
2.151679343078349
1.959616005872894
-0.228916634101328
-4.119051221567784
-0.552023897558323
-1.645137914507189
2.868083963523994
1.500608409339798
0.817508602632860
-3.493560230408593
0.065383731153266
2.172515508802477
-0.578822046958905
-0.615537097146255
0.888743086420775
0.712463189705906
0.043159839875425
0.087553484886017
0.126515732266542
1.925247098779261
-1.746775185832677

2.212170745050937
-5.241807837552508
1.641949399003790
-0.754866705712579
3.707564371382842
-9.661154232986766
6.644490322407014
0.264520421717583
0.220147371601439
-0.378645016623690
6.795678254642218
-9.106664624323162
34.262786558860796
5.146434946397487
-2.839049954225471
-36.686579463756779
3.064088461960124
13.651026115831680
0.286000293931040
-13.026015636352371
-2.628521286733350
-4.638360240508122
-1.153734109846430
-1.169902252788904
-1.879624201059270
0.749895317536456
-15.838460191176948
-1.564345064917531
-51.816333432513431
-0.738239540743838
-1.361551316857214
53.200241008226740
-6.056521416416855
8.738555155607633
-5.334600721050805
3.086822796744478
9.267055408232015
-7.129521387187557
-5.367298957838431
-3.554936864270731
10.823123844150382
-10.049628974666167
-28.850236853279650
29.683436671232013
11.149088383943244
0.603803071150726
13.204697680791844
3.249741063257002
-4.584477895368244
14.890728916651257
-8.248506580154583
0.360694340385882
-0.074566441742022
3.181172721993785
-0.289498919290141
-5.451633327886173
-1.987683999102508
0.115195728297299
-2.311989848006838
-1.212714569312120
-0.664896692580974
0.920335134564016
0.436077384171023
4.657828339578813
-1.672001954301630
0.740157071117995
1.598091986278013
2.411510714512832
0.352174226446489
1.585755090744595
1.087803044255566
0.019815935690201
0.040954469371947
0.056219699231056
-0.012972564290668
-0.770289391047467

-6.058834960244536
18.657033327485575
-4.850484752046388
-4.083272603326568
-10.486382096674845
-25.534962780549577
35.230781676421508
2.625830321474691
-17.431343275142542
2.188637816673702
0.223484132664205
5.433206735061648
17.021193802685271
-5.380576473226855
7.891695356299775
-10.880626115258380
-11.017950324919022
24.108545801004379
-4.648990321224091
-11.055911625570506
-21.690824717830409
-30.644281024939634
-6.521625358618406
-0.079648310872561
-0.384037319814146
-20.834257585039641
2.916880270647737
-4.609864881793740
-8.364950406161320
-8.013928288518331
7.983259336811671
-11.203016894553008
-3.452083751234504
10.237081904901844
-8.625105368725370
-1.249124525763170
-11.397708914729092
-1.672063151535828
-19.296524789038180
7.869174474689573
5.422235628413269
-0.926369514630413
-23.209837086220514
27.290416917883487
4.818473495284840
12.066676729229494
-1.134490794549959
26.861742790502813
9.461708324825153
-14.993913970413635
16.403384648938221
-8.381695096712992
0.762315170304086
-12.882610808896366
-16.679255463339718
-2.530385840151254
-5.036131519338027
-1.861545215540731
-36.187297796363033
-26.727406582424461
-6.356497965723599
8.475244404799089
6.427702210121622
13.569262841338006
-1.854649990037726
-3.840612356865523
11.201329151637013
46.606362067336981
30.570771531613069
32.059382016254709
28.373074565528103
0.775579704486334
0.842078266656338
0.772661955122095
0.610204776737655
6.313668439370503

0.237801650549084
3.694540350742347
-0.910321083039476
0.175538251054990
0.916955842419795
1.851814794487968
-4.260596883205807
1.623720412499354
-3.848856174444846
-0.052302686479525
0.865133081475123
0.086989898800134
3.492605643779697
0.280737023891481
0.028043354894255
-1.423792727207089
0.022397942613895
0.066460361214745
0.232502469535916
0.331263101317612
0.068774394661107
0.164165374475564
0.014387430477474
-0.066661675528299
-0.013351981603230
-0.066948485112992
-0.152698629433340
-0.412585546674635
-0.052729820175796
1.173315963859450
2.447654435286356
-0.000426652232337
0.039733822129207
0.784544775921119
-0.053988227041016
-1.590077176955548
0.749361615833241
-0.079541839078780
11.622249835804938
1.408005827797695
-25.272005101614852
10.969930324430848
1.984539754596833
6.875147836451507
-9.726271991837166
0.111457583682458
-0.207535994884735
-0.102525613914566
-0.141627123723056
-0.109873226083667
0.144432456272348
0.126021492995676
0.814105967173855
-0.022411126171805
-0.305592287714347
1.715810899716867
1.322741115150940
0.152332597537487
0.148575718467991
0.474993249701123
-0.154523313523472
0.061831314046856
0.653825607348885
-3.274351771030941
-3.479851614084800
-0.431186633662077
-0.132875642463598
-0.550955719613860
-1.023033556152404
-0.490202848906784
-0.461587105878317
0.072382659844316
0.075768370124721
0.064612275236556
0.046104746675679
0.677978637489639


0.040898  0.119049
0.047205  0.114495
0.046332  0.122149
0.048992  0.133436
0.061100  0.122503
0.065670  0.122194
0.064714  0.122934
0.059348  0.104519
0.043873  0.098469
0.101625  0.145463
0.037945  0.255993
0.034773  0.241820
0.036493  0.300163
0.033138  0.322827
0.034050  0.332368
0.035439  0.300990
0.023631  0.306046
0.019521  0.394111
0.022986  0.386438
0.022230  0.392611
0.017521  0.379585
0.015367  0.361067
0.014532  0.408463
0.012808  0.399839
0.016234  0.451591
0.008487  0.377828
0.015086  0.330998
0.017081  0.491543
0.016309  0.564387
0.015822  0.609642
0.018931  0.576040
0.015163  0.564006
0.018801  0.554253
0.026438  0.493185
0.023089  0.501061
0.021983  0.561227
0.026238  0.540059
0.027455  0.532348
0.030395  0.576303
0.037671  0.563108
0.032315  0.581834
0.041811  0.603592
0.043318  0.575741
0.039035  0.576946
0.044148  0.616286
0.024298  0.365991
0.021441  0.346182
0.018188  0.385442
0.017044  0.311979
0.021260  0.325487
0.027135  0.344998
0.016921  0.343255
0.016608  0.283214
0.018715  0.232562
0.009680  0.393921
0.017748  0.596500
0.019292  0.650232
0.014570  0.834163
0.015494  0.729440
0.015777  0.916755
0.002542  0.780516
0.032102  0.744434
0.049197  0.710068
0.064331  0.565116
0.036025  0.286306
0.000000  0.000000
0.000000  0.183351
0.000000  0.366702
0.000000  0.550053
0.000000  0.733404
0.000000  0.916755
0.020325  0.000000
0.040650  0.000000
0.060975  0.000000
0.081300  0.000000
0.101625  0.000000

0.350589963772661
2.576409429730080
-0.118850550213228

0.571920295995829
2.312593394431064
-0.212763055298346

0.849846959028911
1.359667307308033
-0.120031360196672

1.231020329544030
0.412681903619422
-0.034135057296806

1.885969589939151
-1.094379803307613
-0.282516265255947

2.206605497552311
-1.653792648610576
-0.245362935861940

2.466286914928492
-0.738096216848100
-0.112160893880991

2.807150703778541
-1.876407872305088
-0.169258138188968

-0.846226013649103
9.848150794482292
1.213676310018061

-0.067949158359469
1.088413110214525
0.075203822504421


