0.050000

0.600000

0.000000
0.000000

0.111750
0.736792

2812.203774
0.517023

79
10

-3.140010749895006
3.590833242540130
0.113944123362094
-2.404394160312445
-3.064347078110207
-35.298232578784642
-2.723604763269678
8.096995347406351
15.988765718224512
11.689973364730324
5.828887986851917
-1.547111443000748
1.818497390873958
2.579496663807025
0.016640881906213
3.940750428292942
0.472810706084359
-4.562863051743742
-5.747195578954524
1.537839010024835
0.640019099906558
0.868420939235929
-1.214608178391465
1.242713944818223
0.316651898482305
-0.540857147145706
0.557503467086449
-0.180077288196982
-0.105140787763810
0.338820521746004
-0.107170854261317
-1.137860100570231
-0.786227415413577
-3.149675887619971
-0.577385166283165
3.567790525825209
14.567181964679383
-0.481759487570062
2.841231610586711
9.514670920515462
3.304768584678682
-15.527465417686846
0.855692636209968
0.580010260631732
0.033117422625864
1.087347576118831
-2.881785936253399
-0.371844167442327
-0.989276124371718
0.063684828227859
-0.498250876068708
-9.022431666052837
0.558063989563384
-0.939275628164003
0.504371990845414
-0.509864648584953
0.118542646962908
1.638681829951570
-0.566669266096043
1.406917269920305
-1.904509057102849
-0.486653959463956
1.211549244443167
2.738001130339807
-0.046297648369443
-4.444876516880528
0.193329991057089
-0.091532683765160
0.948167635989217
0.245095405231687
0.143868166991250
0.180332210341765
0.057752729173236
0.043749290486031
-0.674207070262274
-1.281093861329583
1.084925575515028
0.178358453468654
-0.302212380824482

-5.601516697013708
4.058262106374263
3.697118439371655
-7.176495208113988
-1.607399458540515
-26.595214730426040
-17.018509712078480
-23.152672808392857
41.142547977948489
15.640260300664103
14.253793526297704
-2.814929832363663
2.705195926049341
1.904532636703504
-1.332972493458342
-1.220276111363935
7.658133925395860
-6.158364079786237
-7.780295020361150
2.680983226086521
9.809888933197222
-3.816808254179695
0.777627521540411
-0.265384549949142
-0.525759464308307
-0.457379908658636
0.967848587286141
1.143358825241253
-0.392142078605777
-4.438408950382728
6.410193724055590
4.014971305539452
1.191424372119787
-11.534332380915327
-1.917793424707178
6.592286720006007
13.268543986976081
1.006749344303065
5.650962273343423
3.174398927493563
8.778076186853577
-15.603395092093606
-11.069224378853683
5.820599332348692
-2.451062559608993
-0.395616216521948
-8.239866377693264
-2.163842180420424
0.850975767657872
5.649425696389725
1.467895895731592
-5.368313905802345
3.003361993050179
-3.637807598442957
1.635123832017254
-2.382314073277658
-0.523292815579284
0.488818439887578
2.198535649843290
2.055625536318797
-2.079900715939236
-1.226649016111994
0.176700488147905
1.304320809078557
-0.297618403087526
-3.255501911943516
-0.456093950148892
-0.255888484321685
0.540349460904058
0.736456025422158
0.637727739251183
0.577584114577829
-0.261443013119663
0.458221803278325
-0.064254086876701
-2.891113485426630
4.031237619326443
-1.600410606487862
-0.129854963190529

2.643903908727566
13.140510317943342
-8.382227250575399
-10.070136134822295
-4.430852633585571
-157.935422670498720
-13.336418961590038
14.691717956883423
157.751974178325920
-0.866445398938487
5.303390483605119
-4.389463014560591
0.764536517840338
1.889841409444456
4.961148682115072
-0.297369871463114
1.023038471697645
-5.179711310992697
-4.909000037687810
-4.102663653004776
-3.067798724522353
7.728750776438982
-8.699016805099495
2.569461701219718
-0.779960928912537
0.403498646655915
1.221108971726774
-0.392539323227234
0.359452875902604
0.893981727735587
6.752351253997168
-4.900320807986362
-0.044240806456075
4.602503381808847
2.375823598542832
-0.101156097711061
25.484180868825820
3.996496917690854
-9.998303362344586
-7.323974513954024
4.917074668596793
-26.192412772035592
-12.892787883342157
3.772818130190903
5.847995270258545
-0.381846321733347
0.759221865633158
7.773686003976996
-0.561193732099798
-2.359919529414301
0.752255622411122
8.102699889319307
2.647450173761272
-4.777835119445728
-5.644540217648562
3.840014460459776
0.182707580861537
2.409666035778978
0.715360038701515
-0.706893064907651
-1.449901560074842
0.739958753552615
-0.072977009716745
4.366306442155550
-0.493382044735430
-8.065845505407104
0.767759773136234
-0.649486429866635
2.376464764754617
2.651165336464818
1.069400629117381
1.062536980209593
-0.026496130560264
0.712776384045548
0.000793616986389
-0.509411046495035
-1.606327444521009
1.306887070753056
0.265605970439962

-12.231173102500106
-6.602945622570744
4.263994085919586
11.200367497575121
-2.524370876480974
-55.887336395665237
-9.664895289057538
30.063871120725938
50.414838237800218
-17.218258854726066
6.858188383689851
-1.547924362879443
-0.051386596423460
-2.052224225382521
4.617019025947568
-0.766679064644040
-1.952446760432449
-1.560083521245770
2.309882193217747
-4.332597443232858
1.195793807775212
-7.570462433279309
2.905644151157914
-3.353862011823068
5.010221713418186
-3.422488880124422
1.387496298676317
-2.824893796408778
0.219071904255590
5.326711391897182
-12.903570471932200
-3.676285682711010
4.354371084823919
2.523178170904707
6.968205413741760
-3.989108610239679
-29.757852934119665
6.018445794132134
2.118684256717099
16.367888018576227
1.980061730975664
29.171285208488655
7.236958177557228
4.822576115792142
-10.637822477160189
2.915481665874455
-0.910838449566216
-0.644259431414256
0.221087206983297
5.894330478890008
-4.978967640865782
-14.270818358616273
-1.370709438131018
-2.453888137185571
11.017635368961360
-12.145267002900969
0.396069973027273
2.246854164760237
-1.273194113041067
1.432504804255437
-1.437816563763220
-0.744839321118762
0.148939189349422
-4.457378345498440
-0.306220643913310
3.048139942175175
-0.115219673000965
-0.405153335368745
1.107626500368309
1.966910587894362
1.245818093028285
0.623778823911988
-0.328915417697585
0.693705758846479
0.552216219695309
-0.118124706266139
-3.191413031525757
5.197575684115217
-2.361735204874641

6.969624045680251
0.000000000000000
2.467991651983199
-4.329577023386729
-6.847348162277977
-97.195111757158131
-1.654051385817804
10.882347540684471
88.705617492598748
3.950796972145988
-3.230300744160072
1.499182697650932
-1.077674001404391
-0.000000000000000
-2.204812136361904
0.000000000000000
0.000000000000000
0.509595935988879
2.198660368561846
0.397185660698307
-2.133735283611289
-0.596184436978812
1.763589777995947
2.699429078749834
-2.587461164013050
1.715356702956991
1.895618579437745
-2.521911429284073
-0.932160737947867
4.634336563174819
2.113213274904947
-2.618018766250985
-3.205628449326359
-5.829141517514667
1.783965489182071
3.177721430341527
7.647041079194847
-1.703370521596095
-3.025142868984482
-8.998574189461083
-0.201565151011835
-7.133790767843546
-4.660143888639626
3.807432437942424
-1.383601131486961
-1.096628514601646
3.303802788233207
-0.274457258264393
-0.200988730417955
6.169926020664843
-0.723768844390209
6.952693018374155
0.097737757895188
-1.045904188643985
3.075471526890384
-3.969830640666955
1.594200825991130
-1.280823849585191
-0.783705423393692
0.092626319603911
-0.503240113604957
-0.977468626002715
-0.334102384110033
-1.280428341199018
0.530470974478206
1.253906465411313
2.002830789240593
-0.737325508772886
2.136151596708007
0.670190373434651
0.401966206337575
0.453112725623607
0.128847335567971
0.652299322423992
-0.577802708978860
-2.189077575444764
0.315859239594372
0.269174566738642
1.124895225799491

-11.119034835129346
-0.072254860544705
0.485955800766610
14.452881250383449
-2.578929602448685
-44.093534898536767
-1.971292011969510
-33.627830806594993
64.253890329041496
17.482168094362542
-2.139075694410792
-0.102204238982860
-2.070537802267920
-0.219327772869142
-0.729868908516547
-2.728088078855892
4.069981526872684
-2.126580760133223
-1.560571049813576
0.924603498524580
5.943596395376884
-3.276603084249810
0.000000000000000
-0.609547924146650
-0.170158757752534
-0.359253184009218
0.716623883928177
-1.613379820686625
1.831469432423441
2.245471518097910
10.303972642244547
-3.146299145951603
-3.700846772421328
-4.477887490354774
-2.406725694954601
-0.074441986671710
-6.548625353774760
0.016212858779320
7.305684419133551
12.329381936457132
5.804066037719998
4.788803494464335
-5.859034553341081
-3.025995734043275
-3.201361519421537
-1.201071951735955
-1.154491647102135
-2.547309446447405
1.085550993866327
1.962995236591816
3.849635433678114
-10.443547575015174
0.447744763843889
-2.956363975733511
4.326277562628214
-4.369562215525970
0.530619608573218
0.250209249089541
-2.180394538224842
0.119787020464046
-0.639168230195560
-0.693284930198071
0.014202815280971
-5.268158970678870
-0.188766963611296
5.592175232152519
1.767940512497435
-0.580079644905648
1.125876944454852
1.077077878427915
0.532881760510064
0.549382867109478
0.147975597407165
0.474655879252985
-0.321241007606086
-2.043279205562893
0.962762229092293
0.534002472578306
-0.110498415536843

0.000000000000000
-1.192905329803004
-0.177894432640440
-0.000000000000000
-4.296058996514704
-23.295153333964784
-5.206451185035637
12.920765771359411
26.257908651260756
-7.095186503120860
1.283594385931073
0.911490425120426
0.377755758610784
0.487611098265573
-0.865449594476399
-7.426727001490071
3.461080121880874
0.194568760998267
2.324913334870323
4.903748395256028
-1.166612181482575
6.851783617341538
-8.564804841940529
-0.551610215963626
-1.940066408843839
2.156976763096355
1.080189527767017
-1.495373628521003
0.432717239672084
-0.934150978476305
-0.348811965417018
-0.105008660783502
1.909435849558701
3.829393336039656
-3.202046236826921
2.336824513654343
1.731686563194473
-7.393282575036574
-5.404885669010699
3.854966418722338
4.339456218281837
-5.508196225140559
7.430106219123944
-10.930923722450723
0.616929825591448
-0.987584753714830
0.861208549659189
8.473077161109011
0.731947726607761
-2.537251250384716
5.814566275393656
-3.612329498672008
0.198519836735252
-1.611251702421588
0.452455449067699
0.000000000000000
-0.552946361636416
0.726171845232284
-1.779757389239230
1.625425514942812
-2.167139541521549
-1.525325736792595
2.081243601293396
0.000000000000000
-0.292649926094480
0.000000000000000
0.829581313950439
-0.459692789979167
0.871236634507813
0.428463471435559
0.072475961054870
0.094907908957995
0.237018111218089
0.335019842070584
-0.418970562484410
-1.527734149360311
1.386322241050224
-1.388213090642260
1.048914556320199

-0.000000000000000
0.955020391958184
0.773989202470049
-8.017192938031091
-1.442181450157882
-5.134445843270941
-2.024826766014935
0.000000000000000
7.312636446762062
0.000000000000000
4.750608742821977
0.464822407314165
5.852594760552743
-5.250091735138944
2.835542088630316
3.269915777863738
-5.276424555511902
2.748516035166624
-1.924385616705627
-0.000000000000000
1.247017707420243
1.255695347793950
-1.037143674059871
-0.430486968007792
-0.467081719061623
0.179798371815852
-5.932317864512403
4.933521779136864
0.970765521114298
2.700100138038850
-2.265023512355210
1.690972087447445
0.000000000000000
-4.220667418303661
-2.013940490182940
2.369330800399067
3.381331525524096
0.000000000000000
-5.108919067772070
1.676370490188904
1.360674410033308
-5.233197970940842
1.212310233984673
0.000000000000000
4.148346089718229
-1.247378619364860
0.652116976386781
0.819148227629905
0.718928211114087
0.792125518732086
1.293508105586785
-2.743868995257270
-1.250316855325100
0.461921738271834
4.556474498529471
-5.097165354187287
1.076971083136290
0.431426320803592
-1.813135527185940
0.000000000000000
-1.034713623960420
-0.119661035349289
0.594656837971389
0.000000000000000
-0.393240790960835
-0.696823013497094
1.981359271454751
-0.223172286161332
-1.146011448529035
0.480890520209151
-0.000000000000000
0.975877986799138
0.020852105069561
0.212476636551982
0.483956585544532
-0.428665594809692
0.265891639120631
-0.087967564042721
0.151977077464993

-25.842315900814611
65.365806050169496
-26.278814667898459
-0.435306950785862
-18.549446867596849
-214.818597525262220
-21.114940008000072
-21.045697062905866
176.816028055272080
19.429815609075515
29.636972605842452
-3.986746591515096
-16.954505495838148
-12.509569976369734
27.798948009094328
-38.592174870607103
-2.885774368095007
-2.981780980811978
39.399639228929942
1.311970943258610
-130.462997999519810
44.468390146016290
-47.189982227938124
2.265406169466847
14.437932268064152
-16.829875352260672
-3.146471022440878
11.690665586313566
1.150839239737268
-20.503798170484515
46.999928928871689
16.007559862275265
-3.901447703336761
137.420363926178250
-12.558511216100232
10.012015874450368
-0.536611904225175
-19.688241552613057
16.685847358642498
44.355246044524094
-8.303632901493618
1.266068878470813
-46.313589265955976
14.829816540457340
-27.624470076240740
1.700731157668194
-4.234928781320274
-4.692020780333799
4.836444335506784
15.202772142631595
0.635169136310708
-40.073600306283659
13.191328362464144
-30.732487766623869
9.304402719575085
-20.962665393585503
-2.740183875072368
6.022413270544190
5.050475787061414
1.186228210219182
-0.544123653503866
-26.179213390142269
-5.489675410348340
-31.407635507779293
-7.868439409837208
-4.872675065509798
1.212781111681817
-7.371630910764100
24.861667120469161
20.143781259345253
27.692793219777112
33.782652779649794
3.903435701618588
7.494320797340787
18.950589663072954
1.721602602243348
1.120570313837201
0.732924700235136
10.128235199028252

0.000431067885782
-0.000543298979437
0.000742019198574
0.000182930175811
-0.000517998229687
0.020115475073906
0.001426010938591
0.000465631850701
-0.021655617026592
-0.002284953940985
-0.001147586852157
-0.000462402649025
0.000178846898248
0.000188215768156
-0.000140316143810
0.001611975131033
-0.000667431045575
-0.000935707267713
-0.001732167785994
0.001005423317642
-0.000109352689931
-0.002144162561278
0.000971139416637
0.001941402269401
-0.003307228702173
0.001110268535068
0.000640973684509
-0.000536398356429
-0.002329885878057
-0.001930093401672
0.000874223334231
0.003799264650210
-0.001648224385847
0.000035746904855
-0.000000422892119
0.000057679272034
0.004146306481769
0.000686050870843
-0.002669194106477
-0.005359888827735
0.001398961726093
-0.003136151090091
-0.004273048494895
0.000566549635730
0.004954692443929
0.003413178924069
-0.003201935628568
0.003951909372389
-0.001778239594574
-0.002598201473958
0.001475567694883
0.004481079807736
-0.000129174470023
-0.000344679198773
-0.000276380869651
-0.000332319092667
0.000258005881433
0.001037549018800
0.000479242767754
-0.000386939053927
0.000442364771253
-0.000806086926596
-0.000608819895851
-0.001028836346403
-0.000712803363187
-0.001203306075032
-0.000198893156425
-0.001331453732850
0.000366689374015
0.000774876005112
0.001180868454391
0.001740369424709
0.000346083676837
0.001328276364151
0.001138680715111
0.000099841286854
0.000172338649735
0.000457131121482
0.001794691412036


0.007653  0.031633
0.014194  0.022954
0.010449  0.019775
0.010439  0.030345
0.015868  0.010678
0.007166  0.011885
0.005876  0.015290
0.008380  0.011088
0.007385  0.012192
0.007801  0.009862
0.002745  0.024894
0.008598  0.062287
0.017269  0.037743
0.024003  0.073224
0.020898  0.065747
0.027830  0.059098
0.025027  0.054480
0.035348  0.073941
0.035156  0.054613
0.052270  0.042340
0.053561  0.088395
0.052417  0.060238
0.056720  0.063830
0.076329  0.080368
0.097510  0.041254
0.111750  0.042893
0.092000  0.150193
0.087893  0.162495
0.096464  0.110904
0.067411  0.103048
0.050304  0.125050
0.068461  0.115467
0.050052  0.139289
0.053023  0.087048
0.055453  0.120061
0.046744  0.089171
0.042559  0.103660
0.047084  0.048892
0.052528  0.160352
0.029443  0.141841
0.041354  0.065790
0.041764  0.101577
0.045663  0.126463
0.041973  0.130206
0.045958  0.151530
0.066196  0.195258
0.060591  0.162429
0.048234  0.165091
0.062902  0.214418
0.040599  0.159429
0.035846  0.123682
0.027566  0.142001
0.022277  0.191584
0.022476  0.167424
0.013304  0.209675
0.012624  0.214621
0.023622  0.241597
0.035257  0.438815
0.035509  0.407684
0.032370  0.326870
0.019013  0.357408
0.017440  0.302936
0.014518  0.374553
0.014848  0.440365
0.017126  0.489290
0.017843  0.436439
0.048754  0.389838
0.032850  0.736792
0.000000  0.000000
0.000000  0.147358
0.000000  0.294717
0.000000  0.442075
0.000000  0.589434
0.000000  0.736792
0.022350  0.000000
0.044700  0.000000
0.067050  0.000000
0.089400  0.000000
0.111750  0.000000

0.130127022851883
-0.106120411340395
0.029218052758488

0.421617755613106
-0.609129408940481
-0.198696205072139

0.848372696097309
-1.299258962923237
-0.030857434790663

1.349278801129782
-0.978150273343260
-0.223122526830234

1.639845169038780
-1.377827304978076
-0.088409136311958

2.053658286402103
-1.009737114134864
-0.041762754274563

2.375850398243906
-0.790956188703133
0.132195650091303

2.754226862479642
-0.411680236808417
0.012000300777672

-1.244321155006374
11.699995327258213
1.890286214004417

-0.000155187042056
0.001876417149927
0.000264066493711


