0.250000

0.600000

0.000000
0.000000

0.107165
0.954646

2806.026847
0.703290

65
10

-2.187849188087771
0.560508763371734
-12.999310898848377
1.759922430191981
-8.540053314956870
-2.417545846808701
0.714751697100215
7.864404118467969
4.420066464027223
-55.500321255227206
2.091898885619122
-7.465243494270782
-0.103018504337773
-0.202748966903292
-0.302483081420076
5.076275758654794
-9.882193854379352
6.958478543688038
-20.378524033010400
15.196674315719736
11.174779733051755
5.922548031758089
-0.225195293023107
-3.963834734737834
14.029432534581696
1.534807333391616
-6.833692750589845
54.886078920280767
4.307124442874135
-3.174147040086822
-0.972733148676353
0.806177722431599
-5.875055485651100
1.279861583985036
4.704603917115156
-0.044558223710388
-0.772282594614189
0.308899026888305
0.762140566269090
2.865375085703077
-2.012592491757574
-1.558963991310899
-13.226909435464981
0.262977078007357
-4.187240916684664
2.877665361791578
4.947590981847254
14.966115097912217
2.035697162361958
-7.311819097655308
0.172609719148937
-0.552899974494549
1.271497058064504
-0.309422220919803
-0.546669617273174
-0.703113178198501
-0.535190504902641
-1.030684697251060
-0.844714709947522
0.266523108146552
0.006686100030418
0.005939922717522
0.005455458976064
0.005372679013596
0.612072953109659

-3.264193662488639
0.598894338311294
17.596295851645390
0.058163847107433
-1.528684355374490
-0.931694694678521
2.638002877542070
0.543251129897774
-1.855416591650973
-13.659727113673739
-1.083543275698253
0.452975321800077
-0.656738825066143
0.953902337170536
4.869126599683385
-12.350104018605007
6.811166171253187
9.476748681677330
-3.777729500387723
-13.257668444491657
5.199910461318242
4.841271375898687
1.846331375502684
-6.278868610682909
-0.273080564911111
4.457963359130412
-2.668254872455702
14.355686129363123
5.730289581121547
-9.637300968330880
-5.584330504419113
-0.262364156815675
-1.478299332349990
-0.482686505430120
3.097774932589381
0.420006227490851
-4.806817608803635
1.949344474452144
3.859159658918515
2.855724633248357
-1.497565624419629
2.328912631591134
-2.807507705498739
-2.739131720103678
0.802488305734375
1.981083116074753
-2.998009513511268
0.654512317277797
1.426211774561578
-0.628451531726134
0.086576717583660
-1.031088803233023
0.136411845634419
-1.249866691917242
0.158443906499807
-1.409675986053324
-0.900650288705127
-1.382866073059615
0.740046189814810
-0.348884665667136
0.001047169597104
-0.004554379059855
-0.008495698959102
-0.010533957756811
-0.072937100532243

3.121291544378138
0.614238085468337
9.999434043023744
-2.532413473006066
-1.668042242723173
-0.025174281281784
1.165139120473832
3.872756208078770
-0.644864518649676
-16.475562051171885
-1.332682613202244
0.369154776344798
-0.442865296128390
0.247581358458218
2.789532985952815
-6.093198820956220
13.870665516321516
15.086696429539693
2.363723507789401
-14.130127830315967
1.751461607218446
-8.534875558833747
1.442728994072742
11.967484528454845
-3.795845015056957
-13.172501283960727
-0.012150953515773
18.783746155004501
6.325932416737905
-7.819285251726038
-14.042691363561323
-0.882793218331212
-0.883812506733474
-0.358836043929079
2.499794593018051
-0.366916796193157
-5.063835672111038
3.333456261927135
9.035943128845203
-0.904255110683259
1.673841394907396
-2.997706224449231
-10.751091604148050
-9.623385135262993
2.588659064971364
3.274480764424407
-3.289690105453384
13.858218495369536
1.938238632992594
-1.575282999619309
1.387139905558439
0.393616356212928
0.654625306055006
-4.641064876457531
-0.080630944146399
-0.902174767348555
-0.923706632665541
-1.199555839609785
1.185860528447093
-0.465784241431105
-0.009505170503426
-0.011446422357624
-0.011412834903465
-0.010065289101327
0.079791283996487

4.278073187873779
2.483580109193027
9.609449116976462
-5.352823358943244
-1.520392756238018
-2.595995282217518
-1.285123168850841
10.457802684951954
3.146264319725328
-63.135577492820879
1.166819042901495
-6.736484187346791
0.673029757517777
-0.397718142938068
-2.744827277235219
-9.293197742730449
16.372389256029017
-2.923282051511010
2.545255582295103
-15.442688925080375
2.410009961215649
-4.464457032779166
-3.384520944679432
-17.799541859535339
-3.931508109950684
18.429075400140480
-3.694140269612242
64.076707993361111
2.962097465585839
-0.382236070340597
5.412818073917609
0.256479173131213
-1.174142677618023
-0.208504865748756
1.861549645847554
-1.181641205209988
-1.976417308192007
-0.383216227036797
11.874711828444717
-8.231605860426372
5.684953535302832
2.249542633765629
-6.866717769187171
-10.646647978116217
-2.951417187472992
5.345151542469636
0.803383026840006
6.549177081420564
0.993815603841783
-2.282622109581738
1.361920923423771
0.141053107712196
-0.050909515744424
-1.973014362904694
0.470799838985236
-0.895284885001541
1.309753055963113
0.266989031181264
0.736997718578800
0.507069062197210
-0.034075434692633
-0.040268552531247
-0.040991912795713
-0.037523293444807
-0.377202944764287

8.670932265696841
2.105409832730869
14.301535302579254
-11.598685934595242
7.507133015420239
-2.074707249522887
-3.498130915425798
4.958354226661121
4.773116902832850
-55.099240602510783
-0.343475337667081
-5.657556828635814
0.804488238038343
-0.974194731217667
-1.615281014714682
-3.449253224425772
13.107983405460612
-5.787623808482031
3.043026745513560
-20.876631442809089
-1.362798048218290
-7.987683061994942
-2.569833417536360
-11.201899303665732
-1.245873126338024
13.029161940451115
-1.520219092387466
54.407291940147090
0.519858668092171
0.891227484340568
6.532692557580911
0.369068601906362
-5.842387827913281
0.670181328134931
4.443272943549649
-1.165137363362028
0.511292299943703
-0.374259588494196
4.108580961818976
-0.395768028213066
1.918968399603251
-1.262026698285082
-5.847852055174813
-4.508433238179956
4.597531844598478
0.818059252290514
0.429571051216306
6.083479027034639
1.444173446434235
-4.527750530252598
1.916729362644199
-0.403031530494047
1.771660560231853
-5.958554828508311
0.135292710544947
0.667178962692017
1.012106353185857
0.243301800706480
0.370432704172762
1.209625962521985
0.000000000000000
-0.062631376032924
-0.024818285155786
-0.022963020739320
-0.114018493534109

6.470139810895971
1.695245807928546
8.448445534050586
-24.606270264050902
20.816685611733220
-3.851049188092563
-2.645454105320316
2.145775228613346
1.506479592519665
-33.068615313253417
-1.005385116977311
-1.514955222062472
1.276968281781503
-0.684278854274300
-0.057967794737235
8.965499239448386
-11.478322141756005
-1.292433237493970
9.047318695388331
-9.977849806477584
-1.578108301723374
2.542477811943097
0.247619634023059
7.836503509000548
-6.787437157317747
-6.039916081803758
0.159188380593209
31.748706637212415
0.250268168983551
-0.982275515255799
1.038775598075308
0.454031304301240
-2.998752952700332
0.382813294384795
2.515806701455868
-2.298344739326939
2.409292483907195
-1.452184615372756
5.400879957366842
0.630826085911923
0.765128727057928
-4.065903158941444
-6.853523046866452
-4.705611911682910
-5.942893253588975
4.934799510166335
5.819932916885527
9.649844206498795
-4.208646566071240
-3.381928641460981
5.023722979015613
-0.027983556047074
-0.165452750600970
-1.892210930193986
-0.042017271568068
0.674991220084235
0.362666019944450
-0.013214195965658
-0.106929671458758
0.503046466611535
-0.026046109241595
-0.025310774666232
-0.021693399295335
-0.015782744513650
0.090868947876681

7.226274821993009
0.946622487632077
1.218270454196735
-18.160639879951802
13.042527758201961
-4.141448551341021
-5.152349494586254
3.489112211195375
-3.856449595116338
-43.223719011991093
1.045412615218276
0.434454313695855
2.008134253168180
0.098852772902188
1.643867798852472
32.131414288623944
-38.753747969579663
-1.978021859484568
-4.036569083443599
-2.565001553808342
-0.411613112800123
5.332298953491247
2.380276768066080
-1.453037531613620
7.390358653540691
0.799103555287560
-5.239312462241901
42.629404354929022
-1.955357967612765
0.701376332928285
5.355859108520309
1.009306402725849
-1.252531636017418
1.280839947001302
0.441696639522323
-2.601530982989407
-0.754638089847213
2.157080956836918
6.688787806476171
0.527866161599498
-0.378669270823802
-5.839454791794736
-9.370685398332082
-6.712860571791476
2.774654810117278
3.090252128678603
8.575603382515135
11.697375315820134
-1.167282149948679
-7.155261254798390
1.801077964076128
0.762405270030422
0.275901614358364
-5.615105112504150
-0.493293396074023
1.950647733981566
0.107168122801832
-0.152767849152379
0.718373076188750
0.244695094599155
-0.012143967707998
-0.010342221620627
-0.008158104636650
-0.005794042929067
0.480432985526663

3.735404130956503
0.403985407221508
23.841369202845300
-10.776880136852780
5.968261170044769
-1.863717407145596
-0.317714809400657
2.193954401142825
1.701385924255168
-88.690878247728975
-9.186984519316107
-2.000058416995077
5.168041462881277
0.341449892530535
-2.247983079298116
11.954097207512348
-27.659926691661138
6.867206274860223
0.014083996330651
-23.263495473512830
-4.102472562775463
13.348600134202046
3.959008878325966
26.918488475655430
4.522987679303867
-26.504562644735987
-4.825940027679477
90.886539635717881
-4.048550181228925
7.375392722299336
-3.887373310879564
0.783951585891080
1.909959906128403
1.176462467232109
-3.701762864042526
-0.235179635200075
-1.356953984412352
0.947498353950037
1.461771993712421
-11.887814927542946
10.712294753313182
4.721396031170468
-2.030314387437819
-0.853499619938702
0.353764231660319
1.057733197549674
19.620065121645233
-1.056865167397189
-0.704860119788724
-16.940681882286551
0.746985521093449
-0.275088019801260
1.950691133750462
-6.789529093421525
0.088329255807531
0.037220712287885
-0.516097380885092
-0.160340769146566
0.498787834840498
0.639287606520200
-0.011286190429179
-0.015458433936157
-0.018376993810203
-0.017965510573644
0.042156164176715

-32.148774393074120
-6.465140864662969
21.311056965423138
-8.911559357137044
-7.237898829375321
2.410836468323474
-9.155193832799885
13.252349000553377
-2.392716960154033
-53.323066192134782
-2.326241452565137
1.392119997993840
2.608604896750674
4.618457248768015
6.416084502931759
-21.449666580916023
7.004656793861066
-2.631342613072427
-4.856204552828762
-12.664009212477545
2.783230747028053
-6.078373779372390
-5.450275239859082
11.552293343784823
6.699201508414986
-13.363477277040982
13.536195948084716
55.897077736642551
7.874598767899630
-10.335756969117583
-16.941470216109686
-22.295394110705907
-7.718222100995596
-10.965837590880788
-0.350994383927550
1.518965411979727
-8.690832186144320
-13.906563739759815
-12.102166355092770
10.991335397647452
-16.947717365683182
-8.424548130782803
11.157098042381103
7.712274767091121
8.353596754867040
-0.453271347237410
-8.770786141599816
-12.113766593790153
-5.176206426746954
7.760523238947910
7.820872270302646
3.886503420752929
3.820695692093569
-3.426482609397057
-4.482095052253214
29.122615260647663
26.178932282341709
24.369284008859506
26.523979106824346
18.726006164621765
0.195991692085173
0.220707804159225
0.223762089727736
0.207318013210744
5.408827087309704

-0.417169725584125
0.900802099288400
-2.126678951940732
-9.029057257374326
6.969187114012611
2.135808431973313
4.063252868180778
6.693373252440909
-40.743508763919280
-10.891458723067464
-8.084482788596278
16.139440204983302
3.525291373070065
-0.596581434448278
2.375223834326971
8.727444394409668
-11.982689618646452
-1.873126805797105
-1.326110183252195
2.943993826676603
-0.900696018781583
4.623718716988519
0.881212787067760
2.801609894791156
3.512470137965660
-3.420213184130550
2.110241674593280
29.622494808742552
0.623765062081501
-5.500047116127177
1.998876540783529
1.703593794111900
0.691375911100239
1.941535258663559
-0.743309996640347
0.679889794082687
-0.312141623107508
0.927693210284435
-0.520795128809946
2.430188940359545
-1.759904237894844
-1.133151548491995
2.249883064198347
2.475268346273376
12.862329708498988
0.957061153717828
20.698349812523848
1.712662767433234
-2.108659551082919
-22.920421036348127
-1.111449325972109
0.469535960008627
5.244379855660220
-18.929474707256315
-2.114928226852054
-2.699588264675516
-2.027564089651651
-0.941600333034906
-2.412340024206315
-1.893654527276226
-0.006637413221316
0.007316324072972
0.025522977484622
0.045193144208297
2.757453558259016


0.011614  0.212190
0.034406  0.157179
0.020530  0.223896
0.017230  0.243061
0.025819  0.243584
0.030855  0.208625
0.030119  0.190024
0.027480  0.234689
0.057360  0.238446
0.057397  0.259229
0.061026  0.213859
0.049943  0.231575
0.066345  0.192186
0.107165  0.234788
0.040647  0.449019
0.014966  0.374508
0.016678  0.371822
0.013625  0.484697
0.018650  0.259659
0.016888  0.223835
0.013848  0.267185
0.019409  0.375187
0.019867  0.343059
0.017348  0.293966
0.025566  0.261003
0.019279  0.292985
0.029993  0.486254
0.056749  0.258455
0.058621  0.461977
0.049035  0.458133
0.022643  0.482643
0.015690  0.558257
0.016981  0.926757
0.026605  0.954646
0.020892  0.914979
0.020800  0.818864
0.016128  0.789993
0.017194  0.766691
0.025043  0.754338
0.020011  0.638812
0.022805  0.629477
0.022305  0.663831
0.029336  0.680551
0.029679  0.749029
0.046093  0.637661
0.038213  0.632587
0.050617  0.654474
0.024666  0.676743
0.060486  0.678554
0.050106  0.660039
0.083367  0.682102
0.072587  0.568487
0.074391  0.614218
0.049416  0.622735
0.000000  0.000000
0.000000  0.190929
0.000000  0.381858
0.000000  0.572787
0.000000  0.763717
0.000000  0.954646
0.021433  0.000000
0.042866  0.000000
0.064299  0.000000
0.085732  0.000000
0.107165  0.000000

0.318503405202951
1.028223449139244
-0.053325040405121

0.616814456453280
0.041391261282579
0.040393896280940

0.864502299232343
0.227835426245318
0.165527593177082

1.113141119429336
-0.627607156224528
0.117650345249878

1.408490120114239
-0.400298794819693
0.166023548899255

1.745373241721858
0.003918359237358
0.089320993966966

2.185123667015348
0.790565225904634
-0.088141615979654

2.597969565318455
0.086758965447324
-0.149596857339869

-0.766181184267952
9.186582152681746
0.967010584590794

-0.212077393005522
3.687802125037621
0.189100431964598


