0.060000

0.600000

0.000000
0.000000

0.544006
0.910369

643.364663
0.629743

111
10

1.286545603545196
1.516800553453742
0.039477966133489
-0.585581465951001
-1.205554872304014
0.982455418992459
-2.356431361592747
0.734896826095737
-1.871672271354802
0.879329988117764
2.331162770260136
0.980328045368036
-0.999284207885060
-1.351584002331904
0.277225555834275
1.950864951663172
-6.236786069595422
-4.930292417058181
4.252259199158209
4.598466166027693
-0.189942110541180
-0.939446442509575
-0.155422992691963
-1.873284939958939
2.134326775341224
1.680795137305336
-6.608148675835327
-0.493206054353674
-9.526593647091206
-1.823742756262204
-1.284445724773863
-1.443492854289044
1.590455973256099
0.020143372881255
12.195875144960617
-1.013115362356799
6.707364818543411
-4.112998884902486
-0.719714557285835
0.639097661711109
2.984930115797544
-4.107199414118300
1.357131318067192
3.084867408694067
2.740276417965764
-0.609039687513325
-1.410255514360739
-0.156684398759180
0.449365757922631
-38.868399841619045
0.203736447366035
0.449299899258125
39.889903147585422
0.672921207107305
1.064762802849319
-1.140040915979260
0.429876656910193
-1.597195093516827
-2.152784666453643
-1.797529293561883
3.303136000921819
0.652520632805247
0.025528648939837
2.975517249936387
1.053745566972662
-2.619169642801750
0.174974194368319
1.574339497178356
-4.126574799660020
3.212672812286065
2.360707052949703
-1.283137710432743
3.125780084365267
0.537682075851532
1.062205553629007
-3.792314567688583
-1.198414500965783
-0.934114138979396
0.470103400821343
-1.539529127210524
0.323505106854800
-0.646660276304360
1.754106915154372
0.333764274105901
0.779464685709300
-1.265945303022090
0.439010546415908
0.182036629973566
0.198375932870812
-1.230663502066576
0.237110525796750
-1.181219822529181
-0.002637276470004
3.155159508593765
-3.338243839244604
-3.361639540115095
-2.076879980479583
4.919886968481612
0.527830098540563
-0.069900216099658
0.112813968963074
-0.862474619730439
0.296392546294789
-0.335630234899394
-0.345130504968411
-0.203743595038800
-0.580068098999898
0.610260442198303
-0.305298593342301
0.341225886951379
-0.005539522922347

-0.192228855747068
3.405571759036295
1.102275836510246
-1.067309217674184
-1.623949262056411
3.628433797211840
-6.017404997211179
0.294048337157275
4.949027621774129
-1.478159454238792
-0.964332793976148
3.559291568363286
-1.612144458049817
-5.058383043039271
2.854780294619981
-1.724054240841022
2.808039793562386
2.464083534448668
-0.836322254445064
-6.055458144100923
1.054936886194680
0.858763245685528
-0.693780361850037
1.795025285202965
-0.860951239665350
0.867769288249346
0.421674490074790
0.380194212802938
-3.087101363909081
9.539752794181862
-0.746385375877039
0.311181860935320
-9.594876818971235
-2.110241804270535
3.606338571280886
-3.236297398301199
0.452955905537758
-3.457241821012415
-0.196478670564440
1.934200058410825
2.446192102236468
-3.426141122770409
1.257012626877234
1.930106652497990
2.688113463999723
-0.691706222902306
-0.520120098611405
-0.212723699095904
1.006220697802544
14.167970578121382
5.801003566370150
-2.727478942613141
-13.007492585989574
-3.806205086689360
1.825138944129173
-0.826484355614410
1.007912262231025
-0.962085861314953
0.690022358984323
-0.597727549509082
-1.193338109851028
1.024458061492280
0.976817484839371
0.995478732425207
-0.464825338284173
-1.481645628225645
1.670994651082000
3.151388223290803
0.442325119042649
1.305074194988069
0.696343383591444
0.960413715753910
1.514877463079025
-0.358543690198317
1.980888746965672
-1.167359031725545
0.604964382160584
-4.683185377372237
-0.170841920638815
-4.202714277725595
2.451979238823315
-2.614352782675928
0.770185411154502
0.611907913722978
-0.049121132586724
-0.981147730188600
-2.345447409134697
2.005576218163133
-0.806805011377553
0.071629794038463
1.166738263451693
-0.543291376897083
0.013762213568896
4.266960741449291
-4.451150733534678
0.319887230032046
0.042161997689381
-0.069432673854275
-1.964746522227580
-0.669092502411292
-0.254295192931027
-0.313703392300814
-0.025248559264743
0.007423833707056
0.011262671816391
-0.517890712831578
0.495371587803856
-0.136618463700196
-0.060603917125847
0.714738631331702
-0.464979699743972

-0.156869746970256
2.613746574936377
-0.575401782602535
1.801164228210776
-3.001233083498236
2.853496159414158
-2.657657174386457
-1.462544646224874
3.075091660553377
-0.178501297088086
1.566635511505077
0.670994912957781
-0.101136925289960
-4.603586245681612
0.696872278228168
-1.646736805403757
5.673190643853699
1.620722270660855
-1.168368799707045
-5.845876756417342
0.775813283027773
-0.205478648601616
-0.049069643960943
-0.322629177027270
-0.072438556077513
1.328359074989717
3.326549204368485
-0.281243909200257
0.479251960563250
-1.730548011179183
-1.617788083014719
-1.718215125534173
1.825971661041475
1.127675161916219
1.349479261446063
-3.574460910420910
-2.240947684715793
0.859450429076527
-0.070397831595481
1.083508706029543
2.597145098312118
-2.159847617569113
-0.142415565280869
7.311509059111387
-6.927959681303938
-0.504689024689809
0.053263195306415
-1.177001063070314
-0.536650103234504
-30.295178878398911
5.103239848925147
2.264548253206112
31.071406154735683
-2.178455236041758
-0.303921157723308
0.794529520027917
2.943195766400282
0.355169685532876
-1.227168645219291
-0.174173941198781
-5.590485093390871
-1.044557859798527
0.199037479530273
-1.145855051327669
-2.113479040748068
-0.112730848486498
2.514979052912848
2.588436490320335
3.447926603343080
1.169378687434359
1.753596392445564
2.240421798678864
-0.806827673449541
-3.158634496848980
2.248048958426018
-3.755262201290074
0.343496868178415
-5.448459007603629
1.935066397329773
-1.861240231502588
0.657429128059801
-1.008557904270409
-0.125098447207141
1.897688352239047
2.243112609541754
1.464984308667759
-0.724782680499733
2.492562287332508
0.526948946689187
-4.263066495335552
-0.686321982507350
-1.708819878861441
1.151217253593415
3.357144482069161
-4.499480821510834
3.341235341453683
-1.423567155328007
5.069424390685149
-8.364496232891412
-0.272425502693291
-0.067850567563377
-0.334747498685754
-0.150830436881384
1.241223693119164
0.653267435644050
-0.118033580212805
-0.193384664832587
-0.101785274513221
0.012291833312776
0.746432276919084
-0.527958253402177

-0.282349563786818
-4.201165151239191
1.155340857653505
3.555739641480968
-2.172446406826587
-3.481671288400963
2.900596209355534
1.935228950275427
-4.732660104498858
2.180763589037181
8.747477794461052
-1.473311984091076
-1.888232048698368
-4.604310174274574
2.514293202427225
-1.118854793193769
4.920943219518250
-0.573503106203335
1.402981498800159
-6.273724848952040
1.761932825979045
-0.748201283920544
0.345496648122823
-0.450190410743049
-0.522864614532850
1.148259629507191
-0.527899979499993
-0.349566511716752
0.809352633141142
7.456692891267736
1.410898281798462
-1.606221468219511
-7.129307362051744
0.651177257501508
-1.706715699721576
-1.542339547284211
0.811906868869856
-3.097093806458172
-0.315426995440937
1.886921273181446
0.337833479254874
-0.720948180776943
0.356274364005442
-19.771977475669299
22.144238259182451
-0.157443022201394
0.095390218501173
-0.662441014110989
-0.639691080606653
-17.414661953380733
4.192381518528570
-6.259983754036754
17.181168774704876
3.915391340513521
3.124379213107067
2.422119338071052
1.938509677335345
-4.833666287367899
1.890155240613052
3.399924010438095
-6.702600698386330
-1.083632624582558
-0.951279074266790
-2.422469109574551
-0.450054380274523
4.041481516846348
-1.728836928686899
-0.012492291822765
3.145903499034847
-3.255040372934635
5.514897939341517
1.629349358218004
-1.106066146981592
-1.868194703628130
0.701864363802180
-5.808451482884447
1.910861049971805
-1.448933152053871
0.243237986649528
0.412801945800152
0.996986767049772
0.941823895676434
-1.932874708608481
2.984076518952005
0.973469545121463
2.002407804504903
-1.957974463849984
3.468718942992177
0.465007543463428
-3.616243860977322
1.152224212726500
-1.428961731472283
-0.438432860033178
8.940170154983733
-8.434877707349152
3.918855201883613
-0.260713721729649
-0.298074623743693
-5.464837848042995
-0.685007912038864
-0.145621849600004
-0.313823010400559
-0.227466257558760
0.638644715724296
0.367778312902544
0.035835494003755
-0.042824281149761
0.554602282104001
-0.337733376885308
0.455510072011177
-0.407888775304764

1.005676459689198
2.987219523434360
0.825193464054323
-4.497955907874988
-0.528160497595234
0.116287031555483
1.536356045063270
-1.600749037677637
-2.715642417775265
1.708895179309525
9.497714765431107
1.713665341585890
-5.179139595362603
-9.065999661930034
6.295640188680758
-2.406301996173822
5.105614584989175
-1.784625747222361
2.347619544236991
-8.118221658331231
0.868362660863615
1.241570551684300
-2.047961143619505
-0.704186930869798
1.210221158191370
0.190006052636066
-0.407868298179258
0.259811608176949
2.265388007741178
2.107423350489484
3.342331381544965
-0.259979291975141
-1.355843599005201
0.647292698286966
-3.227875618559406
-0.380142657064371
-2.248282534469518
-0.558067724418224
0.129749283119703
-0.362421019809677
1.752275348579038
-0.043217145179371
-0.601762899417804
-9.638669784830054
10.073955451339639
-0.642012093133461
-0.064119953920342
0.366550207178999
0.097557823149235
-8.144889295757835
2.959067581418549
-2.512427285805311
7.664357276221834
0.622858447382273
-0.763021733089141
1.393885198812755
1.487333675496195
-0.888244238857030
1.605635195397454
4.804200502322638
-7.711463510032764
-0.147608881585910
-0.619064766318869
-3.201669290149072
-0.275950334307781
3.602980872240746
-1.539922846448296
-0.440788510484467
0.351398017190694
-5.107120975905906
-3.682626602038766
2.139200727699765
3.393291049999947
-0.080073460889527
0.750067380954998
4.099186373660574
4.093937750612678
-1.375988016116766
-1.955482522836176
-2.616238351504587
2.875110706149252
1.163930542767544
-1.743302434960783
-0.292255506064913
0.861021854783434
3.652142415261984
-2.464286027760125
0.218242558713105
0.977144476400757
-2.664371669247588
-0.023912207630197
0.154208102612557
0.432374103116532
2.924585507884391
-2.902611514573360
2.228638711450644
0.663873573315763
-2.440093657663949
-1.438903918218863
-0.143223690020511
-0.021849038517268
-0.508605367454194
0.263387399593966
0.318887738440416
-0.157131875491759
0.184700385196750
-0.593477630807475
1.631475736955492
-0.658331451006899
1.072910710354186
-0.728268470478035

0.565792024294070
2.682780823650579
-1.070564046329619
2.360767991652587
-2.597867781061635
-1.223255291354508
-1.537830003712585
-1.908367324457343
5.786719295648167
-0.468625267966557
-1.615427695229787
4.271989207036159
-0.611745260315843
-2.787783294874455
0.136116267304530
-0.791467389564388
1.362588377265973
0.396777027767421
-3.357196630369990
-3.624702575628346
2.335886145703681
-0.051664154960704
-1.539854491909788
-2.813246028250063
0.608665712118818
1.101908523797473
-0.399378008273941
-0.287846954662277
3.778570982892793
2.591300142909367
0.674103660702180
-0.693658323481866
-1.441899624987397
1.084526969009965
-3.010732937380327
0.679542488300350
0.570625191069796
2.948734659159416
0.017558930725258
-0.000000000000000
0.291671052137258
-0.716447891552249
0.248851787298559
13.727628415429029
-15.040924330999363
-0.517477957588425
0.516622182397688
1.276110327553268
-0.030927014090603
26.042075111303085
1.755296113441321
-6.061200217530773
-28.426896856766270
2.202849826936508
1.359179045072294
1.937772103728585
0.965187417651445
-4.877772742109839
3.810850320345187
-1.245164638443121
0.536979003159557
0.704425526751947
0.802058237616269
-2.085920862790178
-0.554824651830578
3.663437373302638
-0.634656777830551
-0.199709361123439
4.862625550484275
-3.297276336569311
-8.902160574600146
0.310481536761019
-0.088406547707453
-1.313153441419022
0.883971309365796
6.802215409562413
2.916271380300215
-1.206311116332872
-1.362570852310560
-2.125647969453547
3.707159692428421
-1.216772611364375
0.459203269618048
0.476945346188729
-0.946565558071542
-0.704877690024629
-3.747813039245556
-0.345339187289419
0.111342463627045
0.441525505289200
1.650059623962602
0.002991583272298
0.814291502059734
10.251537977551273
-9.209450051873956
2.045384855540040
-3.266190568552303
-1.457333232653698
0.067666885427207
-0.174294835771686
0.421816314379731
-1.128037134116966
0.536969043964059
0.581735447546449
0.182071135290836
0.596103701172776
-0.653111060833462
1.170899053372878
-0.101237081464750
0.684137258462746
-0.301777367752394

-0.510577848572348
2.547731329645763
-0.816860840630697
1.498550040512473
-0.990822289843650
0.352196530271551
-2.632479361249590
-1.612830521160654
4.733325025095912
-0.084936121654318
-0.282426370813311
0.910149211676899
0.229476378990193
-3.562482356777542
-0.693468135693540
-0.589907968229135
3.776610419887533
0.558270453680245
-1.710855607243464
-3.891593326538109
0.757787840051857
-0.361140619824712
-0.654673174119464
-5.925142234608378
-0.848972214277317
0.867783170131477
-0.274178163608955
0.926246595291438
-1.134246383199207
6.222010608450682
-8.390266552530207
-0.029416590035229
-2.452691548811449
-0.641742869562790
8.660866695735212
0.344951870587663
2.871702671343242
8.431970511069491
-0.125916849871780
2.534522488709894
-1.326121027422260
2.134047302314122
-0.369733419374829
14.528882666782305
-24.444664502150882
0.377080211188881
1.264640652670064
-0.529086470189133
-3.736641049670266
27.351130261822796
5.284213916001916
-14.827717445700880
-28.377543650202824
6.093070297903281
1.473300713912991
2.712024844661358
1.431879349663072
-4.100125049696674
7.539760139002167
1.672062017124115
-4.545880030986849
1.755069874019908
-1.087199941580469
-1.301420710019607
0.995279741175462
9.796712005167162
-4.640899398260199
-0.171974174402185
5.084858755031998
-10.298948520858131
0.804313361200605
-0.603998661740706
-3.189256447024504
-2.110750865816233
0.671307252004171
-2.285072122438578
5.521512441654353
4.981805409692166
-6.324046198780200
-0.615272388762364
0.469113609699673
0.739509453193555
-1.585201354740976
3.034292770582697
-1.167893968351976
3.415733415663923
-2.991902723771931
1.051047562654620
2.019628888107031
-3.352137896912548
2.611222483659568
1.688743498821812
-2.135214490780447
12.067731146541870
-11.520568523815520
-2.345075410071797
-0.068233179248884
-0.846927790978315
2.423986886481289
-0.005919188442538
0.259104013282763
-0.403113370644807
-0.181777253289330
0.514046251193688
0.266146470282465
0.508735356834430
0.220607838206014
0.332855985780937
0.134595931804007
0.057754356736775
0.195986254280397

-1.042091283517483
0.224944985401152
1.613436584362864
1.386468330123062
-1.564912376799160
-1.532802714557735
-2.100153564437949
0.932315731332869
-4.346876831097212
2.735622379064112
5.870429530730609
-3.145741601474233
-1.293380364382628
-0.482422332477011
0.672305545515961
-1.313019832048156
4.716196730128935
1.030265615047491
-0.455236639559316
-2.403749896860821
-1.059731835133218
0.484463900837722
-0.170007786263921
-1.890921286773041
-1.025278969469245
1.731429368774642
0.032327500623396
0.175010581032610
-5.965909586260486
2.252300586267081
-7.703153034642575
-0.632418644985987
0.444024233371732
-2.030820556264800
11.203721497758163
1.841045683444390
1.656516795430544
2.374418552329422
-0.272644204056029
0.951706687280426
-4.192789906075445
4.907368749241430
1.902356321838602
12.566436939729188
-18.101917617728084
1.333991041820689
-2.815805992086193
-0.883436044834796
-4.506869204112348
-9.777404906060806
0.189686158389195
-7.435660052399437
11.813316344206983
7.491747806399850
-0.147611103667594
3.475015168562380
0.865687999780771
-2.290408271145657
3.216170413446038
-0.903070194699410
-1.052462634743000
0.957675959795099
-1.892526395022242
0.413055827637891
-0.671362072961074
6.247787355902497
-0.943404396259923
-2.520080275558788
0.567183967682288
-5.388929398413267
-2.644217903180189
-0.817402434378875
0.040845313379706
-1.166023150338029
-0.349191826984086
1.035590887442071
1.180343436304054
3.960409017417447
-2.476907343495568
1.136087797175768
0.807409137840047
2.240570983267959
-8.562562785339827
2.071943976022414
0.104740501763940
10.753224553719146
-2.874084619310707
-1.226689795246425
1.958464634494486
-5.322617673004818
0.744047865562934
0.140125649033696
-0.855575108871696
-4.215378289463107
4.284742919584233
0.661201820934901
-0.847371715201587
0.628006572198222
3.465516743895781
0.210578809745812
-0.136401453984811
-0.025433921597216
-0.329261875529036
0.530914202806677
0.181260274818834
0.178366656450991
0.716787538145189
0.811725124343429
-0.290733544943279
-0.316094225436228
0.291624052959468

-10.521491194538759
1.399137923279892
-3.586289496891022
1.823102613523302
-3.467225698295358
-5.011116903354183
-0.000917975368139
1.495291117793140
-2.604745720604757
-0.255118617733583
1.657957957045884
-2.127571436260197
-4.256018152567896
2.775193266430311
-5.150975964219760
3.707248125988445
4.873379530968859
4.715005011432136
-2.141293757107647
-7.211781140056656
0.537260150262423
0.070398255529448
-2.472611232994873
3.274724530939421
-0.323603409282781
0.111452486476652
1.322782120129342
-1.027654704244388
1.561194605041121
17.210715361372845
-5.174947917713979
-0.601077641546931
-19.791142757951782
1.627136995989412
2.227543359791041
0.255925834237387
0.064948033856979
-5.733979425988482
-0.019570609430378
6.318643258314492
-3.299623006110006
-4.826137739599871
-1.776458644152173
-5.499393100657757
10.680524912483648
2.810531863549779
-0.959124851478646
-3.766286622219485
1.442533841692433
-11.996654776824508
-3.938188097208028
-1.552264463773740
14.317687145634075
8.276545595241842
-3.654230772482902
2.147419872753129
-4.699932017331934
3.954539990801985
-1.069978179645821
-5.180918350871878
2.024932045780128
-0.508808321933544
-1.940196096192523
-0.180908918405728
-1.475499247746541
0.674956085571706
-3.578221960925945
3.693753409410949
-12.878168021712108
-2.105182208573313
2.131854395836559
2.612668050821517
8.034372086538152
-4.881565050084947
-9.589016039587667
-4.069766639257682
1.715742191554578
2.694731853164733
-1.526712803299483
2.577188914471494
-1.222799091766394
-0.138286483104625
-2.529639017629291
-1.278603232213482
1.203356347569422
5.646100556905203
3.182199078196923
0.771873029474959
0.593765233419950
-2.222630239852564
-0.857271189006209
0.364454953014050
1.471876019609446
11.380089159951021
-16.389234739347661
-0.257122154552370
3.825905054416235
-1.570890219054350
-0.729571910092900
3.041055835274079
2.379192885217591
4.219853862765102
1.622335390299938
5.257054347871574
11.094901334766128
3.655042726431147
6.551640334265406
4.200641973445645
3.475280065337221
0.847112404071981
2.025664763819926

0.001142320765358
0.035667273970657
-0.003102608846767
0.010777443011660
-0.007821319945575
0.164361326288342
-0.047947697998401
0.027311228497576
-0.264579307950448
-0.659228199250297
-0.074998497061681
0.677050335730279
0.083234664379677
0.356278190204114
-0.190318251424103
-0.061166117613654
0.320536167058819
-0.443055312224545
-0.539703879100030
0.959995399229587
-0.726024945565935
-1.012996101423719
0.212871634831222
-0.153883049684170
0.444389856601759
0.154865580493767
-0.696121634273497
-0.388302296250345
-0.379439100068608
1.168542369249194
0.234602927457755
0.031796339786618
-0.802922988757740
-0.155302352264549
0.586032776584449
-0.005573965622493
0.656790974907522
0.016396566006876
-0.034524650066835
0.230935615676740
-0.045642247595320
-0.156006826524221
-0.023792070829029
0.330897505782474
-0.281951138546771
0.156845051554498
-0.094868160067819
0.008623006901245
-0.004450230598144
-0.400503245046533
0.017585430066466
-0.063239945924480
0.412666173359236
-0.023612048464141
0.039440953240913
-0.018121406292125
-0.003348893808126
-0.042210211289488
0.065126427994096
0.011997901583553
0.014611311344579
-0.005485875620462
-0.000342153066894
-0.016485764564673
0.031540841081328
0.005156927802479
-0.018267936307270
0.096513857264115
-0.006475246381466
-0.022520730180398
0.028979707879463
-0.010751138079251
0.008789480564457
-0.011402171807704
0.009151547070688
-0.042112543061227
0.044614984349365
0.065944913230139
0.116351701419139
-0.025179867907683
-0.002055772644212
0.038456597821525
0.296793814900002
-0.025835005253966
0.114837224647881
-0.471963162481482
0.079953473199961
-0.064170706569355
0.006932499816706
0.420412216576009
0.252691507832023
-0.570897832088304
0.117757600399208
1.537753965025609
-3.987256477263401
-0.440371201757998
1.296835394173328
0.913194991622749
-0.413211920368070
0.687707352369385
-0.053862283950587
0.004918097312542
-0.010212211369107
-0.017036748068443
-0.014171796613579
-0.008337843802818
-0.037024816169335
0.035114274947151
0.104822973866227
0.187304549419517
0.146286658223006


0.044391  0.055855
0.106027  0.093445
0.111384  0.064420
0.089573  0.085709
0.094139  0.111858
0.162128  0.076702
0.149360  0.080181
0.130184  0.105370
0.165424  0.127658
0.236611  0.085513
0.168579  0.137011
0.248385  0.108991
0.295131  0.062943
0.186025  0.134191
0.307619  0.089440
0.313216  0.107765
0.294027  0.134901
0.296899  0.183295
0.271766  0.173485
0.305042  0.158213
0.341411  0.171918
0.462089  0.186754
0.544006  0.176733
0.370631  0.353478
0.439972  0.281894
0.481776  0.406750
0.303220  0.357461
0.425620  0.351674
0.315558  0.303554
0.397461  0.324362
0.295519  0.327321
0.476935  0.456935
0.395183  0.330043
0.423034  0.393013
0.302050  0.309558
0.280879  0.365492
0.333366  0.359748
0.191568  0.395723
0.318577  0.460816
0.246868  0.371506
0.258965  0.388730
0.235112  0.387956
0.227503  0.456773
0.204265  0.387926
0.201786  0.389276
0.241439  0.434072
0.208755  0.443689
0.155908  0.451282
0.189413  0.503222
0.155411  0.432636
0.111747  0.475552
0.122273  0.485546
0.156960  0.432819
0.123260  0.470288
0.118067  0.528600
0.126623  0.553348
0.071218  0.532972
0.116572  0.520240
0.138291  0.481575
0.084627  0.485746
0.090845  0.492557
0.089761  0.590119
0.115700  0.609304
0.082992  0.786335
0.114239  0.910369
0.119452  0.843407
0.112880  0.873085
0.119963  0.739972
0.106287  0.766208
0.133882  0.834974
0.065280  0.803317
0.120505  0.815175
0.107849  0.775756
0.051299  0.692308
0.039419  0.741976
0.063283  0.794063
0.165998  0.835891
0.140030  0.794513
0.183921  0.793287
0.078915  0.727994
0.184657  0.657866
0.133176  0.657462
0.296652  0.578924
0.220013  0.611221
0.270552  0.685991
0.275719  0.588661
0.170650  0.623147
0.394120  0.557470
0.254285  0.521259
0.264557  0.615149
0.303452  0.699207
0.226596  0.730277
0.445899  0.654724
0.399757  0.677967
0.392766  0.678817
0.352070  0.587381
0.401684  0.645613
0.367297  0.618541
0.377072  0.586210
0.387142  0.739175
0.000000  0.000000
0.000000  0.182074
0.000000  0.364148
0.000000  0.546221
0.000000  0.728295
0.000000  0.910369
0.108801  0.000000
0.217603  0.000000
0.326404  0.000000
0.435205  0.000000
0.544006  0.000000

0.331148516037178
0.434148018062533
-0.080759706163648

0.681270036041087
0.431919773509347
-0.104212282936769

1.034010703814164
0.144290860688264
0.032240127220274

1.278541650640103
0.074423420305852
0.180412268401362

1.827477180150820
0.177842466410725
-0.191480209726336

2.222147604187149
0.008707039104852
-0.352253902704547

2.565741180525229
-0.136131771976390
-0.327347309494439

2.835910072853943
-0.130823200441836
0.011169706162415

-1.461761807597552
2.085695173918091
1.215235853043942

-0.034243170840684
0.027491561019124
0.033797558116923


