0.500000

0.600000

0.000000
0.000000

0.538494
0.404932

727.481771
0.513226

98
10

0.929869420570684
-0.629713854404129
0.147457319500031
-0.212402405307528
0.278522502820177
1.287536039911305
-0.922883529840864
2.420996868967850
0.456778446047994
-4.058369420569091
1.244385403930867
4.052491939266978
0.267321655310752
5.233966838241391
0.861081246009138
1.184539480691766
-0.906274697997390
-1.124459601750409
3.152849492865622
-0.045138544064185
0.818421712170260
0.825752679546906
-0.084140074943046
-4.925804592915377
0.499905898901345
-0.269803580300233
4.699703824541259
-0.313294071385814
1.153636361054408
-1.346779997211360
-0.574038243318295
0.214683916984600
-0.091637717323618
0.488196210202159
0.643036225694739
-0.092061944424586
0.460747900499529
-0.015202766484902
1.785745452645883
-1.142301584406071
0.300213125888589
0.783734303298809
2.118180232282896
-1.038803577219380
-0.779510281798238
0.458308979442197
-1.303036399796066
-0.427492214868329
0.676072335974163
-0.194151332254055
0.325039066523073
0.287941050818168
0.703558814865343
-1.239608805606222
-1.253244725552145
0.300251192305612
0.735673905291983
-0.727589475724205
1.348950660406776
-0.407847797181794
-0.829247060007371
-4.453084305680052
1.943268061021141
0.056615412835618
-1.614773043196142
-0.100068999616209
0.170347721386702
-0.059708412378587
0.002740796312060
0.445405553741380
-0.249799529582122
-1.125674399851986
1.174193962858019
0.635549534613548
0.762891262715101
0.969832622331849
-3.527211687712141
-5.169820079373066
-0.365447333203324
-2.132588636137169
-0.799215758763601
0.661830470706988
-0.292922756096377
-0.470007759169053
-0.790975709463512
-1.387468468775186
-0.559316207255421
-0.099876991273826
-0.330437880375481
0.489976071528439
0.038482646256627
-0.195885556963738
0.057423413207493
0.215904005029225
-0.066036785446557
-0.207993780488802
0.326578340357099
-0.143437999667572

2.227675159274872
-3.029038173049127
0.961345209566945
1.684886845529389
-0.457357455728141
0.112956270732856
1.344129999719203
8.958383234789871
4.092797710850519
-5.410103046547757
3.550493577374221
18.700294865136254
-0.149990357274861
8.198260872151840
0.219025365364800
23.647426855455056
-1.577787402384129
0.747981371937968
12.681443123005689
-0.816478632896414
-1.152987873409618
-4.744966258596354
-0.128750077187304
-2.531371681364018
-1.078934430007652
0.672959092420845
5.924102107125315
1.985092654641368
8.104958106824123
-5.760369070768986
-1.788752670054430
1.122059368963555
-1.153576775487317
-0.151848066370824
3.307053461036750
1.896545247845141
0.447591068087684
-0.148934097563873
8.472724983232094
0.076059128889358
3.135725324909928
3.967150137916954
10.703613192466138
-4.740185123058112
-0.820545537124949
4.395410008034247
-7.874229941628517
-0.357944149364566
1.752156101561092
-0.964276853229289
0.325405395254471
2.724541734051724
-1.286025995430788
-2.423072884968859
-1.303514160700951
2.865890946000910
-0.508024059510390
1.467818816297830
1.929155203647562
-0.919268217800604
-2.863216996161004
-5.615138693153901
4.206425451918107
0.446149017881178
-2.798057240555806
0.601734606841584
-1.343335203537542
-0.148537297291053
-0.179082391723180
1.990715236635483
-4.365830074156286
-10.642741638567959
3.572278707850328
1.044743072891919
-4.441034524735409
-0.438347290700879
-22.266208230025718
-21.504387686282605
-2.788688324683642
-5.206768461306869
-13.547591025497431
-17.900699230548859
1.387369342269462
2.398739428554384
3.834968894157893
-11.025829832264444
4.804914903436740
-0.151735746147580
-0.932713779498266
1.382197547404148
1.443634022579904
-0.733652218555245
0.095408789624580
1.111938716020239
-0.493057505119883
-0.324357089002465
0.421024820276403
-0.156011634683387

0.787778266438151
0.584840487240618
-4.773014652684252
0.697128488766293
-0.223960743176615
3.992928220035577
4.791881386491048
9.162028065891141
-3.307311253883705
-3.496305564765826
-3.454830347430654
58.847322146533010
3.619982249373791
1.317750756089491
3.139279529174365
45.098907467019202
5.389091409317588
-0.940104435352418
8.200721828846895
6.959237071892315
-6.954387738363457
10.778000050060694
1.334027656518918
1.105474952602443
-2.800554247184815
0.092687211728766
0.274303361860570
3.345031351869881
11.081718570375354
7.999230637212996
1.214941794490139
0.354073961824373
-1.702500522610708
-1.579644029743880
0.365468974363032
2.962571470044779
1.026401167729901
9.178768430193131
5.873601652731466
1.164388018802197
-1.613736680267093
-9.523147362246220
13.428673190716383
4.431642011301417
1.124992581341396
0.345992667506484
-6.117606359556779
-2.647898958574269
-7.848181011082466
-0.841023365235176
1.551977812259015
3.284699213884345
6.675977646725306
-0.497261325463100
1.131432885967908
2.839520261381805
-1.698726793026542
1.737386279582348
-2.508127352095669
1.179070613102500
0.775994002494587
-2.722044379621480
3.227813632668277
-0.430506421643489
-4.170874162365998
2.757366670128976
-1.869399182270497
-3.512069637398875
-0.912769323521185
-0.833378125751109
-1.530559323159324
-15.616907683836686
4.586747768334474
-4.748619903778152
-10.993333489346540
-7.420675119204427
-16.919737135929520
-65.166928314217031
-2.135983315415786
-10.922846615001150
-19.850588576028080
-44.481616371984934
4.304632071256517
0.367148459957410
7.688285565045296
-6.166427683670679
9.791675001837055
0.294946832562252
-0.052345509528575
1.686963621732105
0.433079992462401
-0.473964978788164
-0.208997947104083
0.289903725125133
-1.196714150934349
0.369551904414745
-0.154891439652937
-0.024539522891605

-0.591862462565941
1.418411496087872
-1.109224643981963
-1.056508334896918
0.269017674492840
0.987133386345867
2.659327092444310
4.897001754928764
7.410702516303553
-3.410183648298993
3.510750940326155
36.518618075156255
2.711437501495010
1.356279039326402
1.281522413787167
25.688950316157104
9.374979431125299
-3.036725253289571
3.687672558146845
4.228948626942061
0.100005491767433
-6.527018014142920
-2.490823509582063
0.420627989507553
3.603925174041012
-0.839018447250931
4.356344400030059
0.864135515827563
6.012729729472746
7.894220828120560
2.017701514644918
0.080323038309046
1.052018334479307
-1.749448111488035
-2.856959868416035
0.881330229833197
0.493509295511580
2.361845815196693
4.924086417088526
-0.574432093811229
0.659188917420897
-2.943820614696501
1.494078241867179
5.400116122150671
-0.625718571396845
-1.333916104941641
0.597380922048851
-0.129800354249714
-0.129856302367454
-0.019707264582445
-1.444034152237926
0.569746684757213
2.801730693766331
-0.399115720209355
4.315406357318020
1.887953974893843
-0.098231471293760
-1.656247857769190
-2.703991344797367
-1.088117307212512
-5.435172278928775
-4.636210877407265
0.758439956570338
-1.180897172366778
-2.530213415544008
1.287005515548092
-1.200931724540702
2.569778694514794
-8.260871355408970
2.862436405983405
-1.219680028938748
0.434817592570228
-5.786233369217029
-2.417162527139545
-4.522210111446276
-7.963418264012868
-8.501871532896509
-39.765042852320683
-1.560242416715945
-6.391303793630742
-7.224547740168037
-22.085261115995170
-1.385168668405021
2.121324877463160
1.420822168952052
0.016548928207123
-1.202165406391740
-0.005232689233866
0.460128084730264
-0.277652483646077
0.133132726941722
-0.118817953124507
-0.054936581925439
0.117133509448390
-0.944528595905600
0.174887358850189
0.296174504596192
0.042745578930235

-2.083643106387175
1.795302280049236
-2.103225736903697
-1.035732636677646
-0.075606303776858
1.284582880168395
7.001307739918416
1.380123411508075
-6.031541361670487
4.111155143390961
4.531123410963076
77.216878464374446
-2.276889783059287
-7.012502931371274
-1.943208848041879
9.019173572988105
17.280798240050597
-1.003936107995174
8.055922896119879
2.438470447274480
-4.422348885158128
3.149692249202087
-5.644214802923821
7.500420230167620
7.358845778302062
-1.845807195066342
-3.437163979229787
2.319804568629877
10.944217814484347
-0.995271450681152
0.956089519662916
-1.841562773765249
0.535668751081767
1.895449432616519
1.945345631696391
0.079008518612145
-1.238751138787970
1.692973801264422
0.535696670025042
-0.749645474907074
-0.513969629451407
2.111562678803387
6.350915801100453
-1.283104344162420
-3.185982618101164
1.608663540297366
1.051334447658261
6.298602033602757
8.109470596679422
-0.237833460752146
-2.801545273380577
-2.199736044816741
-3.393099384927869
-0.429898497218273
-0.758284021486380
-2.121786949630654
0.902104053689996
-3.033936140339743
0.026073795366724
-1.277413878141010
-1.507840498929885
3.865637850416174
3.372504968426191
-0.704098380322228
-2.989506750709306
0.651871212006909
-0.831492635164517
1.778434408823159
-0.811760008894305
0.022083436118706
-0.057335178331204
-5.085959197577517
-0.836969856456895
-2.790048342686133
-5.005497555129717
-22.847497264657353
-15.690829236313057
-80.832064183981885
-1.004875767951108
0.934282319917003
-13.885419881502290
-4.484644259475088
-0.214900272343530
5.470432241645472
7.573245012370579
1.980027472589117
0.179067730461725
0.241095525663496
0.745286847589383
-2.396348411542090
0.980400599671315
-0.323142423914466
-0.060207529875719
-0.289209515264887
0.271669930429011
-0.929772315150201
1.532425188172908
-0.528180927319970

-3.193695480557191
3.076462174073614
-0.720046304473102
-0.829463543271164
-1.298612492030628
0.360810598786372
6.994170555212493
-9.083086137150337
-0.255169982580095
-0.742063838731232
5.814159060244489
123.454157142340220
0.810417928131045
1.303206431176334
2.484175064427545
10.925121831020469
18.954285704057966
3.196814860261270
8.826522793958196
-2.670192447126771
-1.218451288854572
-1.607351505198329
0.792597596018930
-1.980321572988796
0.359714873184767
0.401075585225076
1.836782191533170
-0.092451399472629
6.748886098969424
3.953294995494531
0.022796968507483
-0.604081721948893
0.711241812236222
0.976103946526867
-0.282789105622779
0.117242390623458
-1.801270793283865
1.645374072426472
4.109610293879908
2.414208199253174
-1.122112239830981
4.986366127274202
-3.711501127094639
-5.460614004468082
-3.513864207741653
0.104665746283336
4.852423163382312
3.805467020974613
3.159692511513218
0.128732500022181
-1.381253365033741
-4.032750656393525
-0.469391874230599
3.099849188243730
3.306806953400367
0.948269737107016
1.237303410047021
-5.119206981040729
-1.265246593808744
-0.272378425014889
0.250105967010208
1.072935524535747
2.270800814542845
-0.569951121594982
-3.631374863407116
0.384148579018554
-0.830906785892330
1.499757869452285
-3.452467144973513
1.056761998319794
-0.394943095123982
3.244761354972877
-8.225703997533566
-0.268078734649780
-4.987565508751766
-14.222901785882604
-19.901924667935027
-131.583744142565710
-3.127098010401229
8.878644358390393
-13.967463001549158
-0.241044325934185
1.435267302509426
0.771382705823460
0.870178888230003
-3.087413475172627
5.322717034122253
0.637047948684979
1.173946969553652
-2.602972442868087
0.068404639150953
0.116847065291430
-0.088021024546536
-0.527389898620878
-1.331090629400235
0.808502674541493
-0.441576535306803
0.429977089534038

-0.731651909632765
1.354575454779291
0.528165205714711
-2.133336329619758
0.902676591777479
-2.020001381672584
5.569779721829973
2.780356545413800
-0.863454512503275
2.907074957221965
4.954593598275731
51.966125330993684
3.837707609619649
0.018140366962282
1.628653430714484
18.634614199898312
2.728094543010954
1.350286345223710
5.137143864892473
1.579649080235198
-4.680222894731290
-3.272834997243350
4.452763844794351
-1.759749506329836
-2.782976615096649
-0.526112671159519
-1.477673367432132
0.456399161471920
4.063474316240454
7.418696979325381
1.608540833614397
0.347341334274246
0.921978263520688
-1.648953845007682
-2.359349685242635
0.101434051350729
2.331250931946277
4.802845053179279
6.108361552833675
0.602745336016299
-1.400235787648602
-2.319155325664597
5.214050951537437
1.295189940461690
1.064666625816229
0.300369603227315
2.940112245296306
-0.007536344242612
0.226288444814177
0.404225519935074
-1.227261662287336
-2.800702820140319
-0.836787180070729
0.024219493629546
-0.395417687700585
1.060057573503622
0.990436628510915
-1.431849980364557
-5.541951752679062
-1.160166036349655
0.066422539150711
0.657769718866391
1.700413902271444
-0.363511247129118
-2.278324251982447
-0.352412732215948
0.176649260493297
4.722343354855533
-10.555813848515939
3.179217759171162
-1.990449432562177
-1.463118667847964
0.153623576514356
-6.748731408000185
-6.890457451463050
-2.863781697955619
-12.568649951262508
-56.596812088911406
-2.169848198683643
-6.540645144298619
-6.934779490171549
-12.510130795396462
-0.062745445291158
2.708578629836339
4.874777571333913
-1.081563616588077
3.275505447671376
-0.085638558467616
0.348899697455545
-0.543800961031908
-0.279223313786501
0.220371524954257
-0.071055978163676
0.477814453229674
-1.362550625375777
0.544057515108498
-0.053359440360892
0.025256143155110

-0.449302909465297
1.247383545947956
-0.108819405092802
-2.072063784162513
-1.186310525677943
2.099278019099766
1.993434426799295
0.318463053106219
-1.563557362217137
-2.664618845805889
-0.535836736185493
37.641013805754490
-1.925486690507328
-0.691929193806257
-0.944940824957083
4.584174323669754
5.502202782549139
-0.075239874645528
5.597111854865298
0.961609305408861
-0.326223415718068
4.619790681048969
5.629544017362896
1.071139137842237
-8.386786701769257
1.061346025573819
1.227363410351739
-0.995633892059750
2.806707262489283
1.369523349161331
-0.697434207112395
-0.097627553990030
0.450301771977529
-0.407689860771181
-1.702666190220548
0.622416913786876
2.377621275372043
-0.928373124409397
2.796693453813409
-1.232506768067269
0.441149166748999
1.192313037865877
-1.102623958574053
0.404092757653850
-1.416407366038518
2.224259542188824
0.732420693432354
0.944206143509199
3.641789673008360
0.075707671788659
-0.378710059180681
-2.283740891318666
-3.648392248615229
0.813618410509079
0.421060430626712
0.629805767523987
1.862923763400798
-2.016305445995448
0.548190617434442
-0.470197420213170
-1.228656395949241
-1.109698948993509
2.368270924477077
-0.301212731209140
-1.806415484580900
0.151168024466510
-0.404704735873949
1.083461478750171
-0.745525790570218
-1.153168854327955
-0.060532736630251
1.986197309970546
-2.203542947620344
0.851964837428596
-3.957537152402646
-4.437137099325674
-9.090979997346560
-38.515886279162658
0.546938710881989
1.503085556054847
-6.445684170414567
-1.418245204472364
-1.498040643172471
2.126259505872255
-0.142234465989905
-2.503915045516145
7.106720762905415
0.339203688690153
0.119562614272403
-0.489261545840257
0.000073426250848
0.090924016893974
-0.087408730052788
-0.684133892770269
0.599594662135994
-0.175952016994440
-0.323483053132067
0.310701562964291

-6.646847169853492
-13.680636802591550
0.861816273452426
-2.954219014432905
-11.334375199115268
5.964277609330028
0.936670638144064
23.389385877091378
-40.042827180395520
13.788684777938002
-1.947609384425933
47.532135448609061
-3.542845892468125
-15.917998632934985
0.506591603795629
11.249873749790728
-2.635252094624978
2.333299101716825
-9.198228207900014
-3.107938962596737
8.558438237176061
50.482465553222085
10.828661043141979
-5.516848876558488
-6.992179632660947
-3.593941354594291
19.929810393361802
-3.859856210617027
6.396114919995891
15.452205300963639
-4.531738657957970
4.937420550997277
0.851686318435935
-3.170007412700370
-25.395190414714552
-0.869407190899903
12.621542618539070
-17.087816805822676
-19.763789014268614
-1.076061425124537
-0.529077572355351
24.162303689551944
19.153139464841690
0.176813216975099
0.629220097608900
-3.895935327538258
-11.188100093304625
-2.641367706557935
-9.158723638027585
-9.585719237911718
-6.508286779343099
5.462285469588651
9.076744528073231
0.745218514248141
0.822993956253133
8.409959414055948
2.825827961205582
-12.112584391850774
-6.765387340760646
4.315576952085034
4.604072468569635
-19.294959900771190
-5.620312344969734
0.052776112246363
3.321986032215385
1.537862689541742
-0.135434157314922
9.667512709296979
-13.821052483729879
0.141567945239268
-6.624254825718060
-3.919371338922978
7.280839849329522
0.730084527280428
-3.292299255553514
0.509340496215434
17.784595972241274
-52.346037601884191
-4.923951415227780
-12.878702001395949
3.364785273570492
-26.714521850356554
0.386614856711085
1.098697237050277
-15.055766575044334
21.647827127360973
-10.642177639617994
-1.715068217712422
13.791729276195197
7.744828443145699
6.404470630063552
7.273463976005896
4.206479574855789
8.989071703477812
5.941157866125532
1.390967940953603
0.598946297574027
1.363864939573062

0.003455763284421
-0.005412610902169
-0.001437057621791
-0.000491428289831
0.000601357662742
0.003135111527972
0.022136236817680
0.051385460013591
0.006240916047704
-0.000470172228794
0.017689098812073
0.303023820830165
0.011617997625223
-0.001011653336038
0.005168406565849
0.323428021123565
0.049047017648919
0.025491105536296
0.065201912565681
0.006377326709802
0.010693462930763
-0.016896021221720
-0.001136554483546
0.007738308729080
0.014281835106799
0.004100364421475
0.056695226100992
0.020128852519128
0.120735260023101
-0.077105267819001
-0.004488154245957
0.001177392042606
0.026022974019662
-0.000093618143308
0.042466978862381
0.003832514648472
0.009666825103577
0.018149290891704
0.030774588658652
0.021302656146538
0.029440139667645
0.005671988020925
0.043278270033574
0.004938455153025
0.001257574004530
0.003668844133103
-0.007025582994733
0.001920459614605
-0.002854174431123
-0.002814649349945
-0.001950495925857
0.001911794280162
0.002557520542125
-0.003740612643346
0.001354154254982
0.022054628128419
0.008917832286575
-0.015244579412329
-0.043498752796911
0.009029226145107
-0.024156872737616
-0.047212910683611
0.019643203438862
-0.001712005608811
-0.056882965052720
-0.004553813526223
-0.011153608876649
0.003575243073266
0.020672707006535
0.007436322704225
-0.018365234198476
-0.025968304407814
-0.006544393922312
-0.033565401480974
-0.044531684478244
-0.049693406998586
-0.091677334931453
-0.324289836949842
-0.022652917043849
-0.042902820109973
-0.215760597710614
-0.338538644065886
0.006258690542284
0.013059650669873
-0.009482295926604
-0.004888606528394
0.061247314964546
-0.001926074364253
0.001696413014188
0.000609798050184
0.000535263839834
0.001210769175301
0.003670729015690
0.001540407311367
0.004974997987936
-0.000728456087796
-0.001114221311434
0.000075311057759


0.031501  0.118806
0.026364  0.075649
0.075166  0.064571
0.064532  0.078761
0.100950  0.052787
0.084113  0.078941
0.080741  0.096424
0.205152  0.085081
0.124585  0.087361
0.128900  0.080125
0.129471  0.108254
0.114878  0.100675
0.226261  0.063164
0.141056  0.086542
0.157880  0.072700
0.180197  0.099284
0.106400  0.140397
0.193338  0.106799
0.170172  0.082143
0.215934  0.110044
0.278521  0.138539
0.126755  0.093342
0.305840  0.136612
0.153606  0.085905
0.322445  0.133290
0.413789  0.139659
0.367611  0.196757
0.326163  0.166865
0.367187  0.123545
0.283721  0.241795
0.431246  0.197447
0.246966  0.278640
0.435345  0.323780
0.216758  0.310768
0.291511  0.222632
0.190515  0.356127
0.306543  0.200996
0.177143  0.263296
0.249374  0.174904
0.161478  0.291680
0.259256  0.211959
0.189740  0.263670
0.137409  0.259823
0.196040  0.278586
0.073781  0.251267
0.054430  0.224314
0.049120  0.205142
0.056299  0.159176
0.066364  0.258150
0.040953  0.350829
0.056117  0.271906
0.063411  0.208014
0.061838  0.247353
0.105260  0.245158
0.135660  0.169856
0.193865  0.189665
0.137469  0.212619
0.150032  0.244319
0.159910  0.273607
0.422697  0.245448
0.236404  0.199875
0.359818  0.200012
0.415966  0.275808
0.538494  0.208282
0.404519  0.281394
0.373739  0.404932
0.285031  0.402292
0.277220  0.281416
0.286468  0.272473
0.309405  0.280576
0.176289  0.205010
0.143884  0.262516
0.118669  0.154395
0.278299  0.176966
0.208459  0.162427
0.097817  0.132162
0.171628  0.093369
0.113103  0.102054
0.178693  0.043235
0.212665  0.081057
0.353449  0.130242
0.181936  0.097180
0.228229  0.147657
0.193235  0.171230
0.268715  0.147808
0.262482  0.172476
0.331405  0.129858
0.000000  0.000000
0.000000  0.080986
0.000000  0.161973
0.000000  0.242959
0.000000  0.323945
0.000000  0.404932
0.107699  0.000000
0.215398  0.000000
0.323097  0.000000
0.430795  0.000000
0.538494  0.000000

0.170950888591105
-0.077673208741528
-0.003878638878254

0.544525867872395
-0.397000734375593
-0.111612846441075

0.889325314451506
-0.059542804287856
0.077487570116698

1.211618455566572
0.131431744937688
0.172605044830274

1.570576051575148
0.099011654665349
-0.003077754725339

1.867242694243007
0.242640893607066
0.076751163655738

2.303208233783820
0.247390510290583
0.057859849756135

2.675593685451288
0.092549317662581
-0.030303166706657

-1.390671199298318
2.064064562975442
2.035293871072870

-0.000588831941612
0.001310326648728
0.002811034055569


