0.050000

0.600000

0.000000
0.000000

0.579408
0.911869

680.781697
0.854148

89
10

-1.103414407865771
-1.745989701062981
1.952288255266053
1.600776639208008
0.596052907922252
-1.180060132469472
3.297885818547786
1.103056484344336
-1.962009906510608
-0.330879020562988
-1.052755978427901
-1.720380610331266
2.649643600281072
-0.318251400815197
-1.683531196612454
2.276243624428116
1.679580344849017
-0.162041927002661
-0.176206276414947
0.237316147733052
-1.271126340496824
-0.411191123962900
-0.713317031112153
1.062028176338080
-1.052475409149456
0.549136176182908
2.014710607040451
-2.004361511359846
1.282351762946414
0.297408780672692
-3.374965189714994
2.191044211669889
-1.488457674623767
2.077402512657512
0.344030986283401
0.233034923823246
0.555644530032511
2.250670275599030
-2.800900066284160
-2.001435934670740
0.023579329363369
-1.771607987167099
2.104180912610227
-1.742101506852341
-0.566405121484683
1.990964322244204
0.996214221879061
-2.586081445731830
1.203497379116417
0.025174836048996
-9.266208800646149
0.422738760068533
3.810697504918387
-0.146912958368205
1.881186492596770
0.272788481417271
0.063049309529332
2.741358156973653
-0.238081057292845
-0.585300367686248
-2.729457346336166
0.594095940245908
-0.150157356307021
-0.814715571109992
-0.798974528990607
4.305005921340417
-2.044709251593396
1.284573267798681
0.654175151720818
-0.020808834261971
0.157586166623151
-0.201323596610167
-1.588442902185743
1.635526185055856
-0.189406459479116
1.142111871419661
0.750776290252065
-0.607867990239376
-0.113776497363526
-0.205450644168883
-0.799931188080555
-0.109717816185641
-0.140269895342289
-0.354171645437739
0.024869219289955
-0.089374875683952
-0.184943828242034
-0.107057348342840
0.372551178724270

0.980555078366029
0.976517016970503
-0.783105911152528
1.191443674408438
-4.510727992566467
2.226934566830685
2.771430795993207
-1.791832981974588
-1.659918479646441
0.598090976901903
1.189248542987617
-1.584549572015418
1.041211847365630
0.001124244880219
-0.576049291814676
-0.788936015306849
-4.323991326072810
-0.321132679729467
0.158096765608634
0.033910356984656
0.192143736777696
-1.428670243480955
-1.104340789514076
2.374138607679994
1.045857649006452
-1.344824260083643
0.364115711244892
1.003462430851984
-0.101859972314599
-0.124890070330801
-0.161600356556916
-0.518762630191226
0.091564984915616
-0.595546722254042
-0.614069092040692
7.497791628084659
0.817831817860699
-0.762902215170028
-2.180749463522897
-5.767720202172497
5.847982623297427
-0.441430925075880
2.804305985531721
-4.646571222932929
2.179910256329291
0.285753146188090
0.996678075660573
-0.324215217819684
1.633213767112419
0.125271852007563
-6.562923888975513
0.029819633549881
7.806404319880625
-9.108282572849500
0.310735681957493
0.246825078942753
-0.141244458961701
2.202244028061793
0.638580643824842
-1.481372906168000
-1.752170859568004
1.530685457680229
-1.174850817616035
-1.715051968001836
-0.056307991252262
-0.685616408980380
2.449676170944608
7.326173689221577
-0.741641606308383
1.792552454602733
-2.140519380573572
0.691489598408056
0.126406911272102
1.808908738258960
-1.237057805183421
0.871905951616223
0.014752848088530
-0.803144826292604
0.052819780180223
-0.655874772421471
-0.610020654470500
-0.378602261205222
0.221944384284764
-0.747972101121221
0.113493703022269
-0.345560183875105
-0.106865951648482
-0.077663550831227
0.317137376340428

-1.616809457586890
0.741148716260314
-1.098215829574863
-2.027426286935843
0.204265549882957
1.587766252478647
4.527298295162344
-4.189180667532826
-3.049741065627483
2.517778079699808
6.620417236149389
-3.074214977822901
1.958611660232934
-0.037969867139602
1.670926109652833
-7.666048112655923
-7.027112728625501
3.015320238705136
0.358816982791329
-1.390621272786557
3.667151429930746
0.429770223577459
-0.217665676078424
-0.111951305197247
2.158621730156523
0.806150708254076
0.675315960974606
-0.775368392901710
1.590642343427307
0.107590230064016
1.540003070818739
-3.317962578265708
-4.844446823065657
-1.512959344900270
-3.773111349614227
-7.358550473481232
1.181221284122179
4.038413289107307
-0.081300824206687
6.859269274552332
8.268088109428845
1.066243903294011
2.058847345618283
-2.807503336460049
0.878444275290347
-1.347196902926795
0.603639431523179
-2.010539319013169
1.330722003655921
0.260712228393819
-5.166197936370707
0.918409515465152
5.538957776526338
-9.705953215421667
0.604131976721404
0.373144422492948
0.254145401989057
3.768890259603915
-1.363446471908440
0.320992855848664
-4.386509923675879
-0.040580335813285
-0.239144254776010
0.153460111960435
0.567380729131466
2.652541949506218
0.165231836044695
6.767874606818451
-1.142352464036018
1.436555274259128
-1.738552758673152
0.450531627440922
-1.145951696297713
0.766613183803381
0.174432808102049
-0.248143031120034
0.380528243926039
-0.201368352672492
0.123707274803054
-0.782978987243221
-0.182605190149614
-0.012226900967047
-0.088722163978905
-0.619529664487699
0.185021400519723
-0.385351020932760
0.181836776483587
0.475904431642929
-0.197977381126982

-0.828674884664154
-0.744905248303182
0.084952113615527
0.803479810206582
-0.773109770921415
1.477040641785025
2.608173316117470
-3.729587070181331
-2.742949180614173
2.594063460382536
0.911140155206754
-1.316057773002133
1.784684421954699
3.665283855698626
-2.116689762282875
-7.200697922884029
-3.454403019572252
5.161129072407855
-0.096557540562905
-3.170657578386649
4.080879175026444
-1.055016436933095
-0.159455134279997
0.346657980140035
-3.715178114187347
2.967127652577037
-0.120812332567151
0.797314669729120
-0.555214345868957
0.175237609272245
3.290589078735663
1.138610340684913
4.713920984464558
-0.982596149224518
-3.017362126579823
5.051212128247339
-1.044058613716603
-2.651179882854166
-0.537511792047840
-8.340326440661325
3.342969252325851
-0.719181678296703
-1.525247670740052
0.728530216161524
-1.810267993237149
3.022912441163189
1.483936862224528
3.399641310830431
-0.966986779761137
0.097395821431953
-4.976419790281229
2.675443711996900
4.549246741741213
-7.412905619267699
-1.277061954603511
-0.474946018093168
0.261702227290474
-0.388132506003929
-1.729003517429013
2.450392255829074
-0.488251919298839
0.442123265573763
-0.963322516565780
-1.914309474320516
0.748165802029673
5.899897366146661
-7.378665573116937
4.330809400534474
-1.031107669074340
0.712887591889525
3.075574166813008
1.406800283707083
0.185665644594296
3.514675895048682
-1.456172775112508
-0.439962593885343
-0.057079644630474
-0.256624226183121
-0.155920889784994
-0.074153334236544
-0.084455084798737
0.523586676027809
-0.614842271580347
-0.406575982244745
0.064918270793452
0.476652022382844
-0.448369579852477
0.672275081034423
-0.314730594092934

-2.808306876586094
1.773377672610533
-2.056408581032561
3.845601070374999
0.152634240501648
0.604829893590993
7.254114046781610
-3.994439187161746
-4.931250946153678
6.241562362315725
-0.550941201067893
-1.751500169293071
4.100551431022188
1.878088345610913
-3.036708713284337
-10.486029238362834
5.384409124657205
8.385156067888065
-0.846828076474599
-1.986832175230506
3.976677993322113
-2.117031599107098
-1.513499997035168
2.403172118642084
-3.119662070082765
-5.210410386874160
2.659843163100518
-4.116977158631979
1.596710538565889
-0.070281795917722
1.920823931140196
1.726849498417860
0.018751516253660
1.048962853048786
-3.641948187724405
6.773576692196004
-1.000888793438453
1.577280040304994
-1.447850087225759
-3.223449173239707
-3.438341439200964
-4.090729963034137
1.255243687839916
-6.231931002553800
0.527963698144009
3.695410319890565
3.706836730549678
-2.348372196868453
0.150197517656119
0.849794978891359
-4.413637847248999
-0.524830818310420
0.873650943850558
-1.136774214898002
0.826009952823981
-0.517991260744429
0.367785699961558
1.040265817583124
0.311758028625504
-1.088278111910712
-1.180620181326547
-1.083806560740155
1.247451820522676
-1.308917124162133
-0.274831300161284
7.044608586198416
-1.868077833545775
0.154505256463378
-0.497004688200717
0.825800346131295
0.042680180766566
0.565313754425280
-0.663692394051658
-0.818028885285422
0.741972052666276
-0.000455222172795
0.817695726832048
1.141074895489971
0.313314023676221
-0.443674054977769
0.718820923583835
-0.688604697785706
0.133952886687825
-0.122165066860190
-0.134749884969521
0.155749779927106
-0.269284954590519
-0.071314490718239
0.296528442971151

-3.282133676891228
-0.173544431063590
0.499682519565312
-1.721154454498156
1.995610829184236
4.699120538241602
7.081448635571763
-6.077778470729584
-5.800488386623053
1.617503044242480
2.830864055149982
-0.831141769608976
-0.335622325983832
4.777060368078055
-3.578506341158621
-11.780780389395105
-2.695570721257881
13.401215844123076
-0.293850703346340
-4.790787724848951
-5.523420252290055
-1.964486077968328
-0.745615918832291
1.606723711792283
-2.147007163559756
-2.985571827915407
0.652467995904519
-1.886660290491401
0.563238104663449
-0.253144178466783
-0.508435409608988
1.925816408930635
0.729671802066420
3.007478119988436
5.246964219012319
8.804626235661342
-1.195432173486815
1.871183485075028
1.441153159378734
-7.173332767944591
3.566176926129859
0.524972663915847
1.148901506616185
-1.413890201470184
-1.314470014705084
-1.902241298847152
0.920402349442974
-0.584078249430754
-0.208331908407101
0.964838081502398
0.848089808021283
-1.323819129057316
8.405585673803902
-10.579641787686631
0.542788377282231
0.475348918201978
0.045282281966441
1.394581186431675
-0.866415301796977
0.642086766706359
-1.086186292869608
-0.491271891637045
0.300666697983130
-3.665875673018241
-0.451931504920556
-2.591831797895869
-5.557154562630428
4.162910140170161
-2.076252282531362
2.561054959987557
6.252738564136685
1.385702249854053
1.157435242100436
0.902658511706916
-0.341343991874656
0.743970456030510
-0.814741103022892
0.680119159777511
0.237269250119837
-0.359686694008274
1.148916460342737
-0.886299117749576
0.260535561876049
-0.255249707308754
-0.655755080164330
1.594141170194702
-0.555439760786159
-0.223207567866005
0.330578294671076

-0.343363683671967
4.130774432150976
-2.791182472622905
-3.409678002337365
1.492811255227606
1.686659647814934
-3.640570233437451
-0.742678173169825
3.419132339941014
-2.698900259024620
-1.135439645345060
1.315094577712503
-0.910051544224401
3.167064413176786
3.560173446676406
5.063630418944465
-9.671001817968739
-9.478507764615351
0.682219926128235
-4.281585594797281
-11.124642708938655
-0.651419395145706
-0.631578862249647
0.467762422228730
-3.564381618170148
-1.943715138485670
2.422612203934527
-2.523451810129489
1.535206919886656
0.099810276416918
-0.711956554637445
3.357813640762905
-1.504793481004529
2.570711860665958
10.263178339943856
20.758985589476140
-0.541286675962499
3.099423444787052
0.991628794551315
-17.152129051207424
9.822673172010198
1.621656251949855
0.516009531438572
-0.873453957548460
0.073037612052957
-2.574169053621302
-0.745502614840646
2.170850530624817
-1.151476075045201
1.347994049370355
8.813037991971827
0.941139577849278
0.140748872783698
-8.210079282115391
-5.021653620920721
-1.383912368155448
1.194648457826972
-2.710970593339801
-1.892645154984553
2.918086708807897
1.781395244345612
-0.636649364955588
-1.110585530684689
-1.578636393518094
-5.082630073879234
-4.946020294165702
-0.345853216921655
4.936346939552376
-1.904608530472241
1.472746268980655
0.832420805984185
2.078601357533572
1.314025311345198
1.161473445776234
0.743817593159158
2.990612350870838
1.802033721657679
0.038190386736784
0.290866819260139
-0.265169448933215
1.300351302047521
-0.480512452787130
-0.002859501163506
-0.151191368191543
-0.289683604121070
0.671857507405052
-0.289414769019999
-0.172663122859136
0.213337674080190

-3.033586493325462
3.681374170313493
-2.916095186170059
2.037964964608642
3.202370993296106
-1.937641232461669
0.086114302733528
7.463242979065126
3.307259897771841
-3.320496144570832
-6.629732182976677
1.645409875660718
3.867033329426995
3.741351524527842
-2.491912094402817
6.357586623807245
-6.660904927101966
-8.032627110146494
0.546681452197027
-2.940261105012108
-8.921086413402799
0.545215377614177
-0.055183290247469
-0.262357775788062
0.699376442796264
2.914213672848219
2.083667283042991
-1.612983130305959
1.102173910221895
0.119662134404907
-1.134107948961449
-0.196288598359572
2.377725603156674
1.836578762103643
8.726972436590911
-5.937481291273052
-3.003559654324396
-0.418880293003477
0.148520469474404
6.440900978611304
6.567646336526146
3.101722819504871
0.820881285996191
7.235224247578412
-4.520270017288154
-5.791277576118966
-2.608213612274348
-7.638428042973268
-0.757406757425037
0.940119570472104
9.474203174258101
-0.687589876459671
-3.374372450529029
-1.854459503973463
-3.230573527266918
-0.700918251359207
0.360815401985803
-2.313226353272091
0.748960208865762
-1.466991800764023
2.904983488299336
-1.071308840480313
-0.507622998770901
-0.598371708311338
-0.415572060691855
-4.602083508208305
4.446115469966221
0.789045265897791
-0.106879215608536
-0.140397659928537
-1.921458417846228
0.698650108157131
1.828721471100144
-0.763196788374556
0.923460576868811
-2.435854486771701
1.619347762574766
0.500979914127180
0.496487988915841
0.145172976446623
1.057450488719720
-0.570866649150830
0.274880910340099
0.234169905467109
-0.555117023023519
0.597373719035673
-0.375528108809524
-0.498940358031024
0.314300192040144

-5.856031144848365
0.777267378148430
-10.033986141933477
1.712743255340559
5.592913738039744
-0.871205310313856
2.722310031405184
4.877377231525863
0.271352273518008
0.302347397052518
-5.923778114402276
-5.586137712315498
2.307529113256539
-1.471712077027186
-0.585277665925493
5.897695902833028
10.311997725272320
-2.774691332991046
-3.263464444037492
-1.572437292334421
4.374578949755094
-1.098897072004085
-0.581741958438596
-0.132937443923128
3.900536924806331
-2.311412694413515
-2.795310518208062
2.229081387044871
-0.917243485590084
1.526284721052336
1.011996023279128
-2.691471125972943
7.131256776362956
-4.478907821417682
-4.793961146338776
0.467543918005001
2.608869364905127
-7.849777274307400
1.669374470134506
0.584005288113885
-8.997725259595669
0.763283260553891
0.608457926747848
0.568012546868431
-0.683181794199656
0.196655570392979
0.403322899419119
-1.000163166841125
-4.232639087839146
-4.923877078083617
3.731321142919566
-5.214636858416088
1.989873752555701
5.033747465711888
1.543704276644486
-0.608792920881909
0.896137489397266
2.716489101198736
2.542737271124091
-2.898596396693610
-2.970667954797984
-0.277333601285870
0.479096319519405
2.198561381526685
0.133950718079722
-8.420222089591480
4.758164538584650
-10.684661888354068
-11.177734441993717
-3.712039438121118
-1.128736890898136
0.314291548670510
-0.361002790154082
-0.603971510191181
0.440959174316670
0.090521721119507
1.466480257188983
0.917906820200073
-1.488285946192360
9.215179582147533
3.433042755582851
1.948287288145228
6.553245254283966
12.888874667611367
2.206028991254648
2.092394551810848
1.903654020352299
1.017797201592914
1.645409513408730

0.073626764686375
0.015587274651604
0.024089382379466
0.031210556999914
-0.316734897784364
0.037380430861954
0.101557262539135
-0.324637787273446
-0.113671761779273
2.369840940319621
0.110634846681369
0.124017836445474
0.772004552190095
3.238470587474186
-1.816815625578029
-9.475740008630826
-9.035817079677795
8.578023285611586
-2.261540847898688
-3.126728386040914
-10.666512886535839
0.924135278807405
-1.748969064078856
-0.409204889413398
1.352953983775826
3.721847978589025
-0.325762832082888
0.911580627453878
-1.154334340815034
-1.569538629874034
2.123713177714018
-1.762257112878763
-0.034943299906783
-0.238981242046638
11.472604904751780
-1.936034966490883
0.955076105547425
-0.940186717790474
-3.222602954314112
0.898259248458640
6.942733032693144
0.422186230161993
1.074655296428487
0.085877977251627
-0.484876168375812
0.547963839150962
0.024904339225536
0.235785391266789
-0.026282795049370
0.002184165015564
-1.547100871081991
0.053884105183306
0.706585331817208
-0.032416736447913
0.325915072603761
0.039530827683033
0.262038615619450
0.304044314923508
1.154323740607105
-1.328953559401154
-0.663703976354816
-2.021508719861996
0.909507916323887
-0.013529030937135
1.129389718424633
0.559018355352040
-0.221228760310984
0.017873617102743
0.064785742501244
-0.054356856477625
0.069549835117501
0.223767900563349
0.428969959132669
0.092721950082976
0.198441480377333
-1.543825731674132
0.162683828957340
2.479603313123929
-0.394090233628798
-0.147886992710029
-0.148114624103817
-0.141354892725624
-0.140297078022550
-0.100757370428076
-0.197427756080841
0.212971854150286
1.028432430001540
0.659872892183392
1.431909331463866


0.119006  0.114727
0.064676  0.150736
0.044498  0.160562
0.107697  0.152921
0.122171  0.139340
0.138345  0.147815
0.154349  0.198376
0.126301  0.189160
0.169886  0.198323
0.193136  0.200333
0.121886  0.170432
0.165152  0.169887
0.168735  0.133435
0.248529  0.117316
0.221659  0.148005
0.217245  0.178040
0.259720  0.193782
0.224859  0.172141
0.346635  0.122084
0.268073  0.115789
0.317892  0.184771
0.507947  0.203118
0.579408  0.173141
0.546595  0.164598
0.399036  0.272568
0.269277  0.219882
0.281590  0.342187
0.358505  0.351818
0.395208  0.362470
0.528668  0.348157
0.418726  0.260947
0.423543  0.287750
0.304896  0.258119
0.404399  0.239980
0.306718  0.192609
0.279871  0.223190
0.330745  0.238999
0.300998  0.248083
0.212890  0.249967
0.279011  0.228178
0.249075  0.190927
0.244278  0.317294
0.185287  0.280541
0.190005  0.305895
0.202050  0.319269
0.229389  0.298869
0.165078  0.323201
0.126446  0.203443
0.062542  0.248964
0.122892  0.394710
0.111460  0.734268
0.079744  0.681173
0.099530  0.745968
0.078387  0.750786
0.120922  0.702983
0.167990  0.508175
0.198271  0.588399
0.271335  0.539146
0.274711  0.469978
0.299141  0.483390
0.266813  0.556676
0.421818  0.492814
0.342619  0.400929
0.155791  0.835181
0.295170  0.708961
0.125481  0.750536
0.142895  0.771049
0.064175  0.750081
0.036259  0.911869
0.051840  0.876542
0.146243  0.792824
0.153269  0.907415
0.190871  0.703472
0.170788  0.768938
0.211701  0.738256
0.253069  0.704957
0.299150  0.641145
0.433088  0.525101
0.000000  0.000000
0.000000  0.182374
0.000000  0.364748
0.000000  0.547121
0.000000  0.729495
0.000000  0.911869
0.115882  0.000000
0.231763  0.000000
0.347645  0.000000
0.463526  0.000000
0.579408  0.000000

0.345475572227336
0.472242530020083
-0.040029161681209

0.539120651152519
0.472669330521312
0.033965078019282

0.994675611539619
0.356104964099978
-0.019882380120929

1.330717990611003
0.288845818124270
-0.026785338711189

1.584616208476437
0.172189824626131
0.035504423327580

2.051137154079605
-0.057128545145780
-0.025348420897162

2.387329260707857
-0.063038869107372
0.093724517821690

2.666965987576793
-0.197833007257508
0.094742997638494

-1.404457163404999
2.091405715674154
1.347039068145243

-0.181563744011757
0.496042738933010
0.253418346801113


