0.100000

0.600000

0.000000
0.000000

0.439825
0.924561

821.809071
0.747555

89
10

-2.063691885950804
-5.093225643116617
-3.835892105196150
-4.799516868023518
-0.867447197565777
0.284284704749750
-1.057078817167736
-0.519706622618816
-0.870871286073265
0.105776397844286
-7.143975660082075
-2.055737154711948
2.153587589594635
1.335260337638786
-2.460642149632641
2.255807668572543
-3.145230554329324
-1.943035217914116
0.022689750574361
0.715384981193579
2.262181028137668
-0.426763406061448
2.908162957807492
-3.274062759025238
1.096741624704824
-2.568334233537142
-1.472124975630439
-0.340999969990068
3.076679392232065
-0.014748432321105
-3.328684426879694
2.391359901400472
0.758841991719598
2.187400339292895
-1.841631657922419
3.430692422834603
0.509663164008775
1.798380443741456
-2.585289667779339
3.005844346367907
-2.552074523301383
1.614693352150129
-0.400998312510604
-1.656805809384124
-3.470676338387885
-0.099154766784847
-0.187940694333474
-0.717865496676592
0.804005120227602
1.609174931167337
-1.810490529616426
-0.080981620686440
0.610839476389761
-0.977424590060093
-0.325561890511268
1.286198606812099
3.605935099198832
0.439451017624392
-1.820113049719765
1.849464847511861
-1.691651934068063
-0.799888648571918
0.504534794954421
0.118266050641393
-3.274304128347706
-0.836650096454913
3.907814206002076
-1.525072451247652
2.549759274575208
10.850182458387689
5.882531594390623
6.545456726308391
-2.371168271676816
3.061824883115691
-5.829351597755008
6.827214148209853
-0.335483553504469
0.246355906185054
-1.231829898086859
-0.328692231453864
0.444740191415329
0.069630177010824
-0.064654023435333
0.023910402853469
1.135396969426014
0.609931506527750
-1.047674296988239
0.193714104577332
0.055434495620071

2.615703354996848
-0.320491862185903
2.661128648407694
-4.901771313166989
0.456063201477058
5.194286265924245
-0.321345666539275
-0.909436232131846
-3.532683595605345
-0.800549274971909
-6.366903071426388
1.702231743964605
1.899183920475994
-1.219546159340657
-0.771006840366713
-2.514847145925685
-1.937215096176687
-1.811288903490803
0.318939767859773
1.213115096833437
1.017602059614605
-0.730343915646479
0.305012241714853
-0.813955421440521
1.151027061132762
-0.716681332801079
-3.035529069604257
1.701866721838141
-7.274188629036356
-4.276536849236760
3.149241221380548
3.105034466453232
-0.529254775923132
1.444217042078670
4.171226205447551
0.414437241539003
-3.957767426227502
-1.176952729559546
5.538221439962627
2.202099460810953
-1.622631492497237
-1.217777632778715
1.373890295893860
0.231925744324844
-1.563183573322280
1.448264638218779
-0.835367150073983
0.512733806579702
0.388075055765566
-1.763258190289872
1.255943302455168
1.791155024825631
0.895805442433625
-0.698519885385927
0.185312732567511
0.831122951429969
-0.482405160164240
2.587300701513239
-0.289984366019794
3.793872537841537
-3.423660162060078
0.024226397050182
-1.755170232171252
-0.312155442156521
-2.590659599234022
-1.108494105555796
2.939022141205591
-1.044756122409944
2.547739499334297
1.757712047899071
2.216559111658475
3.772770835504327
1.563537851417415
0.510729232366853
-3.694263407953389
0.460459601215578
0.755212890273815
-0.468433980933046
-0.168475205044429
-0.144529203448625
-0.114248273698226
-0.860037141852849
-0.212643034036141
-0.038775199921081
-0.354686522808175
0.912439455966903
-0.117460935492322
-0.417199290560120
0.200622187506330

-0.880425813661405
6.022424750375997
5.829004409622201
-4.760818261978379
2.213854220717721
0.861604166590953
-1.384492121978337
-0.350401007406973
2.276480007180115
3.683367308865781
2.923520814300085
5.684663118451619
0.559882483735233
-6.028026442113805
-1.651639653141804
-3.699804704430562
0.186424590252340
-1.150067084035673
0.736674644509715
0.214115847318498
-0.252385453809422
0.447969667860569
-0.789820823854446
-0.525977272704565
0.533128038566698
-1.377183959124641
0.348750815197405
-0.941769300247184
-6.977482734153157
-1.483737434755763
7.153392859866298
-0.727757636429015
-14.949707582843125
1.618399154212943
12.631800818442430
1.405626621984044
-0.810994018412757
2.653764463556457
1.146744129336856
-0.220524262657104
-1.898404294140009
1.824045242002127
0.403562662926450
-1.904569575070685
0.625578450845439
-0.382815696868712
1.891359831693380
-1.227802290280964
0.189572625508267
1.363837758843249
-3.731880330642543
1.362812921711293
0.241842449174792
-1.725627478126901
-0.961200486309106
2.385669680039031
-0.361966327241040
1.311861506497354
0.909114198765802
4.389687404647929
-4.847505606614939
-0.229835172840843
-0.340169008248908
0.336493352732549
-1.349916505698687
-1.416174152077096
2.065775326865436
2.045364192518302
-1.723042964651310
-2.776888297609961
-3.151266240558135
1.291264079475812
1.135452094026961
-3.378119885328100
3.075869302136509
-6.252958825527252
-0.138817580266472
-0.137869564377374
0.576587193434408
0.459518230438769
-0.325660214262248
0.030423551719261
0.525828591623927
-0.075596595187483
0.024651344514619
-0.325756545851047
0.321325003488355
-0.277872134040380
-0.014358572451531

-3.155621397387263
7.101206121953460
-4.850244829854190
-5.526131438655070
-0.674347754869815
2.253198424085017
3.740256450913505
3.834220059115676
-8.444180900154922
-2.755345229312572
1.624710774385843
-8.671694736107053
-2.486269270554745
2.252453733620141
3.887153395942530
6.547958009153259
3.948077485519435
1.151252633136760
-0.873497218840878
-1.494777389242141
1.291232327982222
-2.356404035281215
-2.069827698077250
-1.766063325145755
1.462343836987293
-0.047499164354737
2.348487439823691
-1.198406560122411
4.687901665847754
3.105832616081294
-3.313176359831923
-0.947800139428629
9.051143593483580
3.492171893838328
-8.594159272162969
3.417724782042294
-2.179509777279304
-1.356177077683911
-4.873262856464993
-1.126569199596276
5.101174537221910
-2.312576239767392
-4.635208410023056
0.349962747423649
-0.507614681656798
-1.643537451735980
0.577844798182236
0.091498017203113
-2.151264009017487
0.739794713039569
2.538059240252284
-1.908512099016156
-0.028021159775918
-1.749853432780693
-0.752783230586197
1.976589340981327
-0.565501601630473
-0.263008180480389
1.069336126047138
0.826479479381536
-1.001852629993343
-0.709323930955060
0.923786127596010
0.247762976971528
0.634917835898491
-0.238187086445770
-0.072579452997878
3.000898207307385
0.554755976468930
-0.591684587280695
0.331369754904844
-1.357419777095110
-1.011312825047702
0.470065590795655
2.761153259172143
1.889101007288180
0.958837034236712
-0.014243774774842
0.426183244989334
0.057215232016816
-0.136311975112704
0.207904253542495
0.347539964815973
0.180033673227077
-0.570544940347226
0.270870660369616
-0.333241458326278
-0.247581366068343
-0.167329132008726

0.763372890594356
-2.480038008922065
-6.668374117606851
-2.764775689288670
-0.753118424161015
2.078938919706690
-2.054210130099192
1.203773449673774
-7.203075965097396
-8.365502070961803
4.082438490716604
-1.278422448046558
-0.615264098665181
9.493505286216154
-5.096135045870223
6.066310119019331
2.054479646501230
-1.932080391707015
0.704961242686355
-0.873945503889754
4.159327075907062
1.133089185309919
-0.500385369594104
4.354358296323032
-0.966981121413431
2.288406398668380
0.356699433855721
-0.833298267520090
2.246713018219602
2.169742378921046
-0.862979255081095
-2.066960123826391
-4.657566835552531
2.925447199633507
2.870737301344593
-4.909427161833619
-2.701077294018989
1.686544361782011
-2.921508717559734
0.023213365383391
2.557692783818250
-2.605704733431672
1.569303459303337
0.105345018262169
-0.328425146602730
-0.423868592138674
0.875657259091423
1.602769382871578
-2.436112665659136
-0.620800649701510
1.109564523484633
0.348906302551426
-0.774928244095993
-1.318903861372312
0.152967758590047
0.754333829538022
-0.695229943163074
-0.526965322140631
1.368535590078551
-1.292556392054540
1.300641055901341
-0.244016863472089
0.333442131903124
0.235900879391304
-0.624655646002197
-0.671659667249671
1.136648747380306
0.562739628569561
1.964553768096325
0.547348418717986
1.600570601557967
1.019180364751803
-3.244671542601116
-4.947380789076178
5.186774570592939
4.718641762188323
0.676327505513001
-0.134179695064930
-0.202060193980583
1.057056699210171
-0.201122250002732
-0.064620142633482
0.022319032728297
0.225688664637761
-0.304207344343712
2.030711572372153
-2.270095835993704
0.920620791864058
-0.209008605012035

-4.316750528041972
-1.312253577094000
3.709374117473596
11.665622053296890
0.677208950120873
8.539755790154116
-0.952187722153675
4.085728424058458
-4.653240563702457
-1.321180119547353
-0.885034991924480
0.854565802911377
-3.515486437519807
-0.896434965243346
0.411841156984841
3.511742655947129
-1.256871114785058
-1.276539329190592
0.764946768983186
1.862320972521524
-1.214558768261558
-3.659597333230406
1.096391461123990
1.284655194288938
-3.365684110332291
0.648415086447426
-0.548491798875258
0.898844075401474
7.093243639342276
0.928660753652368
-5.358400807384149
-0.447135460349711
5.442645533811446
-2.947351783218878
-0.203728800550489
-0.126109373191676
-1.250707985028353
-4.086091614900151
1.227230743859654
-2.205337163750739
0.841661915378483
0.178874692015794
2.003559647296269
-0.404278882321419
3.117629581118213
-2.268418055800760
2.657843409089002
-1.840970494456392
-0.890913438788719
-0.000904096044927
1.093372725529068
-1.631111842976337
-0.228643377718545
-0.366213516929942
-0.425400353298343
-0.415943245167736
-0.035992823717299
-0.470775349195846
0.490917910958306
-0.355419942630782
0.795451765952574
0.870157888831009
-0.135840308418383
-0.558596541485647
0.043343748690410
-0.263584266494436
-0.151136966929307
-0.867559937516593
-0.995553563922734
5.261128632374945
-13.953650397946589
-5.497424175249554
5.509083357784991
-1.861259608700037
4.144085810664990
-3.311264175123554
-0.944231533608079
0.264453899360254
-0.032621800497074
0.359952222892395
-0.199231946535414
0.875969839128455
0.477521296397307
-0.162033457527999
1.051358789656910
-1.265008161546273
0.847221311457063
-0.101775423689836
-0.151849585055845

-6.175606391143626
12.714587376524680
3.451512364407982
0.525299133870908
-0.057144275338107
-8.993478174153553
-0.158407373472790
3.980709713182249
5.712385729672143
2.343481940319264
0.585375531041165
1.688488951638626
1.751375568630027
-1.980688536858484
-2.592305330543103
-0.239470767168666
5.958184867764827
-1.739293866292172
2.144330994587569
-0.097077367027783
1.709517225214800
-2.378159508806619
0.113947397541767
3.821077303720293
-2.382819000618313
-0.828521732302746
1.813436140440401
-1.521237078045000
-1.145667231945908
1.166139746672154
1.665828945112923
-0.258331975049664
-2.591111177891240
2.778357408651058
3.960394000628403
0.555288651463283
-4.209545842386504
-0.540623072162985
-1.597740734583029
-0.333557711287934
-3.049840965173020
-0.099567494906483
2.428388806286722
1.088266149435687
1.786787037424205
-2.183807007260757
-0.036996767010764
-1.141489839969673
-0.598731156621260
-3.089430705405066
3.948746373143522
-0.208531608867904
0.493947938244364
-0.910397075309926
0.786808028099754
-0.771974699224557
-0.199936083097168
-0.589992330536510
1.149863161068959
-2.486701085828046
2.192076987616979
0.292814517697077
0.030676165859966
0.427347078485227
-0.341614992430990
-1.584043409862266
1.388362141747829
0.910266676201009
-3.023275013272036
-6.193913975409833
-0.422562694192355
-1.701839829918495
-1.323994092966766
-1.061679138604773
1.123606065086264
-3.759023054530132
-2.418793800915510
0.596739349538493
1.347929783788770
-0.019484938554710
-0.696571286996610
0.506918073941480
-0.362225307600034
0.104235889879645
-1.109338075396471
-0.118838365430654
-0.176237466218139
0.610935079301385
-0.152814876202311

5.609818951595411
1.064138948592563
-1.737081646782779
-4.247269944464617
-0.893178584622633
-7.893749334515648
-0.695358745147235
0.860151113405165
6.319470456541766
0.004404460771886
0.940177554784971
3.759816118023165
3.535136429151511
-0.819142265825067
0.000000000000000
-6.351661447121074
5.083230073868837
-1.876386630647341
-0.110221578002937
0.470830194479717
0.988248685394987
0.206799631726483
-1.434790809183955
-0.127880609841680
1.220352877887979
1.048022985991446
0.460900159421231
0.473262740800720
0.164169177133052
4.262507462510527
0.501702193998768
-0.632491124223862
-7.010306134343106
4.165002721034117
5.841982196407016
-1.285690090898443
-2.734002592117525
0.523625334414246
-4.508436209468023
-0.533714509399056
1.548603908906767
-0.457309798559534
-1.405891917881162
-0.312747387490212
0.987602564716256
1.401602286772197
-2.272641243834618
-0.417773654488148
-0.980201950676499
-0.445441485080662
3.483412054416517
-2.645474952944853
0.167603989982461
-0.834087546616494
-0.283254619941613
0.573546834239121
-0.432841765660203
-1.825768773739064
0.697371601817986
-2.104432069238737
1.372820818159270
0.220922959392351
2.196092449251615
0.433584592017278
-0.991823493201637
-1.003396464471352
1.826591174180927
0.403412870430609
-2.131593654203639
-4.114400622309018
7.454240923663029
-2.097451991031211
-5.931822919411355
0.118163209354134
1.827333110037102
-0.095626535288355
0.693940577785850
0.178033010501240
0.634406606390732
0.152836961199068
-0.196897532339348
0.516651276519971
0.066461038448059
-0.154159124939683
-0.399238486813249
-0.207495246305320
-0.031706737604810
0.388637936770075
-0.182776392744418

-3.966524409290488
3.313493833547665
-8.298554550576858
1.522971944758381
-0.983789313326424
13.857750574788227
1.499355703978714
3.293747138040073
-14.300625643336314
-4.522036816984829
6.142769624715353
8.442671593472062
1.074971880198692
3.942646371880449
1.897293342360007
-11.631768730298948
-2.979473904896579
-3.046324224141308
1.889935934521822
1.915138587087379
2.459465983553810
-5.138797850649097
1.678751333877756
-4.127557881299493
-0.528303880008625
-1.376914542197887
-1.440581109910883
-0.986267040117594
6.186970411710005
-2.702414368566897
-5.568692037118046
2.173965715207137
-7.374505953908686
-2.626460156012998
6.343785933689545
4.256671011219677
-0.393930481211873
2.958935526538630
4.069369952822902
-4.825235859577886
4.664859029158735
0.714823788288832
-0.612865107875524
-2.283851948987336
3.680018292113693
-1.377301857156248
3.310249523058650
-3.149923015207619
-3.650887963031046
-0.892124835101897
-2.992966273060527
-3.707273824745690
-6.032553853010943
-12.470758558133763
-8.356632251526944
5.104219927990262
-0.334790287391259
1.375820802718405
0.813081821908815
1.121324720673091
-1.097431835302542
-0.962303610471194
-1.508371544235179
0.746264807750500
0.734882536073268
0.800470807996927
-0.329705184109864
-0.884382084773734
-0.660685737491871
-6.216878814663247
-4.200520873819794
12.826609420772050
-6.079061810906786
-10.808469598906015
-7.246388695270014
9.433867349441503
-1.783383633846406
-2.172543939094355
-0.802445813377580
11.414040171802249
4.557618950752302
11.605879517986718
14.631164826691561
2.239588032878436
2.088384689039644
1.563224246644702
1.221850889029418
1.274735276483019
2.589619868003206

-0.014986699636643
0.005034029426210
-0.034369032615157
0.012620796383984
0.005009021121674
0.010858912881160
-0.236622473922990
-0.063341724260732
0.135811883093249
0.101414553480419
-0.027699132881040
1.398299049674199
0.708088378885771
-0.207855075631215
-0.626979311319964
-1.314176322851719
0.023581538191700
-0.906245948342269
0.022435619392415
0.321743549661950
0.193020866100711
0.090190605784365
-0.024954824030541
-0.015178424143508
0.045855736180204
0.062061107416440
0.028114633691076
-0.051500112569416
0.082499635986055
-0.032387018810725
-0.206763548892838
0.079096492093391
-0.016823578475016
0.022344350282087
-0.013756086119653
0.008870478738514
0.023345121765171
0.039130928477606
0.017048563682774
0.042504392751108
0.127745892508013
0.152910470355468
-0.240664569911481
-0.117844268163888
-0.117054282924427
0.030146593350264
0.005117258829553
0.009295745552756
0.003484982610647
-0.001901526213473
0.005761229281424
-0.009767421776132
0.009126032718342
0.004273208243595
-0.000242162374891
0.003465626392550
0.092084276302376
-0.024206376807131
-0.024004235723611
-0.035940496560023
0.130905952326289
-0.050589186000920
0.011281000074901
-0.040319118328933
0.065870038334928
-0.078902167511783
0.053006923877030
-0.037720869952017
0.080483650822707
0.016221451572159
-0.007817357821256
0.006224647704987
-0.002354852308671
0.017430188202265
-0.005306333390262
0.031021031546869
0.322118109262022
-0.188361291846271
-0.043672375347043
-0.017323589804913
-0.013619547219502
-0.017196981051426
-0.019924068771136
0.019695799364523
-0.015681013558293
0.009870321988838
0.052888791201712
0.045533573388859
0.119110367295483


0.075607  0.128285
0.069896  0.119105
0.102894  0.147118
0.053951  0.136333
0.113083  0.181603
0.169869  0.176048
0.167582  0.203076
0.116366  0.215842
0.166202  0.178749
0.183849  0.136266
0.092767  0.124123
0.241717  0.151973
0.260540  0.159195
0.179105  0.153194
0.236356  0.140068
0.252020  0.148097
0.148452  0.143730
0.294591  0.190716
0.350409  0.189218
0.250258  0.264356
0.199970  0.191601
0.139718  0.231656
0.171451  0.352800
0.161915  0.499898
0.207585  0.534002
0.159565  0.401112
0.104922  0.369022
0.128080  0.352003
0.155642  0.453853
0.113446  0.492873
0.154448  0.440723
0.179066  0.434402
0.107008  0.407855
0.123008  0.441761
0.099113  0.410221
0.160928  0.523543
0.107469  0.445678
0.120986  0.404458
0.135737  0.464162
0.146611  0.604092
0.187569  0.582455
0.219933  0.587969
0.202757  0.565126
0.212222  0.623948
0.127877  0.633897
0.134523  0.527868
0.097089  0.539057
0.057439  0.578968
0.045504  0.518925
0.037802  0.466591
0.038944  0.487537
0.022453  0.482396
0.034433  0.628306
0.034988  0.723908
0.041723  0.775061
0.065935  0.725290
0.157957  0.677615
0.179154  0.768467
0.176225  0.702387
0.237277  0.862834
0.220526  0.840944
0.212441  0.924561
0.145062  0.819547
0.328040  0.881954
0.337171  0.699357
0.439825  0.673998
0.378065  0.691953
0.202846  0.380694
0.135365  0.111508
0.081558  0.112297
0.039619  0.137806
0.046618  0.155293
0.034145  0.143936
0.045128  0.171135
0.036802  0.160037
0.100593  0.154481
0.350111  0.139174
0.421993  0.118248
0.000000  0.000000
0.000000  0.184912
0.000000  0.369825
0.000000  0.554737
0.000000  0.739649
0.000000  0.924561
0.087965  0.000000
0.175930  0.000000
0.263895  0.000000
0.351860  0.000000
0.439825  0.000000

0.398042965916925
0.146787750746416
-0.071621983786879

0.641409525510661
0.262915381281131
-0.081174183396790

0.928596707193810
-0.047778959319856
0.064804537091118

1.178899662221054
-0.233735347374426
0.262350492130109

1.572695504224490
-0.308110776275016
0.165276091197303

1.960539177362075
-0.298598334707788
0.087654541054115

2.288261870436527
-0.134228084516496
0.178001905291026

2.674797478432418
-0.261184562171277
0.105364879020205

-1.247582343069482
2.205899869500782
0.895339205827429

-0.015656995825328
0.053943027768453
0.029188399326991


