0.300000

0.600000

0.000000
0.000000

0.389327
0.669171

902.758515
0.413384

59
10

8.117182614274832
1.047037156206295
-2.640114794038215
-0.015478068040712
-8.619044492576327
1.047697817883823
-2.316559235390786
1.468870277595383
1.289766973891587
-2.157959737997377
3.962874013455330
1.151161926942383
-0.274178842332415
-0.671984106457579
-0.545343628365373
-0.020465125027246
-0.852506368214555
0.549161570961886
0.408485150839996
-0.079096496375671
0.878664849446860
-1.117107288555892
0.372100137580822
-0.371580246319114
1.102805292621239
0.116477876465656
0.732153365742738
0.694194894373528
-1.806412955986139
2.537299947767764
-0.391533597307260
-1.549091072504055
-0.440756571622144
-0.889363560611388
-0.683789012318082
0.216318387650475
-0.468106022516782
-0.364337347434577
-0.927435081564005
0.017037835902919
2.288351226841872
1.088685683923716
0.020535097366491
2.384312536537488
-0.442254608657319
-0.203606274579620
0.488248084384252
-3.311298567052213
0.030614859431300
-0.779799976979759
0.015006283677209
-0.433349213377573
-0.664072834225545
0.215151400780744
0.227495083233383
0.120931326179308
0.042396682111889
1.041800429553200
-0.636193657722143

1.527073352482571
1.149399343573228
-1.792145071316788
-0.659585813720309
-4.837152344832918
0.830061333192397
-0.096686305139664
1.122553887691633
14.587650535926452
-4.242074653375519
-9.112023097764194
0.039248985578374
-0.033857502469912
3.424009116368493
-1.264483104263582
0.326579511068427
0.630981298754283
-0.966845804151209
0.300746728751553
-0.720469889971928
1.086049609443158
-0.851628916906827
-0.071179818852183
0.539260225605602
1.501753851606706
0.643577991128496
-0.657614807180597
0.799582476686914
-0.233835276145556
-0.521831177865970
0.315936605216813
-1.098783438319062
-0.947701837866454
0.301140811722029
-1.142371605241038
0.349607418976180
-0.109106535611935
0.226344445193195
1.130507403363851
-0.313662882572772
-0.343520659288254
-0.190692752099676
0.236656908052018
5.056943221957070
-0.812257607578500
-0.291017614489712
1.117567122508996
-6.054627540641356
0.172103057406365
-0.799014521737472
0.369449876736458
-0.507322777818466
0.340771498432539
-0.115627125161300
0.368895171468644
0.016958285744905
0.156843903046127
0.727421734493743
-0.608555223273745

-17.016512004423287
1.261979392567997
1.483849303927998
0.786793288399197
20.428467439092536
0.401692140949630
1.254371001726334
-2.538239092358907
22.622283310412548
-5.447076639778608
-14.755376160242680
2.911453115496839
0.410954600687467
-1.037192259861814
-1.696916254396689
-0.230144797998008
0.462079341154929
-0.627596984285299
0.732816294531213
0.453788464300075
-0.529897100756823
-1.269394006129384
0.386548901862652
0.908352710129458
-1.040169353176573
0.643501603542999
-1.387158385331078
-1.415144954295707
0.654384829726751
-1.817689387082635
1.073892592758063
-0.210014944024543
2.507970129632901
0.498989725226592
-1.769414523676347
0.220535506164697
0.595243235968366
1.437129944193836
3.808549451640843
-0.784088357603616
-3.116522420579501
-1.275159652932431
0.242890007228852
-4.692154507559074
-2.901701670720333
0.760547406858866
5.962844795427770
-8.084434410538005
0.427563290127479
-0.387996358643360
0.114806347470555
0.400233282190349
-0.005502160201980
-0.160610852047778
1.441460543752825
-2.584814327806306
1.257823261356108
1.319915193351923
-1.092788893969715

-27.344051969642948
0.749785429513176
3.358029726595862
2.311252146739410
33.497775645390043
3.070074916360901
-6.016807438933956
-4.683037781180897
25.558641333778667
-3.927070571237404
-14.704010481705160
2.137115133192362
1.306443568246467
-2.087704722730612
-2.077309078534706
-0.465650865342159
0.124769464923230
-0.214097900416851
0.539607549616527
-1.034818063073717
-0.557602415125904
0.198958341472697
-0.444260781919192
-0.024640122293177
-0.729661922827137
-1.430941520170556
1.390489403868184
-1.246531926143595
1.739882791718143
-2.795664083591794
0.874388802082429
-0.424683307723728
2.167489320795519
0.609616430855328
-1.426908774862286
0.146864853552495
0.079913181513396
1.155989852992524
3.101019057013122
-0.310562163023972
-2.870559462858136
-0.409203475198718
-0.140602321146951
-5.870158055678283
-1.040485550509252
0.547081282294202
5.447244840821327
-7.399929026836625
-0.032584920602774
0.787746090238258
-0.620030047917680
0.614139313546507
0.488627852707293
-0.207049001293497
-0.396843493381215
-2.369378667717906
1.122073272474918
0.708332914452965
-0.530512602543494

-23.355172274803497
-0.305279701917184
4.262470628570855
-0.251167259780875
26.661838610275023
3.581583178713245
0.173928665256292
-3.553614013721125
24.851837741031563
-2.529433914404610
-18.209494816470063
-0.718010875416712
2.197326233371091
-0.579475869483008
-2.167875200369625
-0.088304630461542
1.410314384070262
-1.454937135202623
1.085278665008479
-2.506369575062801
-0.030477741078354
-0.528940403898093
-0.630118752847379
-0.366629417038623
1.388530084262617
-0.638844066669486
2.281411436125706
-0.002561742176982
4.944907638521833
-3.226966627755115
-0.880644429547235
0.865513688711564
-1.397775122707391
-1.319961484398240
-0.465535037044634
-1.405758311407155
-0.370388195454714
1.299679246056432
-2.365006785358022
-1.191671421290877
2.995472908703889
0.593781765993367
-0.434061243755255
-4.496400545849152
0.190165454897557
0.385422255971057
3.006441545131991
-6.661984969697656
-0.425150300261886
0.876458179521029
-0.266535006379323
-0.397593943818213
1.049659511754689
0.075182438323314
-0.656509462850232
-0.949139031589792
0.573689016871058
-0.111856785914473
0.188752818741847

-16.562829479848673
0.237113118319425
2.480321162693272
3.007588036711011
18.151535978925427
0.375330796971138
-4.121647456388455
-2.932240365027539
13.125336811406379
-3.542443395404406
-4.324046815199999
2.634995362240193
-0.805161494825120
-0.883630146004456
-2.429600576590198
1.040797283198511
2.939243570075555
-3.062336673624055
0.801068941377641
0.562638033119780
-2.279801678960144
1.344087097496692
-0.134794787370229
2.365671019146377
-0.971737241348404
-2.570911707792563
0.890670638687458
0.185173011621990
4.074718441314918
-3.004635244279999
0.509404702185755
0.317302934107095
-0.890594376651812
-1.349855501255426
-0.658822117079013
-1.559665493096970
-0.746990812946415
-2.800421506194165
-1.376175097270042
-0.764919167220394
2.327683116864214
5.173962586280158
-0.388890494000778
-1.147402498977421
-1.240875141707499
0.117144703583542
4.911039614883046
-7.157157904716076
-0.101763207222389
0.712549520086589
-0.243557016009326
-0.175934944166574
0.551847361686899
0.366968501961738
-0.132707596792734
-1.792434413188388
1.068514087318120
-0.420283092633894
0.301561016991053

-6.607701675556238
0.289197398318041
0.001650803050277
-8.856532907120769
11.382836980295192
5.977711407774716
4.145550841793577
-0.995894673204713
22.459516060443708
1.954928199965079
-19.266207652618316
1.856739480128583
0.521513933896928
-2.625470835569536
-2.581800017666533
0.471766806531245
-2.406458979366253
1.280351862741793
1.753954317219252
0.466800595651299
-4.585126364156081
3.349476122758282
0.675133470613154
0.876198112812806
-0.279493701265442
-1.633893170172215
0.011466099766564
-0.123518785112497
-0.632372434648429
-0.780435907973561
2.328096336006863
-0.223184895930485
-0.697518190822917
1.065106023442344
-0.621515246396937
0.707959438320370
2.341917798984472
0.768406645309800
-0.812784794286536
-0.582527154919247
-3.177167767205215
0.251501148318959
-0.159409487882870
-4.027595121583715
0.127886202642161
0.340274560512518
1.639316125696593
-5.378139424815352
0.299657623936844
0.130879661691824
0.460563161515409
-0.351652096502465
-0.031355561486338
0.039601000362560
-0.248142629910566
-0.467764829204579
0.221123884596353
-0.284922934695626
0.241505107033089

-5.694851041632448
-0.398233338630424
0.957595024199543
-0.190388721813335
10.422079135824411
0.000000000000000
-1.922489084242228
-2.581812147688540
3.005001632376816
-3.426570327555849
3.721547018172100
0.797284849079507
-0.225278541138540
1.653829898459477
-0.707666451814384
0.767380217171405
1.784187424692640
-2.277818864972446
-0.194244027311056
0.728140186407188
1.354975179493217
-1.840934840525630
-0.501724253835957
-0.563628157107289
0.744113359527727
-0.264351820791749
1.043148623706688
-0.068519563177949
-2.957126599393849
-0.232477485602290
4.771310234300676
1.637629463923678
-1.276731360951518
1.227261844288193
-0.230927069595842
-0.718875318437745
2.281390781794681
0.356210712759843
-2.499985891695007
0.008130373744038
-1.356962924584674
-0.841060860972699
-0.430655474556812
-3.282881633025850
0.079146913177186
0.271669979944314
1.188431218885081
-4.234682964571995
0.004648844945380
0.266312617411126
0.058262026007614
-0.167270127705059
-0.028157934064062
-0.056007205193874
0.292903216049624
-0.010310097288307
0.017286278725590
-0.998194010884549
0.740941335723509

14.679570424946949
-3.297157288359576
-5.863489129658194
2.416113110926555
-30.073082010724725
3.292960297572897
-7.176146043396942
6.406297184734041
1.648401449885145
0.493040619825857
-1.237837218992998
-2.218575507318168
-0.057138176440229
7.358189562478247
-3.536248670606799
-0.842190615115711
4.163809591600443
-2.251542004260036
-1.942572829726244
2.399350684201336
-0.459175336411380
0.142346889832515
0.795041200654458
4.181890944480783
-2.735986302303879
-5.065815307150645
-8.017474750585143
-4.677420831199529
-7.456276359853203
-2.397327763143671
2.370066075699751
3.321658434796778
-3.587814794886716
-0.369818049470645
-3.937438856369687
-2.667799685360385
-0.849940055298092
-2.388763266541270
9.026292259107226
1.543337811236296
-1.433833732264287
2.294650706635128
0.447306727750056
12.185917307444100
-24.252024900033849
-39.459220833577504
-3.524080842302745
-0.952442869067366
5.081098338643669
6.846166333835074
6.460142967132046
4.927326861117073
5.307905436410255
4.256183923460923
37.101264081134204
20.279678304117407
1.213802819734220
0.490693556392821
1.598130155441283

0.175677118362228
0.051867764037947
0.061434333996490
-0.146513299177798
-0.308774133028432
-0.026653063844523
0.511493732745995
0.787033204125153
2.046431885239345
0.207029734638403
0.340114689901462
-0.174805599357385
-0.131149857142359
-0.288343006405518
0.203901850002798
0.390342317836101
1.374447246841138
0.254951517810816
0.142450683889807
-0.344043228574808
-0.003991691347988
-0.243683752115097
-0.085937319766409
0.205060546381675
0.156610610838610
0.148518603818205
0.070812760585547
-0.011556562434713
-0.278665139587179
0.133022065747861
-0.108072194064268
-0.599374766049294
0.002188198005154
0.534852642920760
-1.725780804066935
0.090283644416022
1.626337090577773
-0.164280201454787
-1.226416324936194
0.772006685863542
2.538246702498962
2.258335111498212
-4.126528386085409
0.157449486992115
-0.094581779493504
-0.009297985759244
0.863471533740432
-3.954216735788824
-0.985203280470781
-0.404303400712435
-0.412209792410217
-0.405667489818277
-0.550453502685392
0.199915225437804
-0.118523948576011
-0.147779941917484
-0.120974963680942
-0.178597096106155
1.072092258149883


0.065246  0.091707
0.099986  0.161764
0.037423  0.118704
0.122321  0.128238
0.073215  0.090254
0.123059  0.148261
0.124828  0.118724
0.095617  0.084082
0.143211  0.109387
0.148382  0.120430
0.139815  0.112911
0.166595  0.142554
0.199798  0.206344
0.149540  0.137471
0.197450  0.129847
0.310106  0.187670
0.289374  0.320326
0.277935  0.298705
0.206649  0.353625
0.123393  0.266301
0.148730  0.318314
0.116604  0.295081
0.128338  0.391105
0.090709  0.299208
0.084371  0.423093
0.045940  0.256402
0.062906  0.291472
0.053547  0.486521
0.081668  0.616545
0.045212  0.627623
0.086763  0.593568
0.124457  0.454117
0.051336  0.443565
0.107228  0.669171
0.158656  0.539546
0.110115  0.549390
0.180800  0.587476
0.202446  0.505873
0.138395  0.584940
0.268176  0.457912
0.145435  0.607684
0.164543  0.501350
0.389327  0.577994
0.070025  0.073374
0.134934  0.005408
0.060332  0.002687
0.143649  0.039811
0.140258  0.091137
0.000000  0.000000
0.000000  0.133834
0.000000  0.267668
0.000000  0.401502
0.000000  0.535337
0.000000  0.669171
0.077865  0.000000
0.155731  0.000000
0.233596  0.000000
0.311461  0.000000
0.389327  0.000000

0.144818170319373
0.580889248095560
0.127842970642697

0.322016349353783
0.232313834081860
0.286890930007461

0.675234920529911
0.218216127650257
0.284936605459812

1.148750853553253
-0.066385869436299
0.112730100627478

1.516891562136569
-0.086255363034733
0.135110083765374

1.919185486571408
-0.243368250087743
0.121782184439908

2.375677358501906
-0.231692362603713
-0.007449932363660

2.698693299049979
-0.246236794804457
-0.062482126122174

-1.225643792626153
2.779532964370842
1.392426321803489

-0.183999705558977
1.841675283945870
1.036381380978622


