0.550000

0.600000

0.000000
0.000000

0.372897
0.889073

833.760110
0.522164

103
10

-2.433892344180847
0.816226773281034
3.927044365932019
-0.440507322187737
-5.120553054646924
1.592405856309858
3.460110602269496
1.308707883552797
-1.076913582797711
4.669350393507472
-2.205035758471719
-8.165303819096964
5.349013223189604
0.328307117173853
5.852299685731240
-0.605724669098888
5.450646322567010
0.379100225770748
-1.587080187234186
1.189206251185471
-5.448814102921981
0.885616048322413
1.031250783659447
-2.351684162019263
-4.877116207353909
-0.471481900721751
-1.237325397182422
0.001647457549787
-0.884292764490442
-6.872994428029441
-4.544947463248543
0.098800731200281
-1.691342815923651
1.466045159899529
-1.032513357352341
2.974311716144360
-5.002021334124268
-1.492962724455209
3.668512544782323
-4.863833854770649
1.245507550579634
-0.388622735096882
0.962028482578287
2.764209844820196
7.102212814214158
-4.130907297257028
-0.008501804751521
1.225192778318228
-0.195543794919102
1.131827960874799
-3.103765783562317
-0.752777741785222
4.608344393880828
-1.235157275782533
0.006262987302074
-0.365902226438043
-0.268059641595936
3.524284022623293
0.596012620004636
2.829572448829318
0.214701594883488
2.447775160786621
-0.665119897602170
0.780815207713817
1.930766477815477
-1.098552726343865
0.984499245697103
1.081191123961397
-2.155293602446306
-0.339311420053537
2.791150335025980
0.547680559081397
20.712244793736495
-21.900538901578329
-0.046713137229219
2.335380165703802
0.544207617475255
0.450102939159313
2.586198452505244
0.750943145904122
-0.437772641715345
2.281141048891550
-0.062163184877020
0.502028200273096
-0.697622610911192
-1.525446276416246
-2.367156947670691
-0.037747177996890
0.117196749610480
-5.676811413236893
-0.241671838306018
-0.051051098901937
0.099944091048638
-1.274593768478421
0.303461130192229
-0.199176688732603
-0.233977522409083
-0.084806441818466
0.041774774796333
0.083681461138022
-0.143934255262386
-0.034941880045679
0.099039657717393

-1.918143497525013
-1.152007371521315
3.711846689517427
-0.248818380319236
-4.909050309025605
0.458414833226039
13.199510847402465
2.283234886354427
-0.562502357054432
-0.875283688324354
-5.443459670733651
-12.519745690351554
6.151574084914096
4.555656879811325
18.181503640985589
-4.980079075805356
-5.040196281623817
0.273924341491739
1.792818709627758
0.069171449250271
0.773243377827096
1.687607536753445
0.968046756101888
0.367632241251502
-5.227519355340012
0.321947929488572
-1.199165023371604
-0.045733322331678
-0.661917817274765
-8.664593947413769
-6.637137050350147
0.194681655101438
-2.017049161992305
1.076226173245806
-4.122015250163877
5.648440853316648
-8.739534601430330
-2.261933051423178
-5.934303491503314
-6.947227205329737
3.802091007788166
1.173098104699962
-0.881564783981112
3.358331726949478
2.181424546825812
2.292297393877064
-0.013647974965098
2.652366110342908
-5.530616702512618
0.820551820667299
4.996364245853344
-4.457970789481745
6.381539195196456
0.435504030584094
0.625678658543753
-0.192704292607595
0.116096902742382
2.058016732880946
0.635392348105554
5.657848394634470
-0.904293481768008
4.635002272695355
1.138047953333578
5.439664013594715
2.302487420332636
-11.097038221889784
2.765694363214327
4.068314075346495
-2.309442269541368
0.571240087005839
2.787329567624082
-0.914770104850221
21.220446545351660
-20.818205928645011
0.313356408093816
1.419656279369630
2.573101223999399
2.360019997397135
2.778419845434433
0.415409960033128
-3.391530907699190
2.379067011066675
-1.544628315748297
0.414518547450556
-1.582855044893011
-0.694594575130284
-2.817806423955418
-0.590846931637725
0.095444674334592
-7.138551061148153
0.047983556297229
-0.347480138414759
0.324150927075751
-1.586916346140596
0.314553424475245
-0.063517377356598
-0.677102272945850
0.380549586174347
-0.117825940880975
0.123363897749975
-0.032881703500503
-0.046791055698525
0.091092581017395

-1.764064808123758
0.989879577530122
2.484432038085795
-5.947225243792579
0.193754271342044
1.233695855774531
1.204942864910304
1.347009864307417
4.710634617682425
-17.678417812304218
-2.161557273478571
1.287337792311660
-4.634979068469677
4.840292641632750
-6.367743971477425
1.904421115409665
-5.532986753720730
-1.860093917351823
3.879124455323653
-0.688016061587659
20.404594536349389
-2.771969289833711
-0.768812700939366
-0.880425232549603
5.436848307404442
0.070887685458950
0.983690198838545
1.172952183090293
-1.119617109501174
-1.810425725911869
-5.625803825494317
0.023275389644800
1.894998007812355
-0.387814637555547
0.216888060404581
2.289544584107746
3.150600535781152
-5.789998203670823
-10.858932306549464
7.013334503306599
0.872330710652890
3.525189914923793
-18.704240402976424
-4.322659311897639
-8.879306006631813
4.824157992435296
-1.171713557783150
-3.299284188672413
2.846317341105948
1.734714215764122
7.804803271350202
1.637022809764851
5.197577039183842
18.942851228435408
-0.669018728868685
-0.449448846555582
0.284571502515047
-0.721046543343590
0.027320086530275
13.931765056144766
-2.726054811995563
3.354367658807421
2.259011624829467
-1.854288784619474
2.203808707414046
-2.139225298930087
2.961854685245608
-2.164595302274037
0.721666655150316
0.511125289039320
-1.752508920036862
-1.121569568320045
30.839278560093089
-32.864549623777165
0.498849223870866
-8.836006122328893
1.040431890727239
3.764049089384809
11.722937449934232
1.515857341600114
-5.023961547162144
-1.295859610376053
10.747925131719535
0.270018424177212
-3.040414854650505
-1.340508065422372
2.108407975377548
0.207959640654037
0.027188050689903
-22.913406703077243
-0.289660847441367
-0.482815694624102
1.015782214732144
-1.656867662656027
0.361998355742451
0.561864898614450
-0.969351456002865
0.864568494840182
-0.270206739666720
-0.432434655374879
0.251562150007302
-0.011218848048592
-0.121167116336772

-0.193145140417826
0.890680347724843
-1.037010982517497
-3.884888847241928
2.345123499758012
-7.964365350542085
11.360559257045804
2.331600880045582
2.876560294680973
-20.131623295440004
6.751342199106236
-5.175772995885712
-8.343252701646803
2.620989526765615
-2.632914948647485
1.469070120987478
5.656914695942924
0.063955928306222
-3.869343790182708
0.483141170259924
20.669084348777890
0.673667188070065
-3.253034313381431
2.818769202208620
6.528373886628957
-2.159968460781583
4.958500757750644
1.192122252002272
-2.054829463816430
2.543820990359772
1.226223292973591
0.562358800320503
-0.190784589170801
0.036359673957294
7.594162917762757
1.454631739697041
6.386574077618449
1.689856277776973
-11.379850191558784
18.859628020551042
-5.192037573862342
2.078573526488230
19.335144451169381
1.966020884679790
-15.291251733128993
0.043433205972118
-3.754448423663696
-11.045165314293817
1.673835248978218
2.513177055083661
9.586204016697717
0.471921428880256
-2.553377915265779
-19.993702555304221
-4.414119211110202
-0.238007830633454
2.737545061975646
8.826141375566154
-0.152051089653195
-0.456917430384846
2.267568865535028
-6.247953487639488
-4.129969134809243
-0.876569960404129
0.297367701165304
-13.207185086228003
-0.926851528122515
-2.034650923482976
5.374629805185358
2.250369484168039
-10.861820743989730
0.989139424209359
-59.546581856097511
66.244778561058197
0.064366725107721
-6.348509743770197
-5.460441269438871
4.892850474381883
7.155445749475703
1.008860958003424
-3.898176902916805
-0.731907409112151
-2.926122500537835
0.034916937217954
-0.667431976568249
0.669169816207189
4.406323535217720
0.316164714120508
-0.228629455600995
-7.309745073437426
-0.836702003922557
-0.489692700789341
0.835458823053780
-0.447396469689380
0.296095698697711
1.193489636941156
-0.096788003835586
0.957198006326146
-0.005032406157940
-0.384641259667670
0.750586475449958
0.102014778428659
-0.358199746893156

-0.224113672833912
-1.091848398337569
8.480095214210838
-3.822910137080865
-7.052382423470337
-2.701700732341592
-1.344651246033078
3.541463599227789
0.790132625332258
-8.533897795305261
4.768987321177516
0.134712010458278
-4.417078062713487
2.577474053583664
-2.981296345960463
1.108882156656070
-2.596939082730192
-2.982552832551336
3.062360341112108
-1.818339318717027
11.189604573508593
-8.040474350225930
-0.810125532914099
-2.578643728349443
6.058771840953147
1.677417246846273
0.131130249585690
-1.188574192615081
2.113485395483311
3.633041538208122
7.124149820157445
-0.505220209972068
-0.921777566913291
-0.899059041968274
-1.022107718407230
-10.842817162030448
-5.413946265573706
2.910924080646054
-5.022682895911448
13.218938813208222
14.533112504704219
-3.003881319819771
-42.550348343437022
0.790990560946429
-10.248881222372404
6.548295519285115
0.000000000000000
-0.362656068628822
1.930866283152025
2.029022165247428
3.756990399186320
0.899570832066455
-7.809824708022658
44.943354678394279
-2.810835032806337
0.159910280366583
0.861816438699373
1.982491003420011
1.042622289825770
-6.312476712781668
-2.337881921488184
-0.470960273279828
-1.048906135030332
-3.471310422922108
0.626058475265247
0.036108789905688
-1.939023081854931
1.887241162080254
1.015084151410534
-2.427718567039011
-3.566555577614587
9.653359322077616
-31.154497168044308
31.920173166877703
-0.510766287844838
-9.435189896483330
-2.245992534436295
7.180399148995932
-1.935825408375187
0.045897481018426
-4.982093389998959
6.364356906197273
5.729594174438137
0.569736682934688
1.963900755947578
1.965710410559117
-6.016677921870291
-1.503830998659901
0.643265571873177
-0.869093736924511
-0.229859448522880
-0.361438554163344
0.763150216534648
-0.254267377665609
0.645694632609230
1.022169182472124
0.082339669180008
0.930594831057358
0.537632310892000
-1.572741564753256
0.794817837287059
0.001053706824745
-0.132280867353762

-0.212306709445448
0.572379064916877
4.737743149708722
-6.137184681533703
-3.613431841420594
-3.094808355399954
5.732512525940489
5.477693340687638
6.216808600779720
-4.470903774982473
1.880675007965076
-10.156192171304534
-4.416079470829848
-2.454233363227641
7.073245712071066
0.913231290301853
-2.325119823609593
-2.050424606232693
-0.137390922266464
-1.676933135113821
5.580536158785158
-4.836171363169951
0.088534646487912
0.186537036197029
6.643678962842072
-0.816926765781518
1.020554974710705
0.353664349430191
-1.200803880582604
11.647338968463535
13.829911500276211
-0.522618242216706
1.968106527774193
0.168945545415576
0.728624123205107
-6.448120526474375
1.404695196581198
2.632432213436203
-5.911918062720086
19.025381167316688
9.802453965063025
-4.992766023779303
-12.730805529065846
-5.620374387516355
-16.139071922043176
7.337405598823404
-0.474558107911195
-7.020021068700189
10.797261118078236
1.084765773981432
3.493248950597086
4.205860423183114
-14.342031858303640
15.992883969471899
-1.672040793544546
0.426241001590572
0.472324822928199
-6.932259049783173
-0.027918971455270
10.967412688476392
1.016683811205832
-3.763641935203643
-1.968070480504802
-8.032891067736770
0.251342127018608
-4.377195696891767
-2.431371398674622
-3.011955771948380
4.379199667879176
1.618937245958845
-4.285876681532493
-5.867557817392539
-16.815013246554788
16.103391764471244
-0.210498448999103
-10.121983104272623
-1.683603775807075
2.058121024684920
8.841794083761290
-1.645028251826064
-3.159543572500540
8.272789076467840
8.727648948393128
-0.443180768497806
1.358194278141402
4.660766685860685
-9.590501689594090
0.989700136612932
0.634465721533798
-14.908942707445355
-0.604613513109489
-0.265686120628612
0.615095084925697
-0.509357666849530
0.232047637220240
1.217787667489650
-0.079632038803848
0.802210115057494
0.305683214580859
-1.740916514290675
1.675279715194842
-0.067712589458186
-0.206036100123472

0.775642335750583
1.695136596544493
5.548154898883940
-0.087764828385022
-5.140129028794060
-3.221649728618726
1.794962887479657
-2.978848636333388
1.056958949394586
-7.205621627344576
3.307633287132588
-1.562999334577405
-4.880516054784470
0.141937482397482
1.010498553541520
0.410740238274992
-2.183193571398207
0.278228266296906
1.876800923378405
-2.414678061397820
7.982143298855815
-4.509143059732595
-0.776994123247155
2.158739582634608
5.188933575705701
0.212913051471804
1.332144621657606
-0.457891522817746
0.837005109478206
4.216524029217985
4.516446012167866
0.017640089947207
-1.398284153092405
-0.553594254850632
-0.132958205272458
-5.959145504020287
1.813559709640349
6.544399215416076
3.138683382812253
8.193042274897628
3.044263907860373
-4.667288608790255
-1.941809862633306
3.869689727147163
-2.856146360694414
0.911606802378530
1.476373915040084
-3.084396932492042
1.204859316249870
0.436794042478252
-2.460410726398097
-4.099570939202027
-4.818969709852341
1.401477048953368
0.262160322109819
-0.251120873904666
0.711699190410681
-2.847831708667564
0.448854977285760
6.851082975761712
4.872221479565635
-5.321443077172082
-0.945473584907441
3.289990265644371
-2.128396379359626
-2.761126903573581
-4.507432748699078
-0.284749003497098
1.311237057916752
2.449844500315900
-1.551701797026021
-7.089026486950455
-78.651977763746203
77.740914838896089
0.170563167249677
-5.818863168151144
0.812221799992349
-0.812361055512604
6.631381425279496
-2.476177202982334
0.626583361592358
-8.375263388150300
3.872819498750913
1.109235385686875
2.432409880784439
2.085236291344443
5.798416927718038
-0.658513212760235
3.735293461187300
-7.979338547600294
-2.015749355948556
-1.144908841368903
0.108041466052869
1.242366952729374
-0.577496429856994
0.066008724935693
0.534827202413741
0.309819251231104
-0.222714424303766
-0.177883003150223
0.190478049108127
0.006689628076865
-0.072777433138181

0.483321632137635
0.246764878067272
-2.379075435839566
2.388402521531543
4.909248738090473
-3.392304481950682
5.846703242548981
-4.537092811179543
-0.123871502255357
2.247356977100548
6.903911830818863
3.450248842298778
-4.612338802925499
-2.332091101874181
-3.588779253401595
0.379551055711955
-1.763432556092417
-2.864307006934280
2.806633059602015
-0.156558284336616
0.460590010425671
1.067540619907351
0.725620432267901
1.699799217193410
3.274663099140295
-0.524338782179779
-0.486107133076284
0.615605831039262
-1.684702094342200
0.879307702243015
4.311460817980643
-0.208800618302145
-1.120967403270294
1.867679420314277
1.649220888769243
1.102071352037347
1.752086266407757
1.768894284998591
-2.006416050118307
9.378069958241484
-0.680235807437511
1.928671919080949
7.772099317479351
0.502651380492217
-5.723088065340618
0.820918060272882
-0.993905819662498
-7.365693160681405
-3.220112569482220
0.326701305414537
1.393161701441976
-0.599392303582889
-4.372052575432621
-7.592302924689943
-1.612884445022037
-0.195147853828967
0.088169677293623
1.833063823372783
1.013037950857589
-3.033214841802216
1.244247498026386
-2.269267459280520
-0.257853915902579
1.436941627776817
-0.488583541089643
-9.193243133442334
-1.330106634709808
0.711356890656102
0.425829849512610
-3.019395544418182
-2.097268793223216
6.003984025172714
-28.622994636860749
28.169848111542745
0.249085663173805
-3.510558894416151
-0.068989480088783
-0.673923629875348
2.935173172278467
-1.017378644683375
0.468971700274234
3.005027481142634
3.248076188629209
-0.675602536402119
1.213766736275644
1.436328500991819
-4.156443924081861
0.341750977753474
0.823136701074443
-3.561521063775956
-0.176489973748438
-0.231302864956790
-0.138220048393583
0.773647473285110
0.053730736075220
0.067394966963049
0.207516784773637
0.144725661401372
0.472692592474130
-1.416222762984610
0.881248094810127
-0.063320577198005
-0.069807434868903

-18.539819803567305
-1.074747499000120
-30.423063325547005
-12.018340970355260
24.449134194202003
6.008890585726809
43.759413295692120
12.336142549252852
2.626382323044979
3.666264373017591
-1.213905096167839
4.778985247744549
-2.588626802865086
1.607393020886514
-4.800113683185802
-1.084669142897661
-0.027225087140693
-9.885977667492995
5.931332557628974
0.848685327957401
-10.854965318446791
-8.056297819505373
3.380967682884958
8.634295655077548
4.032453111318584
-2.765465098037151
-8.909673665766764
-0.443418763967696
-1.747790379718026
-0.569897526795040
-13.018209679253935
-1.769999912867291
-7.670758426305989
8.686677116279167
-23.995177838922963
24.822686781160215
-9.374593428727863
-4.429999442094632
11.464892445506939
1.483131160850893
4.642355375132389
17.619101066298690
-81.264097577336500
21.845440316705172
2.418249709810024
17.139503975857622
-9.521562715130422
-23.977618855423337
-14.512214976935399
2.236394626356479
-8.069012054841087
-8.246146541784356
15.555667387878811
71.512198991110253
6.670803627477141
1.377981247196639
-2.905344729316930
15.331331122308500
3.046181109232900
-5.132620209250883
4.238433898144817
-4.371625538867541
-7.367141563340645
7.486111789925349
0.965336325950955
-51.171146494196748
-4.774915465165514
5.763483031528695
-3.552524832626868
2.357220932593166
-20.140292833641013
-0.508468438650300
27.941428600853467
-22.899329041965249
-4.697914161619339
2.923393584446573
-2.199595835037107
4.683827326123293
-4.748777888243582
-2.979196968369968
-11.092722450010507
-11.975095585366798
-10.783441089592062
2.911278493154676
8.745535038127693
1.326999094424835
5.934651069453501
-3.279356021009971
-1.063892438541903
7.210508545075117
1.689908569702454
2.436128520943842
1.201753011430911
17.872322955619151
6.259875541455949
11.991481838802031
8.448048380391178
4.614710494342263
5.400338809628575
2.071338744448223
1.113880527039517
0.873675315573639
2.122184256907054

-0.009361813446619
-0.002565063041173
0.001073949844746
0.007366110895524
0.008056635713287
-0.000885763014569
-0.013804064973127
-0.007742194685164
-0.005557494337146
0.034552161144057
0.008947097543632
0.071173157468974
0.177999764573897
0.015292624946848
-0.048391167561363
0.012403072672590
0.002508341713739
-0.028949094298253
0.012131935057080
0.055145140030621
-0.003124628597157
0.037623143283393
0.063024680695484
-0.080498851889324
-0.235898773136301
0.011019623070892
-0.093369901088229
-0.096432726592857
0.126979674523834
-2.779771460959756
-2.958414285472540
-0.045522859065813
-0.284863277877038
0.024986621127031
-0.398117265275560
0.114988352027330
-0.604185358987400
-0.081971401878259
0.044358980578182
-0.199757778231848
0.261843130747951
0.009251689064030
-0.392364371164958
0.346890668994416
0.102013621472461
0.220691748736972
0.001273544927202
0.171778811429916
-0.024316560819871
0.215611173639666
-0.044810554083089
-0.075508769670765
2.647172370549178
0.436063884012538
0.036232268777482
0.246838623041536
0.245510713322185
1.527759384804777
0.333428505023247
0.179493778124031
-0.027118234418948
0.907226342284735
-0.167264158179425
0.065208907167730
0.006787943782520
0.030672927891027
0.059254120949698
0.052259273088710
-0.113661578000446
-0.042163243023865
0.184126695306392
0.055471808844125
0.995082425053771
-0.979439646264342
0.002140854293093
0.048137214707638
0.067253369683131
-0.003063445754179
0.134058131730640
0.377772890011906
-0.007937950976632
0.156369952272519
0.053217581444304
0.350348939180178
-0.189142445967213
-0.522846889261299
-0.062367843806956
0.075146368167202
-0.675112297411295
-0.370420863093277
0.322890056521580
0.069356487516524
-0.037792674410530
-0.019174339843684
-0.049784669388863
-0.024814803072934
-0.045214015413303
-0.006174049282649
-0.002250396961650
-0.004008094711532
-0.004720243907148
-0.004187665653639
0.050577752308012


0.009641  0.144699
0.040531  0.096424
0.064488  0.061598
0.051465  0.076972
0.066661  0.065899
0.040407  0.117177
0.045444  0.131858
0.059321  0.084778
0.088235  0.101170
0.086575  0.120614
0.050608  0.120514
0.111596  0.111773
0.094968  0.146638
0.069703  0.113995
0.114907  0.108333
0.130482  0.103943
0.104860  0.105418
0.097227  0.078943
0.110255  0.086169
0.167166  0.140815
0.091455  0.124571
0.132001  0.186170
0.285810  0.109905
0.072675  0.132356
0.107705  0.147579
0.228136  0.140078
0.278193  0.134879
0.372897  0.189559
0.337904  0.212747
0.085268  0.469964
0.197016  0.401294
0.368327  0.352118
0.186733  0.191601
0.285059  0.212444
0.161396  0.275940
0.162469  0.225711
0.156759  0.202508
0.062183  0.257617
0.119780  0.221678
0.149422  0.238242
0.149075  0.193168
0.087858  0.269366
0.195885  0.234106
0.171072  0.195979
0.156853  0.252146
0.156210  0.262214
0.116020  0.265339
0.152655  0.224565
0.064981  0.291206
0.176199  0.312025
0.126139  0.225507
0.058441  0.337233
0.192642  0.410573
0.194977  0.232711
0.159594  0.307178
0.240084  0.316093
0.133618  0.405260
0.068412  0.479739
0.128222  0.525126
0.082404  0.620272
0.058419  0.449257
0.069200  0.445898
0.037866  0.474537
0.057391  0.326924
0.039283  0.179428
0.049872  0.134055
0.054551  0.241359
0.084045  0.310841
0.030633  0.514610
0.090328  0.586428
0.063966  0.503799
0.089225  0.613884
0.092382  0.743839
0.091939  0.745271
0.078338  0.889073
0.077374  0.769232
0.107130  0.686183
0.062134  0.676807
0.082413  0.642108
0.118409  0.825628
0.038202  0.674186
0.140845  0.699659
0.082768  0.757330
0.161630  0.771602
0.144829  0.676132
0.129164  0.795490
0.147611  0.705157
0.171957  0.660793
0.239188  0.758894
0.081416  0.631939
0.246424  0.696009
0.337557  0.828062
0.000000  0.000000
0.000000  0.177815
0.000000  0.355629
0.000000  0.533444
0.000000  0.711258
0.000000  0.889073
0.074579  0.000000
0.149159  0.000000
0.223738  0.000000
0.298318  0.000000
0.372897  0.000000

0.199778935056773
0.067080165301358
0.097350329626672

0.363078364865094
0.050601346761854
0.075815953631910

0.711377855507529
-0.130432979901332
-0.098076104173037

1.158912071215657
-0.392046012395580
-0.257652305469961

1.551122687874195
-0.445878759447398
-0.102756523806362

1.912189388432046
-0.458982056866741
-0.091720882847886

2.330153159078736
-0.107778828090114
-0.033866763958686

2.648465951446540
-0.063546153284551
0.045971109833503

-1.248434406398441
2.527971120826077
0.976798278567020

-0.011096642244355
0.068641714858527
0.025186566148790


