0.650000

0.600000

0.000000
0.000000

0.504611
0.850058

769.768801
0.582715

84
10

1.062658506181080
-0.926564629016511
1.436968624264649
-2.137258641810623
2.278092117014317
1.563027904180226
-3.500209153040681
2.245192806738526
0.217396462135077
-2.816841783866290
0.114761876205162
-0.500970709684606
0.801591477030619
-0.183832399568803
1.303866412116149
0.886918128206834
-4.458500618109320
-1.877816985741703
-0.200316621184259
3.278331871602567
-0.016134865329120
1.116043725219476
0.536580541034769
0.654828649134391
7.325145929533654
3.039150972705221
0.475060425661603
1.171055132305103
-1.659578343202896
-3.965520196403876
1.446262396452829
1.096770098269452
0.730254064317612
0.459290941961336
0.506671571012002
0.263007037900523
-0.329195533960541
-7.342254529177484
-1.677942860820752
-0.866486900856332
3.307596195574324
-0.891272898004189
-1.844030824333134
1.253128273288319
0.505525002304913
0.493164425695915
0.651193837788279
-2.071063868030752
-1.907628561931751
-0.324490927637135
0.123880115161977
-0.128094470732649
0.348641818147660
0.233887481970975
1.075668871469091
-0.474017845736710
-1.714927168072855
-1.199758612604700
0.820640081648846
0.420558605686199
-0.027141212442017
0.811328083483078
0.132131341746272
0.077545128708234
-0.623096137341379
1.055385243602017
-1.188050595896372
-0.631501217860056
1.114518650915912
0.388257292008894
-0.265353428413871
-0.441509920288097
-0.649421737159453
0.196519957143796
-0.008515394708139
0.171803041137418
-0.028735463474086
-0.052374146214100
-0.037608307465969
0.255269030065200
-0.000757386261356
-0.529617963751997
0.032389206166906
0.020433507538034

0.080929003779396
-1.006506861702142
-2.407392947903208
0.879528119109743
0.688900604961938
1.026992014096660
3.714354123053989
0.543763516295461
-3.412897856035041
-1.230243230963498
0.856884972272142
-0.750970375973600
2.082710642342296
-0.302041694418468
-0.273898623383364
-0.690926680911139
-6.148136270352961
-2.421159028328416
-0.095398990237120
5.058816545863351
-0.406982859059374
2.080004068171028
0.894657287573862
-0.889661683955976
23.908960049542483
4.408654280047199
0.245218038126958
2.136799489034353
1.534127956304459
-6.680672271942759
-2.341166619695815
5.880566605487310
-0.056686471760402
2.605670172070551
-0.130865149021376
-2.247341524075188
0.620341112203140
-23.957653928388911
1.023403719715194
-4.282362686102521
4.828762147795366
-0.106807427491893
0.045775653375227
1.568206212287888
1.923711015095675
-1.647568984056821
0.976362607318281
-2.382732019825620
-5.471718509275281
1.874695544289120
0.454400321669318
-2.495758480939984
2.113686417315268
-4.078243609650312
6.195412990121693
-0.279534531939736
-3.809390727724365
-0.712237820446882
-1.948198568130961
-0.133370949219298
0.251618666045695
1.318646797543148
-0.159150737842603
-0.071428510291137
-1.070552634972357
2.119881550068576
-2.070414945378835
-0.748154648694533
-0.017188110054915
1.114176420164306
1.742951434267871
-1.002537270764214
1.149521937543612
0.326950410976233
-0.163986900750751
0.369518437035499
0.348371169198191
-0.249065180535726
0.039998124779234
-0.601168750666996
0.214002515025031
-0.287150733782226
0.041713619102127
-0.050320493510966

-0.265066095260681
0.481736798401949
-0.618142135336810
2.777322883535712
-2.340940201952383
-3.174754475605053
1.026781044320839
-1.939702602992538
2.704868440501409
0.706308822568099
-1.627959839057966
2.193102783583181
-0.701653727576509
-2.372069956737450
1.760973689948156
1.155490975673957
-1.448468035881819
1.743931108647034
-0.422298532461313
-0.914208980878232
0.755942511221023
2.718794133094842
-0.071093568538539
-3.044331296365019
4.818672733216394
12.504276071903469
0.326747449747360
1.912327073565793
-1.518963120430929
-15.978933354470872
-0.498557990134944
3.386929820159629
-0.917683200018661
5.877421579066534
-0.694502763356494
-1.359895693211434
1.054495087906691
-5.499370727585729
2.067480820604308
0.614806841339202
-0.417044608818801
-2.711343606938350
0.170376513511361
0.459007788656703
2.447903982475517
0.227937456650577
-0.317506544106802
-0.828540720205747
-1.050775227439398
0.696571409835558
0.100369017908031
-0.656245033434095
0.273523169223109
-1.656827570055358
3.535019042433583
-0.489466125328500
-2.372326542474795
-0.992179897940423
0.925343215143846
0.352040107782153
2.486910991519657
-0.346297074708741
-0.635981316123865
0.550135125084622
-1.906890777755786
0.749435748445856
-0.326290174340349
-0.074146266178718
-0.605612626148245
0.778930023124518
-0.673493988965463
-2.024290979850790
-1.058545854776973
0.066051485583947
0.178002289461811
0.298872040108379
0.016228997078689
0.052699530859672
0.035020147140668
0.139380145909661
-0.347679309490368
-0.205484718923798
0.065630014853709
-0.088233657427828

-0.215737041322112
0.205653083925388
0.445939840275906
0.390866959831184
-0.594840521084030
-0.139874770420410
0.557100216375485
-1.023944781694142
-2.475591071167937
3.342883952772064
-3.656470619868589
3.577032130162885
-2.562024691620297
-1.403787221055143
0.739793009823561
2.011877449055640
-0.886773055938719
2.878145413644922
0.036774092075357
-0.802469433417424
-0.058403294714710
1.312176479194912
0.328656791468131
-1.060740024903774
-29.097162627575951
7.084838550812469
0.196116493421243
-0.863857582213250
1.407031707373079
-7.843980380989137
-4.333024963712242
4.062375953708613
-1.091373929908416
3.350885427564118
-0.738808529537239
-0.779384036799094
0.820323823211468
28.281565045515265
1.507433211774554
-2.463008161881911
-0.980729000051734
-1.969641905701241
-1.308161047753478
0.184199879144292
1.902147153457814
0.657393080994192
-0.397203578617555
0.019027288239364
1.451048713826044
0.022714186597805
-0.093545787081306
1.286304206598622
-0.731807594989936
-0.877939583982286
5.505652890225145
0.459652473921181
-4.807573969749313
0.547393267441750
0.233151289714426
0.117240346399660
0.601185132430570
-1.736926148220001
-0.477446943133357
-0.215347028540711
1.034454025579842
0.795305133023918
-2.101940830905792
1.139560243860064
-0.845958422896685
0.720529289002379
-0.381754548312480
0.459283209002547
-0.978823207560035
-0.100899914816415
0.563468549283627
0.168141530695398
-0.191159532325654
0.115146781334694
0.162920250045785
0.632972887443920
-0.733226106783042
-0.063736771471973
0.020651117033125
-0.251933890706154

-0.765944619743380
-1.074246894696492
1.182985184743030
2.660311994912191
0.113174753351792
-0.169112570166984
-5.301068622446104
-0.759846151831419
5.695182567837867
0.592760480849228
-1.781409863470929
-1.726280872664672
-4.172506629858471
-0.183121284970058
3.576773413209576
1.418086782261369
0.675751830058116
2.184978071011274
-0.415936369347676
-2.269149850056882
0.731121001011618
0.440269636784205
-0.476173350111928
2.372004476816854
7.758393877911228
2.170335124944388
0.349769827069538
1.717851535464025
-0.872606310295427
0.899654524541352
-0.734673471156257
2.196457985470750
-0.173138533599920
-3.453580603005220
0.349843812644819
-1.481697301869248
0.178944897098781
-7.625185638298880
0.332670683302926
-2.318220202264260
3.267324308626770
-0.412305438177847
1.102384119727304
-0.763191228361283
-0.697064505570602
-0.566124412763497
0.727718256018153
-1.412175657647139
-1.307269388547721
0.382005458818935
-2.397658853462255
2.171429687188813
-0.833920973627557
-0.014796980337561
-0.340234188669701
0.069095707925254
1.112729689910367
0.228287640433874
0.268925176027803
-0.363542247353622
0.461134605349423
-1.248264046828441
-0.502488988216761
-0.779166305709623
1.367072551375790
0.357139041946154
-0.875948593321301
0.955792356946893
-0.143866189054809
-0.121944946230549
-0.427567981673952
-1.653177493943887
-1.770331440002068
0.026934404967813
0.439502864813755
0.370556206171919
0.324742241180537
0.071946192707817
0.154956555621868
0.831366704279529
0.473650158334490
-0.291522751262222
0.063999830558476
-0.149554500240721

0.535020256444312
0.114592341514094
0.567308151932668
-1.203379057238029
-0.349286301842065
1.171087435941829
-2.353180237355479
-0.062549028532870
2.763456919173756
-1.218898025988673
-2.867448490039380
-1.186942782324082
-2.831188661302674
-0.140517215122692
6.099455086754621
1.777100096009166
0.053297273097379
0.000000000000000
0.123566293546155
-0.262605972370954
-0.650925176648839
-0.138225521569948
-0.152636321490699
-0.626722300468992
0.199957060898749
-7.177904186628888
-0.016994224126735
-1.433230142618863
0.448460819653186
7.402003858435935
1.393812476539421
-0.603897455338211
-1.590678245308204
-1.047087940017791
2.306879236115081
1.986040298783758
0.686259183555368
-0.447034457924915
-2.096588786282767
-1.426554069725496
2.782777315064357
3.066002921874794
0.381790674926618
1.186439544542678
-0.604580356405270
-1.206208332141279
-0.125443460386597
-1.369160443904511
-3.946531332142310
-0.261571650230984
-0.318400295735363
-0.062675843326942
-0.026691472631830
0.956249221501586
-3.365575038200951
0.711551675009794
3.431370906210137
-0.962582354336501
-0.271571233478373
-0.619413864619228
1.203375297938736
-0.291335947501392
-0.146898889832539
-0.886625457512431
0.383808304617234
-0.216273286459493
-0.514327514055718
1.127982473302657
0.633189273426527
-0.390678661227335
-0.289564806822364
1.742014274727547
-0.568263188151578
0.258697782120216
0.410734773451970
0.296963908896984
0.508769058455220
-0.215141972015425
0.200908924612973
0.000000000000000
-0.027183544823612
-0.323706360467757
0.052076433112076
-0.068219421273448

0.136197991906840
-0.382627034305310
-1.442490450866279
-0.289198224618186
-0.090278372052571
-0.950551307985468
0.591021805629601
0.000000000000000
0.000000000000000
0.087987728369576
-0.248487081053755
0.847739285502278
-0.541774223850570
0.055528247774104
-0.657442514371012
-0.828938996127168
-1.286303937601430
1.326401258815618
0.030088314154844
3.004441265161333
-0.530310173664355
-1.013161401618356
0.287690461933437
-0.934141586667313
2.083846940104034
2.968425360874798
0.035435354735129
0.691901586176332
0.005982928687781
-1.035646209386042
-2.255379975979889
0.636370605917590
0.859840533366582
-0.064748543680915
-1.613421833149219
-0.534062550064797
-0.600503771272965
-1.717929328824575
1.733419733605901
0.410612278342106
2.231863184050145
0.033897998584934
-0.827779526581423
0.559762859471547
-0.775790360366951
-0.330596395438734
-0.301150040078714
-0.284438719897945
-1.244375393001694
0.356899454323235
0.595396718846167
-0.862465046509823
-0.079870109070754
1.149618199386097
-6.531181526098851
-0.771101174636575
6.125341690350957
-0.186086399761462
-0.002483209329121
0.261478645942374
0.425508957106882
0.737157875519268
-0.410474780692466
0.149684312128669
-1.407128299817176
0.306554930483427
-0.518609730910806
0.324082082683217
-0.422388587685108
0.679357821142011
0.095641183525967
-0.760429700036990
1.786975646143019
0.294645818364470
0.011433324260288
0.178739257606081
0.212488368957423
-0.054868912840189
0.100375830628092
0.423005541706738
0.010151251971030
0.006327749532923
0.029402440027060
-0.090101059050908

-0.147593147042347
0.161815956548835
-0.255348231341061
-0.275696487184138
0.126523667889793
0.000000000000000
-1.076889162141152
1.441555380830704
0.136508877907657
0.011835831906088
-2.530560046111220
1.041815283634808
0.486739285970976
0.349487847476431
-0.077699420437198
0.627233779908913
0.696738708082813
0.416856456757038
0.198848392939866
1.317137810089161
-0.993829409005408
-2.350899413517839
-0.100440457432079
0.248488622010639
-5.871686153180503
0.469495024589601
0.280129807202330
-1.407260656274372
0.528758260916122
-2.887953049763691
-0.027691706248647
-1.215024352088070
-0.893437994609255
3.016867378476196
1.662765269633342
-0.390694500460979
-0.740787284665260
6.582383159941291
-0.917959903098668
2.057867360655546
-0.588030501982593
-3.674964831988724
-0.774202093929109
0.407759168779029
2.537111752018104
0.081767541852423
0.495800200579049
-0.168130764663731
0.557109165210762
-0.595520078191148
-0.328528851061467
0.946334472747650
-0.416645905593080
1.268056211429550
-6.756885106258887
-0.724435805607689
7.124009790163704
0.459293073506686
0.961325814326352
-0.458944756197710
-0.275594973429196
0.069550824550337
-0.334875945837861
-0.385038371176446
0.190268622198028
0.380112063478708
-0.094034581162374
0.173416464192775
-0.416998850463380
0.118895414342834
-0.669668461507220
0.516535314402013
0.980335643064806
-0.102626366867458
-0.196845958588368
0.051037224129378
0.138738021335218
-0.052279773923965
0.079311532285298
0.351327662337941
-0.324631319038064
-0.305874298900529
0.034995084056542
0.023268072780877

0.831887178477113
-14.644527603180739
3.633310848926259
-4.670393246914200
-2.745228786862281
-1.285711898652445
4.050226443356320
-3.918312376419174
-3.308480468810475
-10.290725553915520
7.718716959351730
0.300888799899404
-1.226518364044229
3.138830635240254
-4.262306256568056
-4.056453017333932
-7.551936157378241
-2.134259479809107
-8.446153784482236
5.114268617161954
-0.565724863802489
2.434329536830693
1.531112947690394
-6.393503133941242
75.940148687695128
5.484474052996836
2.564321391189387
0.115478759482065
2.699682824504323
1.571838238311248
-4.136541434825158
9.666546462383789
-1.629206997362786
-3.167004234685424
-1.523360106864709
-0.773946712720017
1.732837423214229
-78.756346991189901
3.485944666544512
-1.602416774814460
-9.441414560589873
-8.834366844828649
4.623084110345594
-0.687989831993906
11.581826699607261
-6.458123606301392
-7.012238970313059
-5.024833562644661
7.014328198040652
-0.966172158610302
-1.089926596289929
2.481831992212610
-0.059846041806296
0.040255612249954
-2.216340443279688
-0.228241610565966
1.371421521576038
1.051779358920732
1.124425553346727
0.709844468701449
0.224532311770620
0.306333999069180
-4.774046468927737
-10.423288411634710
-1.663006524529057
-1.557838621403710
1.468696882424834
1.202615033217465
-0.871485391857999
-0.107465039488750
0.437323660582385
-2.427034648308678
-0.279609024211511
5.468508591894675
6.784311740704991
6.172978091401760
3.322980398300033
8.434302367841976
3.859736114246789
16.406463160246822
5.408837244837264
5.068310578559827
3.675734693823947
0.957019730397666

-0.001050090154443
-0.000940860464719
0.000017898593980
0.000509612779931
0.000682962165107
0.001029996602760
-0.002110534977969
-0.001241232841585
0.001117076561744
0.000585106330487
0.001805575334612
-0.000631675348780
0.001104136858518
0.001545771069409
-0.001918100705579
0.002323832773171
0.004928555729510
-0.001056860771777
-0.001489577903737
-0.005982849534885
0.001201998250382
-0.003074674243267
-0.006162144322259
0.001924697494558
0.047383686764997
-0.013073815391738
0.000674762587187
-0.000577255388506
-0.000538801302991
0.012337838001607
0.004629435717346
-0.003420621365971
0.001754862786185
-0.003573152239091
-0.002573627579263
-0.000767777479981
-0.000896839419003
-0.041803523525813
0.001749306536579
0.000055922074833
-0.001590336353660
0.002346928940935
0.000119116810680
0.000388799165753
-0.001210220835425
0.000923024996575
-0.000375990523014
-0.000102185026800
0.002240627695108
0.000053202820760
-0.003978715245440
0.003085074991708
0.006079385688653
0.004983681124243
0.038591051461864
0.017946141490364
-0.057296350366753
0.003492532166835
0.002756144821887
-0.004421073749750
-0.003842463139729
0.001194149759799
0.004623405469983
-0.000427538897878
0.000998201308469
0.002621664939113
0.003545313716224
0.011193946581943
0.018599697199527
-0.037054883021262
-0.007676568606253
0.000888535609791
0.000423668231706
-0.003664115428342
-0.001089441362359
-0.001413035564881
-0.001287953778876
-0.001690205329134
0.000207542463887
0.000259921660903
-0.000535363460643
0.000248723093756
0.000438154435140
0.004928784019033


0.008492  0.042572
0.050311  0.017198
0.058759  0.053311
0.042693  0.044263
0.061238  0.027869
0.080539  0.045799
0.083804  0.036447
0.121502  0.031191
0.087702  0.042934
0.131839  0.030823
0.117624  0.055160
0.094035  0.058133
0.160231  0.051681
0.206945  0.065912
0.139268  0.048281
0.253137  0.050043
0.258228  0.082923
0.154141  0.074241
0.350213  0.049485
0.263504  0.072796
0.320838  0.100983
0.234029  0.076587
0.311023  0.224114
0.144587  0.230311
0.259592  0.225153
0.177992  0.226025
0.202404  0.160185
0.110447  0.159207
0.203997  0.238484
0.170925  0.221631
0.193729  0.238502
0.139091  0.246988
0.227081  0.320450
0.162457  0.219857
0.194249  0.308313
0.161405  0.268774
0.273085  0.306059
0.260031  0.226315
0.181921  0.290626
0.123084  0.247907
0.097636  0.298975
0.101925  0.257384
0.085966  0.343643
0.053381  0.330725
0.095425  0.270871
0.089197  0.372009
0.063924  0.247484
0.050315  0.295282
0.103648  0.288301
0.207612  0.439975
0.138020  0.444886
0.155769  0.469641
0.241916  0.498121
0.294926  0.433792
0.327317  0.460519
0.381609  0.508888
0.328895  0.472966
0.267613  0.705932
0.445779  0.530556
0.312308  0.592244
0.165017  0.641293
0.104822  0.593277
0.091118  0.849491
0.034658  0.644357
0.086403  0.616918
0.188409  0.850058
0.249666  0.834712
0.292946  0.844309
0.315997  0.757984
0.345784  0.828140
0.504611  0.575588
0.092583  0.141808
0.052286  0.068563
0.000000  0.000000
0.000000  0.170012
0.000000  0.340023
0.000000  0.510035
0.000000  0.680047
0.000000  0.850058
0.100922  0.000000
0.201844  0.000000
0.302767  0.000000
0.403689  0.000000
0.504611  0.000000

0.114101163866004
0.118150656127799
0.108037932810883

0.389667424115410
0.031801709016844
-0.031354737648523

0.930711791979300
-0.107755333982071
-0.044923446562050

1.321162707883452
-0.378236588527409
-0.095675249297707

1.693809708710712
-0.269250011191503
-0.042023968164001

2.004249705693903
-0.132659793659757
-0.067323631128061

2.425280439796929
-0.175686066600689
-0.111438617739654

2.760911542399763
-0.031716594198158
-0.018708655558899

-1.500972076746383
1.921199005169441
1.367049063581542

-0.001318588661714
0.007138932347286
0.004592556127357


