0.330000

0.600000

0.000000
0.000000

0.488649
0.870784

742.089891
0.499204

92
10

1.235778452727755
0.644523935113287
9.097301601528619
-1.968702704277482
-0.653806934937589
-0.492810093822192
-6.428032965146514
-0.359619421729016
1.391704802393883
-1.408271136969103
-2.278840019048720
0.527026150428736
0.472427802844413
-1.435402007396191
-0.456355487045967
-0.030442626141265
-0.275103034345980
1.815126975490336
-0.576758525058695
-1.049540548922189
0.236498080112056
-0.180030678156866
0.476810956083478
0.100430788480254
7.011090874577166
1.300760050973076
-0.986899372162060
-3.191518054094890
1.284001683411375
-1.224897619106489
0.896249280463144
-2.407261450865093
1.929439773516592
1.548675917612876
3.031017936934825
-0.088660458881379
1.654388087360946
-6.442119377269584
-3.598176051652019
-3.902840053196548
0.926366236397559
2.626658371476329
-4.181381351203802
1.928804531122378
-0.591382231254241
2.184418512815987
0.521800367711085
-8.301454418810421
0.708451919317392
2.190406623400780
-0.653298449966438
0.712938831950168
-0.405876188134254
-0.454286002022652
9.456714830154342
-3.314277900379430
1.219652212180855
0.855860410703523
-2.887446922853182
-2.673128212267014
-0.527865395492461
-0.609029342207558
0.256715402584330
2.790385581204371
-0.854160748677818
0.351151781269244
0.104931021481382
0.691983169576353
-2.530362781779942
0.539494814398976
2.527437328414765
-0.809727853644585
1.231180782263626
1.717051286449138
-0.149862607297454
-1.921360715906259
0.028202783080724
1.875763058829964
1.008343363738042
1.931402366961196
-1.979008827550743
-0.097647836429566
-0.055884249459816
-0.162049378696328
0.091873066161015
-0.293136313612801
-0.367160493753291
0.210905275004776
-0.301644317453310
0.221562960406138
-0.037774968665630
0.031586256825374

0.024551248180932
1.069751768681677
3.753716309834980
-1.001234513129954
-4.156167024929975
4.051836294936646
-1.196402890236028
-0.469429502018054
-0.643197368697351
0.270353077627194
-1.008687706382104
0.224415976046849
1.457888073452503
-0.506596013919741
0.349920170356955
0.828662372723959
0.931810144093469
-0.593702686347896
-0.183370409051604
-0.553132691219469
0.031955167450547
0.171582048501544
-0.213384907607562
0.461909040427890
7.351044669584201
1.040122234611389
-0.983805542794547
-0.063723250858470
1.398561141487876
-2.142552931048373
1.187267418312379
-0.663215846486458
3.926283047856165
-3.734128622323989
3.219798085850872
-0.531280041959612
-1.256665672557816
-5.190127216616721
-5.885192711359303
-4.396835111416879
0.853401720893771
-2.494607100860947
1.106908627564385
1.895451665687654
-0.815929683415221
4.583665661664645
0.952280319927433
-2.882895828182728
2.604757035032011
0.701640586549358
-1.206486741022270
0.749608672508360
-0.193708312328278
1.989171623163716
1.355366560950017
-3.151494405440710
1.549167934239983
3.849443678668707
-5.705231256793550
-1.136971066957971
-1.680943297201496
-0.575986774233389
0.127116985286396
1.002542085380990
-0.284784609404242
0.252580511163939
-0.341525044404991
-0.251532094634322
1.945430290642791
0.751327224173249
0.049664736673411
0.283900289390554
1.548681925083827
-1.153464173517179
3.905158514347898
-2.700025515033235
-1.588874487351034
1.281207550250784
0.092833769765873
0.072950722717079
-2.382462429431730
-0.287166938561067
-0.165644214928538
-0.447788368773350
0.193782955745089
-1.008085880919445
0.145500422555739
0.354159822134569
-0.294072891766740
0.263766082919120
-0.045327280573822
-0.045055215054703

1.236792874112863
2.306575271323256
3.771648473445434
-2.459945857094219
6.545689233142451
-8.113739344357050
1.017764690141306
1.628978540187125
-1.577996359227476
-1.533069400766453
-0.214026550800344
-0.286554193093138
1.792743559981033
1.011085578691075
-0.088362570119883
-2.552870161481321
0.524619990376043
0.855424190065444
1.463989627498398
-1.183341388456771
-0.033786259598394
0.218868738333719
-0.717682955522627
0.201093854760805
7.517634286344491
-6.521500288042118
1.211261605388318
-3.087646425300107
1.509597607482705
-0.172483752905103
1.731051489520749
-1.517510973550011
0.072919434748284
1.844955606304903
1.365916810607237
-1.606878695647217
-0.025420638078733
-5.676689301626626
-3.443276713715008
0.161573560818807
1.012034178459269
-0.998941773762753
2.438833192598603
-0.424831654848965
-0.670752181479978
0.325853532183379
0.634913947858532
3.273038908654197
3.278238057289745
-5.072366753679801
-1.809201809914836
-2.413499136833006
1.707988629066353
1.531213890425902
-2.534993480376200
1.090037802985191
2.857245969741952
9.989088865710663
-6.876230637056872
4.347397821456224
-1.850487402615184
-0.459272797230394
-0.068187250884037
-4.316593493616891
0.740833436703493
-0.719912116611919
-0.416081646277975
0.983827094183128
-4.392425704420945
0.744304877139602
5.624246172263899
-0.873473707004996
2.077330674883143
-1.905765719038990
-2.185302818857948
2.054921898999610
0.456540560872769
-0.633628032967061
-2.225305432946304
0.620254893137449
-1.932618104401471
-0.124050041443616
-0.178066044727382
0.548365886601517
-0.961250941830240
0.872203150202170
-0.165529730174390
0.664846187926714
-0.830895574930807
-0.342967988062385
1.059120567865730
-0.727451440007671

2.835769520216936
-4.055824787813692
-11.583012257657229
5.059292208292138
19.079935708026294
-19.695439081631413
4.395693122069297
0.412651183153182
5.583219112720856
-3.079739372750397
4.311277046313289
5.061664040500210
-5.215947724069246
-1.809086961125585
-0.215457882680857
4.497426294911091
-1.247458519090530
-3.197163991508593
-0.272085938059817
-1.247320990187792
0.969676915283197
-1.096858288065189
1.694183434857050
2.133838378061033
-5.328511007456596
-6.926624360647729
0.127882947289753
-2.309340638180372
0.730966746897451
-2.599446135468611
1.333611348325699
0.289174093954023
1.574084033199710
1.180636296721048
-1.779131003843023
-2.588657134220676
-1.045877436837647
5.966971193007265
2.796145788114603
-1.170323767111610
-3.584482853239602
10.960074112578033
-9.427043969315864
0.261270016459672
1.615958658154229
1.738941555326639
2.129370295452330
14.645669040508633
0.281579168047412
-3.809899705067319
-4.085443110996845
-5.320501060183962
1.994536956830378
3.769073702385485
-13.026539548905671
2.045179187665778
2.830598208626678
13.843667541389005
-8.730278200117217
1.423569600285137
-1.622089980349723
-2.025652637705644
-0.658330639581801
-3.872881482968444
-0.936218371178803
0.093605895795839
1.695698374663455
0.576335880223803
0.593446844436608
0.682169300302297
3.240777211831636
-1.236562316792500
-1.414412837588648
-2.271441452772280
-2.801640338625029
3.158714939837492
3.896557831590943
0.517894763900626
1.177867958448245
-5.652974746035761
1.326367108049118
-0.021242701260898
0.296666312851708
1.596299500016272
-0.569983690569430
1.291322191868388
-0.166473277318859
0.643214400543562
-0.745321362737919
0.774812690134261
-0.969831973088311
0.277215069998854

1.819297886419606
-2.233320351358505
-0.657673540204130
-3.084093941429184
14.122611903443433
-10.008479257505337
-3.558030713856293
-2.090518134271635
2.758246812956669
-1.964021101799503
-1.090231601710717
0.615914578875257
-1.714389512393354
-4.262859261713574
-1.102041334843205
6.913531884959038
-0.278021490116777
-3.596548844255626
1.233497678199644
0.399120000860470
0.297221800809220
-0.749529558093192
-1.094532609357799
2.336826248472455
-9.411611348171965
-0.169937064453894
0.762245712351303
3.182149964642987
0.120438930689860
-2.971268556867570
-7.634169359929142
5.578666196854338
-4.741543970984458
1.970451011336500
-3.773318947349245
6.583190198860966
-2.055041347374581
7.862605485086403
0.428646780860019
2.339536420163755
4.294988949863195
28.611394579953590
-35.568100755983885
9.329726286437548
-5.839960962636098
0.494109209402569
1.210361460166180
14.222536045214781
-3.887437356140643
-2.320429429850376
-0.045852167548989
-1.164462486218435
3.765694001258403
6.684895944300116
-18.363256567051259
-2.385741679524106
2.931983301466801
0.591123640808522
-0.463325528235524
3.815449618910433
2.097835298410820
-1.200736693214145
-0.959358266182187
-4.218428928892632
-0.922364286055622
1.046305005728998
0.230898154821497
-0.574600861734221
-4.608283472127742
-0.172276732571616
4.170001964820657
0.953450646762226
0.272970857215607
-2.938517696980785
-1.009797970715644
3.155451261319044
-0.176850353369172
0.092187968625023
1.185121331164445
-0.065026817207183
6.036189946691112
0.154324628946645
-0.235162113608096
1.124042623520577
-0.648804590432312
0.100541572123728
0.252338836268292
-0.373055652302344
0.272998171584293
-0.239751930456502
1.157711833635324
-0.956067519222712

-0.022645860107641
0.340833339510813
-3.204256146445870
0.120180956018450
3.403481372761658
-3.843822785296490
-0.552438227735309
0.953566857141973
-2.354887736197057
-0.025738261871763
0.773809523769061
0.246176706257882
3.958874877933418
-1.284820611581392
2.369889617060698
2.431603426479736
1.346677481485167
-4.018011271958524
1.077982768665759
-0.403714872900096
0.703073270198395
-1.650576604838643
0.482526527381949
0.629812131151286
-3.911556185818542
-5.869792135299115
1.047041102688483
-14.635408186158251
0.257746258202362
-1.192537696856735
3.246707408583893
-2.986573846837807
1.920938184249905
11.150242881690028
1.037899438471153
2.603347392054848
-2.505419694039068
0.647098344134796
-2.478695234612551
-0.707516028464254
3.990712162228949
-4.998284609592931
6.571998877923677
-0.905513845249555
-0.306117644871475
0.869322019622919
-0.631421323910937
2.697385077373976
-6.733244163959979
-1.225532597726880
-1.972889931238699
-2.414199986943991
6.367351537629332
0.254889819322076
-1.697561513637586
1.495905401912448
2.063279535570334
8.192969962537418
-3.434490659364049
4.035177476065844
3.014112130849592
-1.310310969795157
-0.162759399026332
-3.851695437637704
-0.866019969676699
-0.218714271199938
-0.130557535872489
1.006369851396725
-6.771815739793298
0.713601776655524
4.202302169890129
0.963627830803812
0.808707065103018
-5.512489959128925
1.594999339064430
2.267347823181915
-0.595972997020353
3.904658471979881
1.026960640913506
-5.642689428721828
2.143658055929476
0.165317078011425
0.307105523861349
1.139199176354993
-0.137385076957090
-0.027828718214471
0.701911602432884
-1.040017342435911
1.315133109207420
-0.417478196199786
1.021203779128663
-0.931312532304268

1.285386582661511
-0.590744602907394
-2.646057638211662
1.547103554348118
18.022656889310312
-16.404524776363818
-3.412529226249128
-0.603058950654332
0.328276254351189
-1.627103776623609
-0.330244092013864
0.043768846359984
3.732789391136521
-3.022967335113114
1.113404295966555
2.543233704456057
2.128326017495546
-1.983415156517440
0.500846157252823
2.603463397021447
-0.191074384860731
-1.720296159826937
-2.192805377557664
1.409313759754913
-2.927384734253700
6.419220636398982
0.549639189151514
-5.023485256541301
1.431749376534234
-0.605367422733419
-4.839794468720406
-0.182728270118164
-0.878809394595810
4.872206750189954
-0.925590412170131
5.990365447306004
-1.830131993941624
1.446585568190792
2.481205277506175
0.560991823905280
-0.830496436112341
22.334153150802681
-23.728514654006418
1.472409011878917
-1.352125415590730
-0.171119459577655
1.122352705578161
2.258981934755036
2.645791480758774
-1.129946218006890
-0.345428749534865
-0.180259408902502
-2.717725055995659
2.482257565466908
-3.878351269860050
-2.010948926959864
1.463106799729545
1.058291078772234
-7.423766288344754
14.582663463679161
1.771345884612318
3.633972389684742
0.091551911228306
-13.593667448384711
3.139099355539707
-1.644427238364113
-3.599639696229907
-2.106408300010016
4.828039342988157
-0.428199258421745
-7.191072152980190
2.466800326371831
0.521238496095906
-0.876031188551300
-0.130686382787726
0.138965903313561
-1.493089274998631
0.869769729136310
1.114180855538132
-2.831255249988312
0.428047570267010
0.370989652672779
0.204298945641187
1.094968300718850
0.385075968730770
-0.244725160416733
0.378009227865546
-0.973642846260598
1.097514229778153
-0.746864604554210
1.808744744645346
-1.206648844271201

-0.233363538384319
-2.167966573314105
-4.815059274269644
4.170878879025463
-4.082030155104286
5.013319772606479
0.058771922248075
-1.309311454109517
0.165113393237580
1.150828824195959
-0.142503741560253
2.121615830055458
-1.458135179802143
-4.081655211062427
1.109136938535376
2.783331961352582
2.410172348130618
-2.114543052645779
0.583653257345794
1.333882898212175
-0.727209974705809
0.502917125723352
-2.473000459762135
0.971167710921827
-0.670564525189407
13.030299652678115
0.028016407774744
-6.110475189749481
0.801832531533657
-3.123643776355377
-2.411143850794696
2.209940859312950
-0.430142037297234
2.950222139881533
-4.679624006814596
3.859529768330970
-2.224899332322775
1.536437319754771
-0.161355585577309
4.498495409897214
-0.264247178927395
13.741851047166593
-15.457094901439167
1.034354475067230
0.298274416433085
-2.591340692829110
0.114090873948584
-3.092742683461098
-0.470186538156922
0.439281534576281
-0.177902363002654
0.624779845745448
0.085449063296666
0.703847280033256
2.993278169076536
-1.821200630671625
0.513421240850840
-10.235224312786825
-2.415145341175315
9.427013723254992
3.005000439836041
1.049240116318512
2.121133834520951
-10.578922952415702
2.493020668064363
-1.002138353821129
-3.059927972824112
-0.449486027780849
9.516514740258595
0.492891052223304
-12.532962311769547
0.975757812077379
0.344566243940895
-0.327034347016776
-0.899696688259062
1.177916714044086
-1.299960841836980
5.384195597461321
0.396563451262903
-1.074583783219234
2.051562510886128
0.102706882680298
0.420423024062122
0.227341762933099
0.302461910931864
-0.263131008430604
0.228852853735268
-0.510295481723164
0.625632420908081
-0.463014213060456
0.705347140286606
-0.483470246802863

-0.474508383629163
7.129821821697478
-11.253608451768690
2.909448255382972
-14.076430666450257
1.482167486264944
9.794058112989140
9.080973874582490
-7.640972262600918
-9.044847804829930
0.162687142232512
4.259601613784559
-6.648056089459105
-3.029035197924737
-3.545999132872628
1.461843199005326
3.605045082956358
1.242905480367694
-4.705425891183250
0.428579484563958
-2.088264804436288
0.954822149922567
-1.248801604695420
0.208180574728730
1.339705549137275
0.161754576401651
2.488023961243746
3.306112774339376
0.906418055161931
0.522774495793914
-6.521960467727904
6.428681016232354
-2.202448036349846
-5.433177924553997
-1.503658385928941
4.567482354935191
-0.113470232057531
-3.325727610823703
5.573056246581492
0.033803389380612
-2.491921958212009
4.681055789677576
0.110422765914469
-2.304858898257757
2.277829549905565
-3.321823401881923
-7.741193998179027
-3.847917913989652
2.926622138739760
-11.208030149945088
-8.483044747180077
-6.061131104662345
4.225983429355432
0.631212918783527
11.464919254518815
-3.748572828791787
-1.455722197518755
-6.197159607658886
8.864969189964148
-8.402082675887158
-2.105161899980266
-1.581461365325901
0.862701503522418
8.358284854146604
1.944701905178776
1.031935038233808
-2.782049315011196
-2.415115707533589
-0.891313844279869
1.249701014371648
4.038265359911703
0.949954317736692
-4.580707920405891
-6.900962661155450
-4.960208297638006
6.969205206867374
0.101093703885064
-0.945846970826621
0.515700551438880
2.098375346003374
1.645424776661583
-0.819350068589350
7.752856458620696
8.185575529945814
9.362659692028329
2.122003936406232
7.256211058700390
2.387911944993277
1.995082626698233
1.478167332674356
0.810195627697188
1.755060951921342

0.020472693337328
0.015862215711713
0.028113669578011
-0.001529311334032
-0.009529258121179
0.002161851768632
0.007793012181692
0.005350533965336
0.003905052257171
-0.010336795540245
0.039658988287583
0.035372280419266
-0.073256000417713
-0.076066845774098
0.051290337108460
-0.140392802362439
-0.089478700815494
0.233199941252483
-0.103921368883762
-0.214914324379211
0.142953731006041
-0.988626329133354
0.669233932511511
0.090286488302010
0.132752931745021
-0.011618946298768
0.122603715782804
-0.603300247630553
0.861471816137010
-0.232275600634933
-0.133143661256501
-0.029036197088955
0.335352117621254
0.277008386791699
-0.051844735077889
0.033549294596390
0.048143783607973
-0.007836300315822
-0.047480814238286
-0.077476443185328
0.030820475656614
0.028029137206561
0.054836932795608
-0.061861179085165
-0.062646868268562
0.116604629654501
0.015286132556712
-0.038841941899011
-0.002999523835981
0.004874919118460
-0.010604771319889
-0.009190498740591
-0.013529919947495
0.000534380242560
0.046848619080977
0.013608132676511
0.367337218813028
1.514064402083093
-1.755908056427937
-2.299443534447433
-0.164332844173549
-0.550843258120014
-0.938337645495760
2.790965822334240
0.420340620266071
-0.649971277810192
-0.616668641044940
-0.132387970701700
-0.731636039760371
0.529428740057730
1.827158435904195
0.070649373047450
-0.014798941020924
0.055775058945008
-0.020001187582642
0.046595228595525
-0.008645355455667
0.052440141067094
-0.017163835492735
0.011973564428304
0.025540331988565
-0.154002253473910
-0.070148032075898
-0.068660323266884
-0.083896310324625
-0.081414781334078
-0.071183014805706
-0.023631909834035
-0.036492685067999
-0.011314742445176
0.040287133451080
0.382085829238483


0.054098  0.110139
0.072771  0.164123
0.106668  0.220572
0.099902  0.210880
0.076034  0.204629
0.073660  0.201887
0.106111  0.231793
0.091691  0.192078
0.094223  0.156488
0.044336  0.124826
0.125153  0.126734
0.149351  0.149274
0.126000  0.152964
0.194464  0.155274
0.206098  0.105511
0.215341  0.146653
0.260184  0.212400
0.235895  0.158258
0.289752  0.150853
0.331721  0.259579
0.488649  0.189953
0.425375  0.242083
0.323149  0.227789
0.229085  0.282942
0.159768  0.369560
0.176977  0.517298
0.251620  0.449700
0.224612  0.385374
0.338204  0.371157
0.227698  0.331933
0.171544  0.399352
0.188553  0.400532
0.230350  0.405066
0.218810  0.388133
0.139738  0.391710
0.158798  0.400634
0.173227  0.431870
0.155347  0.380874
0.147649  0.353827
0.119216  0.376549
0.131984  0.341600
0.094768  0.375659
0.091869  0.376284
0.090036  0.366037
0.119324  0.347221
0.132497  0.364779
0.057127  0.367277
0.055932  0.427225
0.059661  0.481332
0.042594  0.509923
0.049293  0.443677
0.038486  0.409530
0.049910  0.473348
0.086104  0.461113
0.062830  0.427164
0.098732  0.496932
0.126155  0.553838
0.181622  0.521315
0.174627  0.534926
0.275037  0.571887
0.302635  0.672699
0.326641  0.711329
0.342939  0.577424
0.281962  0.575971
0.481557  0.557215
0.487604  0.616844
0.438601  0.537366
0.216877  0.677962
0.275690  0.678695
0.376937  0.770508
0.286190  0.688347
0.150787  0.745714
0.069545  0.830558
0.066775  0.870784
0.061302  0.856811
0.082586  0.861327
0.092255  0.814891
0.221156  0.358598
0.147492  0.213989
0.151743  0.117495
0.131159  0.178749
0.000000  0.000000
0.000000  0.174157
0.000000  0.348314
0.000000  0.522470
0.000000  0.696627
0.000000  0.870784
0.097730  0.000000
0.195460  0.000000
0.293189  0.000000
0.390919  0.000000
0.488649  0.000000

0.244049423790661
0.327959811253533
-0.039331843824084

0.378282507088475
0.382372525448785
0.026315196563544

0.714365057485892
0.267663967732123
0.227790928044842

1.006076082259853
0.144536802576499
0.394974939472773

1.581933400149762
0.056341843955186
0.213322948751368

1.965861415198206
-0.148967759561089
0.282840199419463

2.494619609194499
-0.262275822685072
0.100660867663322

2.760390393084866
-0.371750880807755
0.018836628649983

-1.275617258275782
2.063108714348756
1.148124273512361

-0.050648335174808
0.291809927809763
0.099775133134042


