0.13000

0.600000

0.000000
0.000000

0.467319
0.916506

696.180948
0.924463

86
10

-5.867944982598793
0.156659233116381
-3.879404652299802
4.586610257891849
1.377219593993317
4.899107728327780
-4.877333271087254
1.675025596600760
1.569406932205018
1.629052205749611
-6.264278787154479
-1.712012461993274
-5.534262036241329
-4.238320885699244
2.754348813756815
-4.720137604766939
4.258433996495108
0.279459261366654
-15.819318480393116
-1.750512963680735
11.694897533741914
6.518663945167663
4.776709450336464
2.232374163907967
-0.505541825352540
8.449941818080527
-6.517794683323366
1.515491359619064
-0.873546281943940
1.328033879111386
2.159327160483547
2.919699487582734
-2.242768145322342
-0.084979778433606
-1.621858584417232
-0.082116230285030
0.523513777398524
0.571397143624025
0.701533096346632
0.057374470244526
-2.945296208628937
-2.807492240353083
8.622170805540149
-1.454694980070139
3.556386316120052
2.324145058659522
-5.107781540324272
-0.089046819597857
-0.605573542999755
0.625631581952248
-1.315342894328349
2.461011543292291
-2.044325562089796
-0.965068397056641
-3.053634841271077
-7.525813292545037
0.119133126563801
-1.988185677801183
3.873358222800684
7.019339987065783
2.106384452807006
-0.912256358221112
6.805550115561720
-0.384821268521653
2.077176590442567
-3.053231344894797
1.323427330292762
4.481834951649513
0.795212896230610
-2.762187921972745
-0.974208985246321
-1.498123407340681
0.857042610991852
-3.628928229762994
-3.690485652103602
-0.266986450013750
-0.150817968252155
-0.079108239017807
0.101535323106933
-0.387431104821204
-0.121905480599500
0.092962729603935
0.271263066839810
0.881144057566155
-0.514937356846035
-0.109174256999170

-13.075565895956112
0.853210954049775
-2.154711356438642
6.850986449602491
0.945005648166355
-3.556355078582780
2.349769773143769
2.141966947697669
2.468894149398670
0.685165211305112
-0.149132240597069
-0.242078920162760
-2.354394054071536
1.026999814959690
-2.386486192041916
-0.545611824545188
0.991516315765165
-0.332800461645169
3.390332895719000
0.965815147670980
-4.645212326777326
0.148539642194333
-1.277817043483904
-0.102729283420508
-0.354999617019926
0.190383201912705
-0.477943904025547
1.344710169559607
-1.401813490711811
1.315486635516882
1.589042062134943
1.283603168590867
-4.126079836300918
3.205450203417982
-3.810502812892802
-2.338687481743840
3.981551019537044
2.204784242718369
-0.776148932634341
2.433761872431147
-1.087951364450608
-0.647901896484989
-1.721727417770276
1.038732056765238
-1.221790659078716
1.066685667346588
0.959424904598090
1.741195856364930
-0.416075149226940
-0.179555835768741
-2.997751899329598
2.584121157914288
0.356786541546824
0.676610329995308
0.103787792425093
1.416507874955532
-0.934503166241925
-0.387590476296125
0.422790061028316
0.530620906808726
-0.885143335964196
-1.473914906750445
7.780991549671840
2.544098809644713
1.374446129836515
0.715536388660157
0.008416307836840
-1.383019824481176
1.001409055775173
-0.971585601755148
-0.355286977124554
-0.423559407965659
-0.994251159271354
0.360533245588670
-2.980903694033049
-0.278847527487723
-0.928421506523496
0.211054621798535
-0.639425484919484
-0.771259785808301
-0.203717159665755
0.758525581394307
0.041239568854360
-0.324178521728066
-0.004013372915407
0.260956957513951

-5.225388251987256
0.669311557942606
-5.772869228108776
0.582545451520035
-0.515227169900988
-1.327687305205658
1.922787587247274
0.928942149556278
2.876735448115373
-3.462062256440548
-2.846602267019234
2.616081072716064
-1.913037379018472
0.902420925186195
-1.969057351838235
-1.094953542937192
0.854410890719262
-1.715704671194909
23.106767392187017
0.423217386008192
-23.523022610301844
-0.888136345441036
-0.928434665113676
0.302071199161319
0.597864423082784
2.841442022701465
-3.059668146237533
0.979039779085690
-0.252926250709999
0.549780935591448
-0.358952451793907
-0.433085949219811
0.675212753028464
3.213412667155094
-1.440727620694350
-2.981933404594602
1.570390932875059
1.197840826585414
-1.673135844436069
2.222227926586761
-0.279297462845280
-0.991789919439836
1.655522461480711
-0.608000006981369
-1.082639018397237
-0.348071178264806
3.987324501572563
0.505339433266630
-0.144205748114733
-0.054418124220400
-0.583807196678354
0.962510146490021
1.251122401444343
-1.454496159006559
-1.395789412074789
0.810658390386819
-2.308363421823733
-0.700197558866723
3.321602367189302
2.239982754117182
3.571261421838655
0.272782895962627
6.980279599641424
-0.096302862944395
3.319329069228865
0.569877155406688
-0.300512739772138
-2.477565087211864
0.271984369675920
0.107066078366730
0.292065767807378
-0.874750789816796
-1.286809690298501
0.373677256979523
-2.530093152161035
-0.080016970462264
-0.516108908265023
0.382032894620611
-0.766318148133884
0.022080324083092
-0.137508433570721
0.066821142763454
0.298419013126010
0.258811169958415
-0.390497165818321
0.237117988962298

-6.291022329976733
-0.445302437291090
-2.505758981966141
2.935185778045736
-1.827096434266739
-2.276261076665906
0.093550439403276
1.820733637015596
3.565786671297293
-2.549375496899173
3.286370892258244
-1.375271199637662
-1.642230540182459
-1.813814694515666
-2.934544070995245
2.687163192142373
-0.781521273733076
0.098202406573300
6.024354865527608
0.412318338215527
-6.148004493327387
-2.928094750453415
2.490351869279624
-0.930819201269386
-1.802850689501484
-2.943104238844264
4.155912041073018
-0.508929807699809
-0.864390616035167
3.931251885093440
-0.578320354838049
7.514219958279684
-4.037650054909330
1.231570856496366
-0.856475316943435
-3.648692024721282
5.106305970384432
0.373428773552959
-0.257489200276153
0.866756684549514
-6.184826088927166
-0.476152999990368
-1.321092120077234
0.675058876866653
-2.479708644366295
-4.023346104744503
4.487176679751055
-0.734799610431647
2.092749235218445
0.255623742760915
-0.909186943856263
0.317015748354015
0.750728328934902
-1.637780954376721
0.244334632328082
2.233269457785465
-2.139431828981146
2.678184760523148
-0.299402161220519
-3.695221378577744
2.076714075426353
1.831716531542863
5.626682282712026
-2.676703026567154
2.707861234700661
2.269581099337099
-0.239615702365357
-1.089528631140496
-0.074250794079446
1.315966364769629
0.514759437304819
-0.310136291981444
-1.540550520126432
3.634214655539430
-0.201858870739549
0.035902943353156
-0.445289914337201
0.383700559587243
-0.488157699555396
0.701220194561495
-0.660682861628365
-0.342541845426163
0.680507555128098
-0.019522589683113
-0.312795209404523
0.143169431410486

-7.782658455939860
-0.777858095765513
-0.101373787670215
3.060584996866397
-1.818126528549485
-4.142098798886539
4.973604305103958
-0.394156950122839
-3.193651714339078
0.516773661527002
1.288503183635225
0.675119309389041
6.381116929781061
-1.265662781367033
-2.136530649418616
1.468372536556290
-0.707415184560522
-0.449335087221582
15.038536671286865
0.678177462050162
-15.958009720918234
-1.146882014860254
2.039327503374927
-1.367285382460883
0.020055184160448
-0.225717293870907
0.310705196489084
1.399001531692762
-0.879893514043646
1.207072430545553
1.751107285557910
-1.220038336074410
-0.726313246405880
1.142374583716456
-0.880316726801314
-0.160566998571074
-0.048555927185410
-0.061823362458272
0.696261753967717
0.536740064801129
-1.025121780415301
1.019172745225836
-8.205623525626201
1.185722110498031
0.234222151535634
-0.050859994992159
3.426706733146943
0.287190282850296
0.253916143387105
-0.220683467191486
0.131004110888757
-0.870030127816958
-0.145564993327272
-0.534258703931734
1.285707550842324
9.561903155897976
-2.364079764722898
1.270696412119072
-1.204843553789785
-3.610233582479925
-2.955281264065701
-0.102707267812521
6.215100665872288
-1.577568998248113
0.423269469311473
3.324743477465148
0.961509029691838
-2.869479150284775
0.909547905386940
-2.638262740647822
-0.179152925380402
-1.282422563313775
-1.181288770075250
1.270368949745701
1.956516396888885
0.115365811714858
-0.445461776290369
-0.195299111991638
0.220129559535783
-0.125273561854434
-0.022617864380972
0.092183537506596
-0.063209831047903
-0.139739223615143
0.084781395484740
0.040143034581983

-9.714330145010298
0.818125510292064
1.386752632818835
1.714218399038772
1.711706414733396
2.070097280745239
-3.485245100923336
3.263691785576234
4.155663667735111
3.100414401945740
5.010377710317257
-1.467887223032875
-6.504105919003388
-0.824710377084937
-1.214299075863142
0.511346798960550
3.224564154445659
-1.325533738186713
-6.438904261674622
-1.421465686126114
3.633306645789428
-0.456243180544939
2.328276224450472
0.910228215694761
-0.067269815953344
1.523277720602320
-1.393371226565705
3.039845189367629
0.185431299456513
0.850374315552990
-2.590633775312785
1.402608156323550
3.549788866652581
3.739884309975050
-4.085573787363690
-0.907627308006324
-1.312395804528159
1.224636635569977
-0.897138032127853
1.839679641934485
-1.029909094756559
0.654331737453361
0.928513510227806
0.866115059324514
-1.018436088257345
-0.084448591039153
1.759689145856949
1.485776054119141
-0.417057135348650
0.015598453645612
0.312988945274225
-0.779367680537282
1.222620260425055
-1.455383015703829
0.902046642731120
-0.293575388585571
-1.125267011092530
0.747666833279370
0.431113231522284
-0.907531340377356
-2.158157110540564
1.301695426279003
5.948337153355772
0.393136355978984
-0.605057607581143
-4.104747888188016
-0.350421686622469
-1.564651437695560
0.294324382956127
-0.779870477043195
0.339423285948335
-3.826795258706849
-2.188742594934162
-1.198477619499389
-0.409799133268258
0.103485569370254
-0.331506275094016
0.047324303530560
-0.196280569441213
-0.121298995967042
0.145110375619323
-0.051403922499551
0.211436210305955
-0.333811788836097
0.111209104896844
0.022494155308204

-4.124086243564577
1.070479905279214
2.000740176153661
-0.578336594688146
1.513123147463756
0.688626289232021
-2.988145856656946
-0.127535034447184
-3.586911804499266
4.585398244475297
-2.418593512853531
2.298790173820266
0.445153171568007
1.261584809760156
-0.052056259872778
-0.518279365688586
1.628357532183619
-2.408846404027643
10.212389415561736
0.101058253967884
-9.889461861951908
1.014549044026625
-2.035734191433804
-1.746891054785321
0.067927716234349
1.871278752596203
-1.568097246779896
0.575016027676244
0.246157700727556
1.460813421013082
0.894088202729895
-0.912529607385784
-0.601738897110999
4.850868674028438
-4.146123429884482
0.528315324946984
1.007421483146931
-1.214577979440847
-0.048464595439334
1.477605703626081
-2.064678652638348
1.172883689153860
-6.093400693020462
-0.445314807594029
0.758262335478444
-1.160941374453001
1.873871875166463
0.017119300792226
0.421903348302171
-0.228227422861195
-0.199029699750056
0.353463392306383
0.500652148748816
0.129113347544107
0.060988005589320
7.876803998281611
-3.694161891769469
4.354257182680946
-2.542012493213567
0.905230934243747
-3.997923558429219
2.597702036039012
0.296937883227492
1.196487868909314
0.192215834542785
2.821175055295310
0.591108894695250
-1.183488297186775
0.480368205278062
-0.820350248704270
0.018661814376443
-1.829481721749207
-1.658807406907904
-0.111202705984111
-1.029734389532633
0.038921961057792
-0.301963175386098
0.047714810325979
-0.249725299111913
0.092884753626889
0.087364891892904
0.076154653004568
0.086458598168158
-0.307806275292858
0.065462349744420
-0.029252275507993

1.497626965936314
-1.629075368024346
-0.608959463252597
0.422542334546365
0.273472932654028
0.308178984820895
-0.545716511810294
3.381760658557153
4.380831975370268
-0.792598103106853
2.301024071250948
3.313875770407949
-4.293724682967585
1.705162821355799
-4.249656614255001
-2.217855963864751
-0.995689969820041
-0.550585789163717
6.167391717791469
-0.559502076158025
-4.470868807908615
1.650114448412849
-1.642799198373398
-1.948807050607593
1.574454713773995
4.440838812240506
-4.661281122443674
2.496123768756015
0.537192607022954
0.706242792319863
0.658823424844276
-0.970609919641654
1.106337042293127
2.675880119886380
-1.475814280627965
-0.726338917991287
-0.928012495586121
0.139150977812957
-0.176257394095695
-0.098229621689379
-0.723965013056165
-0.328439223464855
-0.614340916576573
-0.562002793610295
1.203103816460700
0.486071621954585
-2.043846886012735
-0.022762271275865
0.071160115740219
0.884950292237437
-0.792044026517817
0.101866692124017
-0.148245890816973
0.808894621948487
-0.513604372770824
0.363505542356766
-0.509269244150458
1.086896860244193
-0.225315304043999
-2.574242840062916
-0.954498944463067
0.499718624787151
-0.985665183504190
-0.060071668027044
2.003319234214896
0.245020676013705
0.183973876617518
1.672306057010264
0.414269028382507
-1.104271183212568
-0.114940454732395
-3.402501094045679
-0.358218901325986
0.079516476345027
-0.161282903780342
0.123346464976250
-0.157742142670158
-0.322646304078403
0.007753687829048
0.169013123186250
0.032845997932035
-0.135754175480023
0.726951808667394
-0.913083057516649
0.394456495123970
-0.024829951148186

-2.203490181065628
-7.674368032090456
-2.060146969212972
4.792503661458857
0.312610882821805
-6.124912797928047
-3.581072905361474
-6.248390602064958
5.256042459014809
-6.279904817008330
1.644832132312487
-2.090653323713062
5.322046877994149
-3.962764563327702
-1.491587685445630
2.781146357908031
2.528536258215461
-2.822283087995748
1.058221492668196
0.746889229082414
-1.737597960563158
0.614085853424085
-0.651237596755690
-1.250567428027492
-2.411439720700181
-0.479554135678608
2.250180926445343
5.783686211202073
-2.179930436997425
-0.913679539386566
2.798943001575140
-1.349929749680775
-2.071972042828754
0.638684962058068
2.244489340826428
0.846115394349422
-2.712105823287789
-1.480729587183911
-5.250433883209385
-3.187131841951567
1.905506352291674
-0.220776910528206
6.908421072777473
-1.842049542335857
2.680410200779500
-1.206500863605062
1.463458934091003
-1.140310166900277
-3.750960075858632
-0.680307235406027
-1.251982323221612
1.938577053431102
2.931807825739010
-2.179284204029749
1.381454015068008
-8.726803181028547
3.549435165273731
-1.739131751441631
2.470366714358766
0.554987126501863
2.671644820595159
0.534125116013812
0.710517400380997
0.804066553191967
-2.350461997018262
-0.512345098010881
-0.446690510104067
-0.921004272274030
-2.686438497184731
0.776945379691367
1.189941976307353
-3.929960878077918
-1.334937936761873
4.712264089799040
-0.086503206039770
-1.694480732908936
8.031995272871669
4.111126533436761
6.150540849531475
3.323954706351961
2.282194437496107
1.914943423065262
1.401855585575952
0.738302667697461
0.546082683906238
1.612872975704189

-0.038052998921866
0.011528171471785
-0.020352384942679
0.056875999893681
0.002658710997901
0.063808126246627
-0.056295014924557
-0.241248602570326
-0.167991557402525
0.010183965641350
0.683674449313185
0.123348393696354
0.211154466029349
0.395485132361332
0.242326293924117
-0.513627702511960
-0.369026328123912
0.073994858504117
16.638807926157842
0.464616480008339
-16.730492393678372
0.168284444262604
-0.580353669689398
0.129840103389802
0.263100992072821
0.194475390737821
-0.131685049766789
-0.236375967043200
0.022475568127726
-0.325135316005255
0.000515631371718
-0.116127858327672
0.016468646008986
-0.081569557309209
0.153739894902958
0.023975357887480
-0.014194585322041
-0.030064771269489
0.003888168175560
0.010944167566263
0.234004492295909
-0.078974661874136
0.732408914118836
-0.007033890496202
-0.196729213353687
0.036674286745897
0.016408670679187
0.018740293813542
-0.057001766208383
0.274701639409442
-0.635494254222861
0.133503415385299
-0.588208044234480
0.298863399374610
0.244087945234660
-1.011276648541871
0.349751036889906
-0.309749428619007
-0.035617961737113
-0.294669271429826
0.045633199699898
-0.038698475987156
0.021223780427184
0.022189728792221
0.029853009634735
-0.400121166806346
0.117649940168300
0.101612132648619
0.007779673782249
0.131253221234302
0.104668408819519
0.376786191403332
0.069252066650543
0.027228767936543
-0.045265612069403
-0.053679254936953
-0.027321431419730
-0.025395487564618
-0.038036448557456
-0.026460957801948
-0.013667896868045
-0.009061989577166
0.004441547843375
0.038334764054299
0.041403385540987
0.100432370786333


0.069318  0.188052
0.051232  0.181069
0.066496  0.214044
0.079535  0.175830
0.078511  0.125820
0.110789  0.129980
0.095303  0.128329
0.168209  0.167357
0.183238  0.179435
0.170211  0.198903
0.199187  0.264358
0.211579  0.195221
0.173463  0.178977
0.324933  0.194081
0.196233  0.159490
0.265121  0.181548
0.395188  0.277201
0.421106  0.324289
0.380450  0.272810
0.341401  0.280354
0.378395  0.273307
0.268667  0.219138
0.331954  0.223931
0.243835  0.277407
0.288313  0.375593
0.241400  0.408957
0.255011  0.405603
0.203298  0.385243
0.165131  0.379539
0.189923  0.446106
0.128137  0.434781
0.143074  0.458211
0.107610  0.437544
0.129279  0.480037
0.124190  0.488958
0.095174  0.460342
0.087717  0.434768
0.069870  0.471531
0.054672  0.499174
0.076494  0.566593
0.161175  0.448860
0.239525  0.460546
0.195235  0.536076
0.272583  0.781395
0.226139  0.808310
0.155086  0.794576
0.170789  0.762792
0.108083  0.707990
0.090765  0.781743
0.358750  0.571810
0.316319  0.631203
0.362235  0.628040
0.394725  0.393791
0.239890  0.559405
0.229391  0.630364
0.189393  0.545239
0.192698  0.567849
0.207818  0.608021
0.231935  0.607408
0.182283  0.269145
0.163763  0.220327
0.096287  0.150915
0.067824  0.198979
0.111631  0.223628
0.066360  0.245886
0.206279  0.274410
0.467319  0.396483
0.160422  0.749083
0.155372  0.916506
0.181416  0.847437
0.345526  0.852349
0.195365  0.398951
0.106095  0.623416
0.132359  0.143844
0.125135  0.266585
0.000000  0.000000
0.000000  0.183301
0.000000  0.366602
0.000000  0.549903
0.000000  0.733204
0.000000  0.916506
0.093464  0.000000
0.186927  0.000000
0.280391  0.000000
0.373855  0.000000
0.467319  0.000000

0.431518980406741
0.179058515587220
-0.073196916421045

0.668443977675475
0.519129717746232
-0.055468490560820

1.135919068454479
0.289096501638130
-0.105296489707198

1.527147637893926
0.182044824812601
-0.139883603027765

1.813128281366893
0.043089053230004
-0.051075881044036

2.051728623963721
-0.047551122650769
0.032905550218661

2.274230476946538
-0.009963067765797
0.070535177611847

2.584735965701229
-0.038029348007019
0.113807018088294

-1.202307244030278
2.247963694791342
1.019983296274511

-0.026780496372782
0.069941569711105
0.028086993679221


