0.080000

0.600000

0.000000
0.000000

0.501006
0.833160

711.479340
0.609357

84
10

4.331348877614034
-0.425923308424394
2.393524179169756
-4.762764556982181
-7.485958921866957
1.187164118024691
2.849953721806501
-1.586491105744862
-9.730994536829620
4.002064562092834
12.524099586340759
3.842724785869717
1.296434208065378
-5.521452926034064
-0.405876360910420
-3.939183024202502
-1.187055609167633
3.197831420678563
-2.751407865985349
-3.116031238514549
-1.331459413767417
-2.989582134098103
-0.666737312479541
0.568105506933150
1.432667326115558
1.316167711627181
0.740026336833529
2.349268826041226
-3.255228071459829
0.106734147358166
0.433123852115968
1.350020256230915
-0.386983736760558
0.402681393785504
-0.655778852721634
-1.187867744651940
-0.495703892455375
0.456697753364745
-3.603043668184483
-0.915367291381821
-0.379058572626171
0.972550177685914
0.975317987654222
-0.790493918084592
4.225988780168922
-1.541082173105100
-1.702681245298222
0.650225298013306
2.311226336596987
0.373178586427733
-0.797946431256804
0.896412955193797
0.284923571010051
0.341560830115457
-1.602340924909564
1.099747444144879
2.162246103930303
1.718502975653713
-0.357833826854873
-1.408814715597361
0.877254106925777
-2.753708585272714
-0.384998392950827
1.366198265101742
0.767796083990111
-2.194103779481790
4.242693500347784
-5.359102162603488
1.514179456541958
1.766809532445480
-2.177848819327898
5.718284783802429
3.239661326182485
-0.457951016306684
-1.332549534599968
-0.279665532664940
-0.479722335665098
0.377256926867298
-0.506624502722404
1.761081841189725
-1.034367938439556
-0.593726460877850
0.160557226758122
-0.048780077351509

-0.178997201135897
1.629677501210170
-0.780578889653882
2.353143941557641
-2.913327997630643
-3.250912493106807
2.163837234736759
-2.618081469061408
-4.616648325398823
3.487491344785959
6.420309785318731
1.077587760975105
2.915981007185678
-2.309345414937043
2.593945931546916
-4.094506366527726
-2.372502584557656
2.975675950696528
-3.072503810034698
-0.576576335869488
-2.796888218042039
-0.898202300127345
0.327194289736724
-0.110779005362280
-0.671130937611273
-0.222046728096647
0.340614884902518
0.046133700145861
0.198981604163969
0.442572660225106
-1.120408234396676
1.647455826983379
0.913669244905525
0.348940951373616
0.949435302766287
-1.033743303582118
0.125955269291644
0.442114233934729
1.782796925715043
-1.317218337829435
1.669992708347218
2.054457922404490
3.693908096248157
-5.885740600067457
4.319266049638556
3.730404464155332
-6.044962494959304
0.044005144612584
-0.389624541371977
-2.122225856085542
-1.077736430033051
-1.543562138688121
1.036913927064431
0.270609153703431
0.039257129365550
0.332620201327850
0.949589267987643
0.106776722785079
-0.322946999068124
-0.747126672518525
0.415473998414085
-3.236156635671625
0.179996763067726
1.380064129761391
-0.682852658775439
-1.208468431756333
3.011923655775569
-3.597515249652980
-0.593121521029183
-2.074413982566643
3.256201877770498
4.022138698302888
1.858460093118105
-0.186117608438795
-0.346005452975652
-0.370330898489244
-0.031682924035112
-0.187053648804144
-0.249502381917467
1.006094142284135
-1.027507527484085
0.211996188526946
-0.012840482952002
0.118227398210621

-4.914103076833563
-0.849700892152820
3.223543511876623
9.662310815589363
2.390836287762900
2.068972314886903
-1.926281392506784
1.843197193431147
0.584552072894967
9.781749130195847
1.611712829466863
-2.807280197123778
-0.959929348531923
1.027299603792700
8.572970839150212
-2.607309565050017
-4.710124933822499
2.863618406143099
-9.140665367166433
-0.818740628822798
-1.786304346965057
-0.309957232151260
-1.302924995154148
0.851730354132731
-1.075344915703224
1.792343046171482
-0.890269211552144
1.527404931447971
-1.729670628843292
0.565526285278592
-0.060161677166363
1.831172502476378
-0.678678462744335
0.297393649566084
2.222660533025153
0.076941795223875
-5.783823519552582
-0.483699769305418
-1.883881110994627
1.261105970175930
-4.401036351467384
1.284459539303911
-3.445122722929765
5.178623172487279
2.070080361196151
0.829610252528263
-1.481482262966892
5.119398680266366
1.690168776679238
0.239315711979146
1.228120322484314
-1.139266223599862
1.622152772941697
0.164457346766580
1.506582163106841
-0.743470432156072
-0.160922786940159
-0.988988052817417
0.726199395568001
-0.811027222894974
-0.065724036618076
-3.495770171932752
-0.460439204731956
-2.445494580926765
3.330651858843426
-1.114274456581732
0.431077790253969
5.639779155086961
-2.327042202270838
-11.357174298666589
2.858711877027599
1.322709003590911
-8.370129503620985
0.143654157759784
-1.011737448234100
-0.208747419843290
0.673535153983321
-0.414368012120930
-0.072464828740695
-0.557005909077375
0.083521778191507
-0.401622490244326
-0.043431182591645
0.035741748755811

-3.055794780660975
1.899782660110711
1.848458986270890
1.895439537303489
2.399365985742693
-3.605490030564002
5.855065781161823
0.823508875294261
3.122598567871989
0.000000000000000
-6.466439459820336
7.832915955155636
0.632807434337513
3.382953590032624
1.600040268825651
-0.586448919423719
-4.714393141292814
-0.119364458174283
1.246831381636496
-7.320003651222769
1.754899070264058
-2.057885821334653
0.420629571599743
0.689835157952048
0.711476091246012
0.870920216628234
-1.159319063508839
-1.180049448518837
1.816924507670152
-0.291744472032344
0.983513536957502
0.792720724731374
-0.585263219937081
1.326607752954695
2.638251054645190
-1.428242711459374
0.649985683896222
-0.191024651214739
1.035007539665760
-0.986634557930233
0.550509156496461
2.016530597055410
3.110320105331211
-4.397879187446624
-3.530027352915687
-6.150034571489769
2.174271369810276
0.182269312724235
0.938055858295989
3.196319892308929
0.022228770769995
2.934483496973104
0.549843980252160
-0.021953180495229
-0.262865855775428
0.703075814499907
0.276964680546628
0.789364779995042
0.569947257680950
-1.118490336515843
0.287423340682514
-4.498202669155504
-1.373409761558397
0.252103264013512
-5.397248847958746
1.088453730876500
-1.706130809836224
-1.274972322641476
0.163649030848133
-4.893289943402575
5.714116383708219
-4.782171529980998
2.419099993908418
0.003503290185444
0.070657700349501
-0.066933648805838
-0.034497108909825
-0.055419060440468
-0.063552511683748
-0.531777329789042
0.640542540024824
-0.598630034955792
-0.296917554721221
-0.081775372001244

-3.232905286935462
2.042912878815050
4.768072027110898
9.723307517435879
2.854051384300554
-4.072614013170141
1.751008045563550
1.690534597977125
-6.433485681071739
1.467732983501991
11.394213605411620
10.549575163937908
-0.194709226316634
-4.430217006123959
-4.394129061170975
0.656264727683957
-1.450715713801280
3.077712720194772
-1.740129971622761
-4.481459553745925
-1.865043810409800
-0.414504433148349
-1.377750295684670
-0.988274612456232
-2.174489292792948
2.353225012484980
-0.927067802167168
-1.536928707970938
2.834057050124717
0.576609182234597
3.595967002507765
-0.120518357330972
-4.261662329024071
2.982244897307164
-0.169615505300831
-1.813017882486774
2.621959111344218
0.108195529447531
0.696365001406571
0.573155306131503
0.814551767284786
-1.114028571485159
-1.561496573398961
1.742915506812670
-10.471167821697783
-6.628022971575047
10.850098352380238
-1.413342382680494
-1.724796957834091
2.160243563341628
-1.292381128774365
4.109445583382589
0.944907346639303
0.325058831879698
-0.345497469434542
-0.430029450230559
1.023967976599229
1.365116687966012
-0.461142892049743
0.140238195294084
-0.486897424398379
-1.531210782184090
-0.086450015703335
1.570513736794643
1.349063481892114
-1.241921970253897
1.295314129775784
3.872290470953090
-2.360683740101482
-11.573472893157657
4.073378641157395
-3.453246618187519
-7.646604923945544
-0.025991224682836
-1.334990424938289
0.362759258464869
-0.503587492083870
0.264974328435734
-0.217010867787636
-0.480696603184748
0.335901089200695
-0.432612806104254
-0.326939608466317
0.305559462140965

-0.242851325699505
3.467563313084842
3.950597900031862
14.486670640211862
12.337250148183722
2.140098427854029
-2.781395950041760
9.351903483685899
-1.859836391170592
16.970646821863955
9.918095628605093
4.216261337859474
-12.048200430152797
-6.733802636261803
3.695958071999105
1.536426178853655
-0.910283056529265
5.268108517152990
-15.210534066914144
-6.415996911105661
-3.004076982458904
0.977336064131258
-2.488941954509630
-1.112914979441007
-2.352231063646085
1.648974349481598
-0.094548726543214
1.864826613700864
-1.312702505131939
-0.475915555072268
-1.252388743746707
0.054951719670991
1.758027510922756
-0.368846865917410
-0.387487018234454
0.030523119277156
-3.141079402486265
-0.820090949079607
-6.665661429074461
3.095234342767884
-3.425707120584451
-0.255504407690523
-3.755417748179078
6.324287178774243
-13.703685300263910
-7.061173896902965
14.285331387902239
4.121043578890743
2.383099824985086
1.765764089725773
-0.045655610899609
5.775206339230353
-1.731646170601373
0.185730126970522
0.097842927110257
-0.101616746381436
0.823155433445531
0.338222459710926
1.269790293129745
-1.216700845310089
0.353431841680959
-1.044643208226809
2.552006520926344
1.762736062300471
-5.217013878374991
-1.063140486809516
2.524940000205671
7.497525938588525
-2.556980140780070
-15.377997854911881
-7.645107075961052
-6.730666005621520
-8.167624850490155
0.197535977190501
0.327478957038784
0.422388628395347
-0.250691170136290
-0.069209488260502
0.051606657566309
-0.949083816229342
0.467020611035072
-0.779956508127850
0.346355591851126
0.187054692054928

-3.139459940932415
0.953555005284200
0.424518199820109
4.885757061110862
2.578124270720699
5.697527287559748
-2.425252917693760
0.798038662312176
9.815770976941581
4.079949258047683
-10.295796429970093
-1.861163226949958
-0.467068423547959
4.220995745666411
5.853778247590372
-0.528281327119576
-2.395409329602114
5.530239301537617
-3.635129344436301
-0.972375900245591
-3.964314659841582
-0.634604895628505
-1.170104473016539
-0.067492373035785
-0.667078400544651
0.124632363413953
0.202316448140489
-4.455677742952612
4.612208752461127
-0.046127281484636
1.074967993516391
0.356492333754792
-0.419644640581857
-1.312996718203304
-0.715203447119260
1.455721200948053
5.367859586534410
-1.059781263969640
-1.638634644008205
-2.206962527653034
3.506655691766477
2.396305714321527
4.584561033529045
-8.966607137608390
-4.167926323657131
-6.349302175779864
2.762834699587264
-3.047519961928713
4.314498041003468
-1.246930340997600
0.989973012570630
5.766925306375826
0.890286870993357
0.108648240571206
0.206099599885152
-0.346615249462130
0.223161645332046
0.259916438275760
-0.875450409977832
-0.549363845955293
0.587408853393938
1.055847335202899
-2.703577399589072
-0.243652614962044
-4.544414691097468
0.042347009256885
-0.150876050822107
-2.357989645108980
-0.546955898349552
-4.220130808385144
-5.945939602229823
0.695119834524411
3.286259668409984
0.231953328366461
0.476483412690178
0.854076953230738
-0.475810162871452
0.216632500109480
-0.087161690466596
-1.071117762346980
0.553890671565042
0.221344435097277
-0.375874269152954
0.088093074838528

-6.897114165990431
0.869076035316404
-0.097369640668203
0.112335815426361
-0.862870006019074
-0.365638730868329
-2.204518016215833
-1.535660997379103
4.730304591222756
-2.629279955964644
-0.528991157976296
-0.538440478006169
4.443605982743605
0.015386975541179
5.479357300509732
-4.218300900585624
-1.882140802429797
3.944957244314148
2.109382381110938
-2.853920578309225
-1.906454023054489
-0.361700233432217
-2.011829602913348
-0.976782933615897
-1.350963557576573
2.045134536437140
1.615856213230857
2.649732248849955
-3.861483505075147
-1.200185696354013
3.025252321691743
1.216662672041919
-1.015519218119770
-0.089139187699713
1.521751381666752
-0.829797909420517
1.959193273673967
0.070584076042932
-1.825156891746919
-1.224270035555604
1.850267858546254
0.719016445588830
4.105695504149245
-5.844835404322456
-6.212370711160041
-10.791466117794306
4.687002943618019
-2.154047835500144
5.013810039654778
1.006019274049470
0.567796233337075
8.882744127200231
-0.799725299208656
-0.031414888817645
0.062749920956521
0.073046745977303
-0.523568235975178
0.221637820690282
-0.129094218373441
0.175770327111344
-0.178112019186647
-1.427854360445976
-0.720309654966081
-0.854287895460411
-3.678126738914068
-1.655711482781086
0.913635047841106
-0.106634653081783
0.464141940528680
-0.818504369630704
4.857152864445873
4.357295295030944
3.226156091865151
0.166522262749627
0.027595969003938
1.240552467999299
-0.429418738242532
-0.013652095898120
0.045268377323002
-0.700985486195546
0.529524243601937
-0.577278675046983
-0.182081543318300
0.095033804405542

-8.153507475382419
0.228936378640848
-7.330391831938808
-7.244121005652866
16.961211717135505
-14.445418998676178
0.082985536457574
-2.758088870370232
15.387610238295572
-0.439823433495227
-20.026375044482418
3.903756966686929
4.226897772001556
2.194142833972651
-10.527457854270580
5.583130755109854
4.443733146703976
9.608862040301604
-0.737496232692913
4.412027541721366
-15.715346671545779
5.158410627058164
-3.380556950435728
-0.132506970790152
-4.295853589172074
-3.262096934574505
1.782993115285353
0.597312741321150
-5.846147974199284
-0.828977223506729
1.397913767366729
1.830272096192043
0.529289513329301
-3.149721411513302
-3.657552729355740
1.015810125064374
-0.221519861811771
0.115604016060534
-7.380448634567930
-1.385846292340877
-0.457703149650680
-0.121690229026393
5.764375815863198
-3.726254057558361
1.138549812176221
-4.399157327206427
0.045057274559366
-0.079735772290193
6.762933765429409
3.322439436252488
-0.223319116259062
-4.195994050549841
-0.555594418357903
-4.569770817956309
-8.682818025357822
8.207201945573313
-2.744378812994056
4.634238388639975
-1.845843646279591
0.236182500273342
1.095896945386154
0.678055641763212
1.666019960475934
3.222919589135968
-2.575293815316024
-14.411448276776829
1.536861766327883
-2.779583233132412
-9.761812917808783
7.220209164089178
12.832294516137393
-12.665093819491231
1.011977578968410
4.657510773331253
17.781504732225585
5.280442085895200
1.958765568537915
2.738910483885179
3.795121368456159
6.019626774414908
4.847026858579440
4.143510065941300
2.178977342824916
2.477236358357964

0.245723449242452
-0.019448081120948
-0.051528203069817
0.007832250105314
-0.115293332938351
0.007037797839087
0.088449085455009
-0.123806004748647
-1.540770677130393
3.933806768734121
1.898523433795692
7.240314746530674
-0.072309286976620
-0.682306245516018
2.051101034348622
-0.194756335543502
-4.244370889655731
5.802254980851139
-2.043947873547414
-7.294724511832725
-3.574718041960382
-4.021614548797116
0.743742571157505
-1.558984270235458
-0.677298881256241
-0.012440711734514
-1.384610964215689
-5.562533655389437
6.736734694587300
1.171652737515916
0.886365514436971
1.329496025795142
-0.186438730042194
0.271313992845894
3.375230839006560
-0.385789253274120
-0.154802666753170
0.258680871333443
0.074188217119702
-0.162078179730843
-0.019111333901518
0.002718289650543
0.101801511807186
-0.041435443738050
0.230374328591816
0.005343392204853
-0.231010759570093
0.208045997487431
-0.114317398647902
-0.002939022141341
-0.123712176630617
-0.052258133955644
-0.020283867929244
0.176108851268107
0.841561506570857
-0.001342583693647
0.193652347590091
0.539483032897308
-1.208125018324756
-0.688601840703778
0.245891035814245
-5.114708705311171
1.631521525251321
0.208847362143859
0.009653234167258
-0.031453509774810
-0.001072384350431
-0.040646937269055
0.035706677886000
0.003886866866745
-0.044842212496876
0.299224180217484
0.006837272044598
-0.375471980112595
-0.122533510364176
-0.125303594656481
-0.183670000832594
-0.251828704049585
-0.057963598473178
-0.132907172712999
0.069155210611778
0.346280953436837
0.575690050294777
1.195878613219795


0.074900  0.084165
0.032923  0.118051
0.024143  0.093894
0.040362  0.069122
0.071989  0.100307
0.057892  0.098846
0.079360  0.115054
0.106334  0.139162
0.107754  0.093694
0.166415  0.124611
0.118009  0.094989
0.197009  0.100611
0.115688  0.130967
0.130806  0.095856
0.193175  0.095012
0.113960  0.110373
0.182501  0.094222
0.243904  0.085970
0.173470  0.124023
0.206832  0.113217
0.235501  0.069555
0.293156  0.141876
0.286329  0.082929
0.474859  0.173075
0.252775  0.148840
0.332181  0.084916
0.418616  0.141528
0.459169  0.092260
0.447910  0.101825
0.382337  0.541622
0.384904  0.412685
0.249362  0.507235
0.370538  0.441792
0.299399  0.463158
0.149259  0.583183
0.282395  0.421034
0.173166  0.322326
0.221018  0.384755
0.133615  0.334471
0.150440  0.368470
0.112073  0.391931
0.125832  0.412993
0.134903  0.381510
0.127900  0.395188
0.118232  0.344855
0.081151  0.319492
0.118490  0.338998
0.166432  0.331357
0.136853  0.318173
0.078959  0.297140
0.117323  0.237362
0.074427  0.333112
0.082821  0.233096
0.099250  0.833160
0.164406  0.746299
0.179320  0.762341
0.094804  0.636807
0.249551  0.635300
0.341933  0.627573
0.388760  0.681950
0.501006  0.609077
0.184715  0.585574
0.191590  0.242280
0.103882  0.177622
0.044061  0.154233
0.022149  0.191872
0.042764  0.192755
0.067160  0.190327
0.036491  0.036259
0.035753  0.078392
0.060838  0.089381
0.080392  0.101634
0.059363  0.178705
0.000000  0.000000
0.000000  0.166632
0.000000  0.333264
0.000000  0.499896
0.000000  0.666528
0.000000  0.833160
0.100201  0.000000
0.200403  0.000000
0.300604  0.000000
0.400805  0.000000
0.501006  0.000000

0.236962887510958
0.426860869543526
0.180291665864912

0.560170394309841
0.384812055197926
0.114889270759293

1.020687770412948
0.171158068776566
0.030714765765687

1.172239937614915
0.074817384874675
0.095508944706279

1.640955169256537
0.183954218815766
-0.089337730373750

1.993991966498815
-0.002535937890119
-0.253687513046309

2.416615178557313
-0.094913986156629
-0.056128492636823

2.696524516025107
-0.025965768414952
0.055729651856680

-1.520125212750888
2.157240811801208
1.580374199944185

-0.162441797784878
0.367395580056483
0.264071715065329


