0.050000

0.600000

0.000000
0.000000

0.493252
0.897832

977.606569
0.792851

100
10

-1.133617255236094
3.150198388669951
-2.868370921060986
6.016233085314926
-1.513011715423594
-3.136198845692336
-2.752011143755312
1.858591556409951
-0.336981795108619
4.109670607110259
-3.569763976856891
0.611946714241799
0.145970735007105
0.201588943326809
-0.804316376656758
-0.137669916480613
-0.180427286474406
0.847529240502349
1.090941545914449
-0.692949372928102
-0.193030167701764
-0.813898186699676
0.262650019647635
-0.260402625984242
0.436817962266430
-0.343045658567680
2.915404906724132
-0.365021768798885
-0.499547003674135
4.287940432771228
-0.898975745605882
-3.341258180364163
0.310872416315024
-0.481801271779788
2.440017387427083
-1.130175351639775
-2.266672201253220
0.305284769851302
-4.131496104809934
-1.409451833203794
2.335290160929076
-0.564888640687334
2.428310968471845
-3.718349819315837
-0.412293425878016
1.758697837170356
-5.309045284141866
-2.281715547177982
2.397061130414568
-0.891351361299638
0.420079486056776
1.372731054668594
-2.197504603900697
-1.093006787246014
-0.324762645586190
0.029000771749426
-1.106785864158986
-4.800972835924797
-0.088163310887330
4.338938752000904
-0.006549237402381
2.567676537181490
-1.564129507621430
1.162185056961925
-1.419323806282272
2.613235831549141
-4.143687434343166
0.843918521966544
-1.229524870009546
-0.948452594181375
3.680975617904084
2.414371994633510
3.931877638409013
2.890452110072425
-3.905987168068146
-3.871941483181163
0.509156244023308
0.418871427079707
-4.416049782013173
-0.808360129495983
5.663045074990952
6.935691455586615
-0.166745716168734
0.972262023822419
0.253925054359147
2.212831545692716
1.979027130618575
-0.616366736191773
-1.556159340498046
-0.298095511830888
-0.516619756170081
-0.944980368517692
0.134542229433617
-0.786070345376908
-0.224187975550888
0.193701753635439
-0.323597351417701
0.098541943056928
0.434545125299912
-0.186839260425873

-2.228447629908675
19.453157746006980
-0.261484949163074
1.108244960111310
-0.535478655280126
-7.051312225690789
-0.695642396211673
-0.929384194977878
-0.397419589239483
10.514731166880471
-19.202796844800375
-2.172490418256888
1.032092677894237
0.946104838409796
0.706596878345423
0.186710664733283
-0.791574107807320
-0.249806075683584
-1.665648874804447
0.750951250980968
1.761106993457127
0.088963321999494
0.171929835492156
-0.964635469372224
0.633231056431879
-0.225173507599734
1.451318371845412
-0.514928787835218
-0.039518854552679
-3.508002254396577
1.309438401702185
3.641196154633173
0.420635097441282
-1.695721736017872
0.919648333780647
-0.895398372424414
-3.543139646336619
0.724877215085353
-2.606985969131135
0.384539973375949
0.908109470494342
-0.350098569522522
-0.712785471622126
-1.505587388546526
4.935684762292977
1.261466453605728
-10.237765731736317
-4.704872564620889
4.382591241125266
-0.184104469226030
0.582141822387568
0.679592372195841
-2.627574311544827
2.594294644550204
-3.457468217178062
-3.969728923431651
-0.184059624234736
-17.638808835757548
2.082523516273459
10.193781319015118
11.467345469066473
2.005626304752483
-1.038924822505301
-3.987725538064430
-1.211037801157854
0.670332577311832
-1.514031344790558
0.441126137409546
-1.443134666266851
-0.658737061444446
0.267768189826602
-0.459568603911047
0.988433293468307
1.784428814635546
-0.742107154321733
-1.555602516669433
0.494146735191008
-0.018629348268194
0.521797329167393
-0.018212116447217
5.118804135204941
11.204126052981993
-1.073690786798974
-1.274786732582142
0.643334105501661
2.763284828869317
4.244767208801813
-2.628603174262389
-1.078732478081974
-0.030326328002897
-0.606590360646211
-0.844884503628423
0.436547795219640
-0.815004832149505
-0.172891085530890
-0.107784319850038
-0.341786988150476
0.208470612000392
0.386754506582045
-0.102117373828570

-0.652645480264139
23.026073226756711
6.743064904382042
-11.005980964599299
2.318319109070568
6.213088897693625
3.462871216872792
-3.906028783570657
2.130755467727348
-5.568879859973298
-23.275912418529277
-3.084808181772686
1.691509130703127
0.777232775919038
1.354418011801885
0.163126034108532
0.244894333298512
-0.015919162098127
-2.226690865321018
-1.019253403526517
0.816592713344218
1.512277996012952
-0.465563310221795
0.451360714956594
0.928312747161956
-0.542657325319317
2.276164147360498
-0.200809412392604
1.072480613440239
2.493464092148006
1.365001266862577
-0.978591870643052
1.235402002382900
-3.401970013629316
1.155503650956151
-1.154624559932403
1.300640613018063
0.603716476487160
-0.216758278201515
0.486425992478560
-2.964852914295660
0.160734125063929
-2.128617221239976
2.940716068838437
5.439855729232121
0.344197456597714
-12.567217935560311
-5.745650468416081
7.282462903965065
-3.538364507730731
2.092203285223212
-5.497072504966537
4.932997445068203
0.312673402414843
0.357406090207085
-0.588982941811416
-2.252084924677067
-1.625777816353796
3.734191800800234
-3.006248965798728
0.773259016632980
-1.324453592459213
1.990437636072241
1.287589811954564
0.343028024986032
1.286020763655734
-2.829250364505430
-0.042407336630397
-0.809723592692651
0.305107194554834
0.265868314698746
-0.362428409920488
0.045027281100162
1.378583583508168
-3.475607578180298
1.487518214439159
-0.042964588291065
-0.267233565766988
-0.720421810028221
-1.369586968300183
-0.525903567338403
10.239384748189948
0.846593927225345
-2.724659702020333
-0.046997785100114
2.205552868231229
1.506136977825534
-1.633055601866357
-0.821272947366704
-0.016105975880324
-0.044509705031609
-0.239890249082046
0.690538644516021
-0.672427515793247
-0.192009742677952
-0.224423470345979
0.221812369012756
-0.280241698726887
-0.111672862546341
0.116618861819461

-6.572756533950997
44.892912584825602
4.095596933288269
-6.872148656655570
5.985284623344928
13.083620185975990
-0.840147677674986
-11.794371776830394
1.808918790715250
-2.780148955861964
-42.214006586764270
-6.207610315981327
5.585627033892508
0.729456064170590
2.228938066586782
-2.000539854857804
1.541605241277059
-0.557871608609512
-0.961729503294891
0.614956766803610
1.654565174081436
-1.918067310633584
0.049208901376640
-0.324832075367873
-0.614428921362605
0.784571022112841
2.470739068678932
-0.333020954451783
0.927915754588502
1.615335588476444
-1.714206280507108
-0.957264782969508
-0.774549836662686
0.263843258614027
-0.737624876333166
0.420333403562420
2.741531987023683
1.277053373685387
0.799802962981192
-1.531136917594426
-2.048834401139351
0.480820419929050
-2.514490642410221
5.301638294161316
-4.330396544823644
-0.988997467095726
-7.698542652201352
2.097660637174726
4.782358666126551
-2.989334488879041
-0.218336297379965
-0.092934527273077
0.684130330741957
-0.605785269993645
3.114081474531948
0.287977585900964
-3.301450841908260
6.207112296855859
0.763066050050262
-4.673414204552207
-5.120588658861005
-3.997663169644180
4.524103542104972
4.355510544174370
0.511517879331258
0.033892703343999
-1.091752450992853
-0.481219099018264
-0.199769631418040
0.496827283160044
1.312098724719315
-0.259625446591396
0.399039256412504
0.524892011763563
-2.735342920483753
0.076882868027654
-0.086128599526185
-0.105400226799019
-1.666681581050000
1.708846096066288
-3.260782133765671
4.360574184146314
3.885483671613914
-0.731388778267859
-0.211941262591475
-0.482348086083772
-1.433933717732689
1.017565476543229
0.899136266519399
-0.020438483881934
0.698120069916007
-0.031943613466004
-0.182203979346676
-0.451578869330177
0.032596981273208
-0.359592473896293
0.083801775858389
0.067876669466594
-0.142610314201391
-0.057514296488915

-0.727451853622417
24.228153138056800
5.799502443610051
-9.380028290740308
-0.277325911387956
17.613753224796440
3.162889331970289
-10.794750330613020
0.252449237298898
-9.169932372584722
-21.960704325386022
-5.605392936887610
4.465404545835973
0.132328586177328
2.577941927935660
0.737218229894439
1.374032689575501
-0.337413583448923
-1.104013744152687
-3.115330775532456
1.107850147876798
0.715105442214602
-0.107382372666457
-0.141386219886125
-0.368685110444362
0.328188423833340
-0.400050345249921
-0.332056055811548
0.965573524959600
3.388500299233844
-0.920298101333687
-0.276453250817362
0.461300903114586
-2.217715957076102
0.014883574902393
0.238183819773901
0.158462075956246
-0.302042101944862
1.083547553874098
-0.044431676169508
-0.602127010587792
0.880018595999961
-1.490404677045045
1.279896255083336
-3.490449989639961
-0.756226837551420
-7.264610363543278
0.915599002849587
5.445906990133286
-2.347014704708526
-0.025836305743128
0.119341761106091
0.830656181347186
0.138987561337011
2.284842403536474
-0.444094520297934
-2.454875958980490
9.904111726822668
0.179162433033732
-5.191440180902929
-8.429819255059339
-4.044158251988762
5.211743708245903
4.648705136791167
0.603157110565914
1.670273181671699
-2.314864910692267
-0.568779011399748
-0.379496522050001
0.428806194126353
0.680346182760260
0.368555934242603
-0.316128866845496
0.558709774587471
-0.683785013394841
0.265079956177221
-0.345968452941908
0.603556886423541
-0.851989424594958
-0.713612015499983
-0.873484234028879
4.980129053589218
3.315642699104528
-1.376386097187367
-0.351310002520708
0.093638661243025
-1.929497499054206
0.894015006437313
-0.016957970719253
-0.071615357704463
0.653466357233104
-0.101243151214229
0.150196279376231
-0.441648890674363
-0.039782531991478
-0.298555576050356
0.021750599731698
-0.075035219050596
0.256218451127752
-0.313737196740533

-3.978467966082012
22.137581650716903
5.017866878888031
-6.693041625947370
-0.654359915498991
12.174671712751142
0.574091409768632
-13.474171423486206
-2.941564410348990
2.001063245217837
-17.525766320967708
-1.745761262329784
1.727518457017521
0.362880309240533
1.553274232355748
-0.804547080992317
0.213785470901244
0.887528540239877
-1.375112408350528
0.844050334999879
1.630517481979309
-1.439362238863996
1.049401122951423
-0.585822305817699
0.197587313927265
-0.521723019965249
1.272789882108028
0.788596094036733
-0.103739351607716
3.865498576310954
-1.773851560861803
-3.226902013865237
-0.472926862429763
0.162269638531610
1.268970833983109
0.424350082885026
1.335156275738947
0.065248875148535
-0.089860136212410
0.163522918359093
-0.277805010666194
-0.713819487477967
-1.307842224538611
2.169262289070117
-5.474998760731603
-0.811825985723221
4.123485462197688
1.059239609390306
1.598538863082450
-0.193239134757810
-0.845017071810483
0.693294358130806
-0.077629603107574
0.293368352250102
2.371941427409202
-0.185103766333379
-1.008327109299421
13.716964274590346
-1.752437923951543
-4.153984602358721
-11.319454031358630
-1.826434486303920
2.617244327436565
2.160345891260088
0.507363289647947
1.712256018767378
-1.333946690197146
0.304144259048644
0.000000000000000
-0.171546547067452
1.435684592231154
1.161275134476565
-1.984586696088450
0.222726932629864
-1.727276776604622
2.406238666098950
-0.115660189465517
-0.031146146647216
-2.380785757664266
-0.011727371730465
-2.224698101648400
-8.946464219007522
6.577819454735164
1.241766774394267
-0.464269121208240
0.025590227358103
-2.864162616788133
0.261052450934342
0.772429404649488
-0.302638625047424
2.151431035367653
-0.119974683720308
0.524532166413304
0.467192723877264
-0.210758099044642
0.091793157560138
-0.256139428833960
0.118080988955895
0.537088641632918
-0.539691935572107

-3.478260995230369
7.227925216050703
1.206176199002148
0.857870950868195
-0.318260492911142
25.661506472210984
-3.113895137406275
-15.071333369968697
-6.333910532545541
-10.485351055731622
-2.034198766598007
-1.006598182271366
-0.200636543066724
-1.191501521799449
5.023533273297709
-0.267039073127776
0.142546907388947
1.224962467732497
-2.287247606294649
-1.650187877532029
0.977563341080239
2.891134002509138
1.004153483912613
-1.104822078602544
0.743307134615067
-1.037966109403878
0.631885807584751
1.044784780165666
-1.089582503938215
1.518968099341042
-1.594849267906195
0.513559115924827
0.190820811350929
-2.660749730725322
3.384898678562925
2.419255615294043
0.966032034142733
-2.161252669822212
-1.693685248646445
-0.532342679273711
1.287222345442000
0.077171786787549
-1.009685312799311
-0.685287503407025
-2.962817134301156
-1.255056216772569
10.892659513014870
-3.133405961270421
2.516927006436879
-0.817475408435562
-1.397056046801752
-1.839624378421120
4.979275379304273
4.351337664737667
-0.603474560193821
-3.873091842098757
0.156530930099360
-2.547084277182148
1.384109311533329
1.215703939138402
2.752156558832253
-3.260944372344113
3.194850768298044
-1.534433186564177
-0.117966831327867
-2.072504842713755
1.447499132057146
0.707673474957754
-1.851391224767939
1.237793291307506
3.931188682831139
2.478061245673182
2.486987642493058
-0.348666062832861
-1.320358446481288
-2.247819475291910
0.313340700021267
-0.220971582244883
-4.934090737345756
-0.438093569611913
-0.889137804861372
-15.494527754912552
7.602294157809764
1.144480141469536
-0.276985798181832
-1.159578226572614
-2.364951504031395
1.567827752123309
2.168491039404484
-0.520294358371145
2.835760561352949
-0.611570490766072
-0.353999058556353
0.959758276425463
-0.302282771081114
0.282037188521998
-0.184685623007019
-0.012600824874895
1.008499736304524
-0.654937987677793

-2.536343820728388
-1.876159102912558
-0.028822104819253
4.304530115850586
1.465368896188025
32.336293434323906
-5.191505830715480
-14.078063835305358
-0.169109135017773
-18.651339376292821
1.395592571220151
-1.604800574659841
3.148925621613895
-0.807707846411401
3.515187374183677
0.154096060637836
1.930765020058396
0.490491602119926
-0.808579223871948
-3.429746298559237
2.775676159978776
-1.840443622633993
-1.029315372171457
0.781915931795762
-0.499649818581256
-0.401589699985395
0.543596436168743
0.117933943813641
-1.143726895322990
5.418511196618603
-3.301888581954561
-2.237790043395564
-1.138232487816963
-0.841270376684230
0.353870503402167
4.440510258787499
-3.974883063891004
-3.199440645830276
-2.805400898800735
0.939247557945513
1.223664454436202
1.433775963741727
-2.379238446770064
-2.113635992303599
3.407977315538690
-2.341851310451043
4.816021043838971
-1.007216131128569
-1.325112364025398
3.648940496257807
-3.885573632636614
2.040308248902957
3.213905001878678
5.662303615779815
-2.125285192109644
-4.291538262730200
3.939417853890185
6.532962537088192
4.752531287734748
-6.239344840124423
-0.972000454315019
-1.201608747376240
0.851964320969282
-3.657289521342643
-2.039635782511001
-1.966590456358018
2.253657983130889
-3.311446039691846
2.259990562388150
-0.588269156564547
5.490302532145305
2.511730034305909
3.210490487240974
-0.216282391121815
-0.650036436963831
-3.194426443157291
0.067974218700315
0.173127475397352
-6.244312319241160
1.351575556449573
4.514363576534199
-6.907661675886769
0.782293766831080
-1.392626034529926
-0.243944055739236
-3.244205236202148
-2.885305047652356
1.862032599508886
5.084369878840340
-0.039600073798627
0.736783784811135
-0.305271858944005
-0.766484276404287
1.861254311690594
-0.379168231925126
-0.298519890180672
-0.374121061905356
0.163589286218680
1.064073894808906
-0.840484770481932

5.374345568437422
102.132442725162390
-3.078371173736247
-7.642642610791627
-3.227845591961906
19.116786951076168
5.758072532784697
-6.801132981609846
4.390104234708138
-19.108191267382832
-110.586332757130560
6.385047914889467
-2.374142470194343
-0.597838594903523
4.288836112101862
1.818137347949619
-5.552970017247789
-3.034906259637036
1.919489882754575
-0.703973969908507
-5.035152948403552
-0.996352662849859
2.970150585325365
-3.743310920462181
1.060097495605536
-2.637385574874335
-2.292186181954698
2.266057705573599
0.443404864550514
3.031504536204432
-2.057972238801361
-1.896517559597081
1.443242542836238
0.881503637852951
2.059132921799962
-7.537740313942979
-2.134769764576161
6.091138289803293
-4.745274289612986
-0.740748085835428
0.980492407306327
-0.174586994374456
0.957691525125906
1.893805512969534
0.421889087945912
-2.330552228085487
6.866361684745209
0.735678559656140
-0.405478472302491
-1.091224441039945
-11.834001118226954
6.786273046875047
-0.895383105905173
0.117671001215726
1.808797281805079
-5.685484829057405
1.285980207971521
-9.742068727995562
-2.873020777994355
8.669761934728969
9.299607808446959
1.790563847359660
-5.594869554620042
-3.209922956506388
2.507055915146769
2.376881951706154
-2.667994265019412
-2.071289217060897
1.341182511654001
2.223303729440100
1.104669591058882
-1.353828475056820
-4.503912250311593
0.393337384841182
2.367076616259251
4.464060555338937
1.238917158076859
-0.596453979114003
-0.369771412211708
-0.311828011925537
7.343761316218187
-8.106412533169566
-2.506847050318680
-5.577807196774369
-149.731150017021210
-10.655185730688052
-7.259661786585347
-8.037877997600839
-4.324908905247306
-0.855772557497177
7.694221084824944
11.746591026127630
19.546018591394617
9.304888951105250
149.058162209030290
4.224422644208072
4.268490334958552
2.264568608390114
1.108545803213948
1.672826966816766

-1.223067704655302
134.852394583992380
-0.211867872359621
2.185495072354935
-0.378924266586549
-0.273645595295094
-0.932489246096605
-4.860292565439282
5.109178605585423
5.417799922819799
-143.803447500580550
-1.855772887350805
17.065438771730815
4.692389102308637
4.680085548062585
7.639667654559625
11.835991374296263
-4.313225848058893
-28.004592388223319
-28.887196053908546
35.308745185666261
-7.958221526802173
-6.220787525690674
-1.555523436922450
-17.615835476789279
-2.112782324918141
-13.638137587713146
0.779689621926996
2.203352876601967
9.246907185760820
0.552502347565249
16.985072921157890
-1.974143248880696
-11.104203546826481
-28.835601928045438
-7.250102388022407
-16.187321683011231
14.173208835053870
-2.356417830478693
5.719800483258995
-3.007335262959776
4.858782388381587
-3.108242076678485
1.356537546302300
3.186432887299628
-3.174516144256424
-1.597802505115140
0.406143231883766
-2.552580490644601
3.197284197102758
1.333258759392181
-0.389435026222767
1.975411257545368
1.786586385313613
0.107737589710285
-2.403106650568502
1.067047910727675
5.739827282495897
9.290161675371719
-11.555118491609349
8.422929674801337
5.487574113522888
-2.241453379232508
-11.693248214813796
21.588116530888200
-8.502569554714505
29.091829463705999
-8.263592702335197
11.047727752757188
-1.445173238505267
-10.697925815487112
-9.293041342103843
-26.487676349140973
-46.564544441413439
14.334010147851286
29.188592218957545
-17.893167155449248
5.388809010755306
23.650941208964998
18.188505294301439
22.533450313912944
0.718383054158022
-0.029682912767975
-0.752600661105675
5.508978454598835
1.205939924623757
-1.321109183986832
-0.596962791170155
0.028597695079465
-5.101481344801961
-1.968961773859692
-2.329701594928027
-2.365461781325036
-2.521265683623357
-1.555318917458890
-0.529159656023384
0.454950548719754
0.319533436028456
3.721704279335814
7.862330266444700


0.076166  0.137567
0.106762  0.130744
0.055096  0.090662
0.055007  0.096626
0.064306  0.120508
0.090405  0.119616
0.063811  0.098811
0.098894  0.113161
0.100916  0.128899
0.086841  0.122381
0.107415  0.132175
0.139373  0.139120
0.153332  0.130758
0.161043  0.175434
0.127856  0.127269
0.149026  0.090491
0.167358  0.063826
0.124444  0.074733
0.255112  0.110179
0.168181  0.096556
0.267404  0.091431
0.213564  0.109635
0.286651  0.138823
0.319242  0.149489
0.393662  0.175208
0.430959  0.153253
0.373877  0.457188
0.386028  0.340300
0.306820  0.469122
0.296139  0.328772
0.271718  0.325426
0.305054  0.330196
0.249692  0.389016
0.279323  0.343026
0.227084  0.339847
0.258980  0.287130
0.177656  0.305605
0.250924  0.266758
0.201018  0.326697
0.140572  0.311072
0.130076  0.283909
0.146560  0.240747
0.099767  0.261174
0.102888  0.287159
0.076992  0.259079
0.084115  0.303630
0.043449  0.271542
0.070619  0.271693
0.064945  0.286996
0.064442  0.298788
0.044852  0.362377
0.065998  0.344451
0.063819  0.325472
0.056372  0.674300
0.057216  0.637923
0.069780  0.694241
0.083387  0.589839
0.115167  0.629109
0.130033  0.650161
0.111795  0.639923
0.115069  0.616324
0.078919  0.748137
0.062939  0.758427
0.117545  0.603697
0.136792  0.539151
0.162440  0.595314
0.176520  0.568945
0.185041  0.649153
0.202669  0.683262
0.209113  0.739633
0.308664  0.614026
0.318625  0.546196
0.385485  0.553811
0.180681  0.523181
0.366771  0.483318
0.400325  0.567208
0.434868  0.744047
0.493252  0.545885
0.319947  0.595164
0.198406  0.370190
0.190835  0.314955
0.033630  0.266233
0.059576  0.232609
0.035563  0.300434
0.003166  0.897832
0.029583  0.532755
0.022380  0.628546
0.022345  0.566401
0.045698  0.480472
0.000000  0.000000
0.000000  0.179566
0.000000  0.359133
0.000000  0.538699
0.000000  0.718266
0.000000  0.897832
0.098650  0.000000
0.197301  0.000000
0.295951  0.000000
0.394601  0.000000
0.493252  0.000000

0.296265262660845
0.373432896847370
0.024245820629560

0.494575502855858
0.399757070056910
-0.067341940009433

0.869770578479606
0.172434419378845
0.160604537110672

1.205331110399470
-0.152082956438286
0.190056669439173

1.485827603709563
-0.047531787162661
0.217939819360391

1.825768669975750
-0.051382515705696
0.251994643176223

2.191959055040800
0.146042617772042
0.053718846720999

2.636828958209432
0.109724711918906
0.147145376064802

-1.486814329707574
2.249105028166230
1.331605412093899

-1.958452651979400
6.392808545631428
4.251651502584399


