0.050000

0.600000

0.000000
0.000000

0.240886
0.919875

1126.888037
0.441499

68
10

0.165257365113732
-1.285027106451371
-0.097448040074973
1.221904177391568
-0.501370178090296
0.137155754775351
0.815531869798471
1.499949905792912
-1.527000612396541
-1.210267405372029
1.298528003427592
-0.564153092867872
-2.318370616812021
2.673792652510803
1.735731998494529
1.084773183262070
-1.892674102559415
-1.818887622633735
-4.129843718429905
3.603222908638193
2.188888053119120
-4.770983121523963
0.607145977490375
5.446739655045591
-3.414083322593224
-0.967694871069330
0.592967529501879
0.007671585393209
0.647599481190685
0.207402273973385
0.398191927510240
-0.930210632922828
0.644641280883359
1.719690090413892
-0.922765953659772
-2.250234207197182
-0.574047858533653
-2.445170621967405
1.484849382705458
-0.911491282135009
0.490471562471057
-9.307985886447531
6.319279756085611
0.333882967676726
1.144513522932144
0.003859758029829
0.140902483687004
0.116515201062378
1.314919130054806
-1.050141325431410
-1.185572460674303
1.021393135063450
2.047692729960165
-1.762046147993202
1.838391745727071
4.561791692050748
-2.721940289060707
-0.059986985375440
0.017345473024544
-0.088174735218077
0.273821609490390
1.194346916235809
-0.358178136217207
-0.009489983942323
0.000628359294718
0.010173082199066
0.016786241367965
0.046889899830657

0.384676670903285
-1.786223074578244
-0.551372810542692
2.393385317278558
5.846414248817393
-0.444617563164077
3.471911533584634
0.391776686680955
2.273763218462360
-3.670913607686268
1.537425650861815
-0.055484529209611
-0.229221975275320
14.688514187364500
-0.372946573295427
1.039811187294019
-1.817435223554534
-1.757581968671436
-4.698741283655649
2.553640799613126
-3.633026249976699
-13.156203923657682
1.858914999106077
-0.065038584918511
-0.840278628683462
1.971864929999235
0.831122713317192
-5.365094260145417
-3.258972096928102
1.373380639102240
2.501161274330848
-2.698354802423653
0.217960422408490
1.130238999111778
0.354714606997430
-0.230388378981937
-0.011467112056605
-2.737418851673168
-1.831371557028279
-0.596086842739733
-2.040649846953277
-1.438881529123981
2.376883696194131
5.787561676314012
2.442080608095687
-0.305716635844761
2.508574405253101
1.784375446147915
3.018734458016110
-2.179430116563589
-0.762218278036097
-4.638672703819982
-1.246758684373660
-0.919927012532749
2.098466995296893
-3.745106804235448
1.630512349489565
-0.073182559702065
0.624605065997269
-0.154487563424026
0.139764601645731
0.232641797537060
-0.019372487727139
-0.071456552225159
-0.026319571098948
0.022600254350124
0.038944876066489
-0.096004079489566

-0.771816894145477
-1.773999141439342
0.705765723511564
0.998755501656872
1.605830598107304
-4.145272566418471
-1.801719538321923
0.471574656830165
-0.251844106087395
1.261888362082298
-1.018185141851040
0.539939709626621
-0.042836453934162
2.890439566128614
-0.610605272010725
0.087051701048871
0.820330813228231
-2.470488181469489
-1.413035234649503
1.702572925257721
-0.722823317685707
-3.725078798315699
-1.331122244328818
-2.471662322984809
2.690298773293756
0.095932633048583
-3.627768349573156
4.973532531488297
0.159649621618396
2.686455166857328
-0.468563704997828
2.256094458816959
0.466595496366928
0.649215544841770
1.260948283131705
-0.239785263386561
2.650103438382802
-1.178779381362168
-0.769571802097752
4.346513074902347
0.206504062081369
-5.583212765038632
9.943484153986992
5.533122190226480
-4.034849020733853
-0.346636848385326
-0.101954596922245
-2.173495631865273
-0.940587595131544
-2.385718573335709
0.542043937343724
-2.565305280893419
-1.378757993606605
1.557051993194740
2.593082508772784
-7.591386772768568
-0.204878757637035
0.223555687859264
0.390263349673825
0.361134354753306
0.594809559887162
0.434509587545564
0.720476665373741
-0.036588109023205
-0.042809517072883
-0.030692569699990
-0.018021215880958
-0.149673637471094

-1.342661810945793
-1.334917357626346
0.570171675559308
-0.167701566085606
-5.527349756025055
2.424532533604545
-5.923331949961909
1.034787093937456
-0.774451512256307
0.799400723813922
-0.762114620668752
0.268699521453434
-6.972339658048693
5.590389873093464
5.091243648506535
0.288877061021643
1.455302706203860
-0.605443923547777
0.379923704113186
-0.089051183547870
-0.624205242308810
-2.140324818448488
-3.041180202456369
5.027655306520257
-1.563450075605710
-4.454260925925670
1.894347648653976
6.062089919761797
-0.180950450568832
1.089828802942143
-1.663535821815582
-0.587253387047834
0.381842701456570
-0.587470760843872
3.832800743303992
-1.463629078220190
2.938254503525601
1.139599711248254
0.405216683628149
1.957325225815391
0.048423975698850
-6.891868120758437
8.409421460147167
-0.659185899587245
-0.890848691351247
-0.173953078670333
-0.284575339184354
2.403207718605172
0.777213376964193
-3.421782177486772
-0.610575401354427
-2.969358014904854
-1.655424968631714
1.666356092745526
1.336171775000036
-5.293679554311374
3.258317072947422
0.313124174531250
0.826387251168941
0.188685524557152
0.297423787352137
0.084646639978867
0.912550419920184
-0.049656074116927
-0.039291038399195
-0.023869950725660
-0.019108898643818
-0.365417777380463

-1.158940387374301
-1.020835935888681
0.120468702442160
0.686992937541930
1.090532344168238
-3.871346209076523
-4.945391830259872
2.498852459927126
-7.247130099639505
6.081712461537241
-1.512640905283831
-3.292988897068697
0.598727675293685
-8.545976488634317
1.504114753267404
-0.330539147290527
1.101319209165057
-0.754956325174526
7.872833840844911
-4.107267713859057
4.701976608454490
5.748760425990342
-1.376700152234173
-4.752697160631372
4.266145488467605
-1.061212398754711
-4.681233175618115
9.031316201999731
-0.348164928086140
0.755135467236995
-2.771833014844739
-0.338600519878919
1.212097272247801
-2.019358108577592
2.437526689169391
-0.887925726611697
-0.252411936876049
0.142048789908942
4.978685034194883
1.025633401728301
1.347641836037667
-30.366000070386466
30.817081083605014
-5.038725692154483
-1.216298500739257
0.335460970793901
1.714959719452561
1.892524640507640
-1.415619862425827
0.931768157412166
0.516367517213339
-2.259931670583236
-3.972530563140328
-1.677080521129994
1.586211283821701
-1.950883626336470
4.879057366695564
0.504056578720377
0.233310663120704
0.350926617855562
0.943948328402706
1.024049092914019
0.697467067886756
0.032014628745799
-0.009025790016332
-0.049126085576045
-0.054204514911402
-0.374147356490016

-0.132218453145997
-0.367485520242121
-0.181427989038164
0.055121679814338
-7.052165836978769
-0.490613247917531
-3.232657105242421
1.964499039538570
-3.926041854755722
6.417452308234205
-1.576308531710473
-3.415356525648033
-0.691859524086790
-5.262997596348339
4.511570204707541
-1.331331252812943
2.246369612305778
-0.822607656185045
0.800744986140359
0.187324203593975
3.388468378953907
1.793118913082816
-1.819519215127717
-19.485662291550273
20.250701565547292
-2.074824678118275
-1.647782557664113
6.628977292121689
1.796643864159948
2.188086009574799
-2.874865840569166
0.394350712114695
-0.740211573747503
0.415021712124851
-2.903673525517824
3.488125511089810
-0.401636815448417
0.758967442715103
1.589846226677076
-3.736985800392384
-3.675997570907161
-16.745127983843375
21.677784899076073
-4.344403140386521
4.092832394800787
0.014311987067753
-0.530987605980852
2.019634683930302
-3.041764285584582
-1.086570684345492
6.709823190976168
-1.309096894576471
-2.394648854530729
0.760958264224481
-0.586617818478718
-3.314388027677170
4.173578591402635
0.371300129975101
0.940224073885622
0.008592723887673
0.667682813984510
0.623888926183291
0.822505397641131
0.023330394328910
0.026278654361706
0.003550465693017
-0.027200166039175
-0.586630769346647

-0.381340590096287
-0.373739693095428
-1.066747669489652
2.340444183804143
2.734178693093266
-3.929038347965077
-10.162662950834422
0.456754032897844
-2.015764180590668
0.389420896246500
-0.141382922787724
0.538729434382510
-1.112943453984180
-4.605714285649812
1.087862293007336
0.882656553186873
0.057513370571955
-1.164950940380278
2.565556292720834
-0.704077109879889
-1.752452025326501
7.714606102736245
-2.486133401755508
-4.872482661773921
6.526481603998222
-1.869505464017540
-1.811669054742037
11.523621752368339
-0.279202353348424
0.951668102633989
-1.932084773322941
2.681960480567040
-1.864854360071781
0.001042690161564
-1.136271450070712
3.629114619765673
0.960998335425919
2.194368088053752
2.076169967990823
-0.118909440084485
1.589155733162582
-0.309480042557636
1.019710815100775
-2.121711233364386
-0.606646445040898
-0.105768963351656
0.021791862379378
-1.314445012409632
-3.652562792652843
0.706379475236613
1.909113890832455
-0.080247400386002
-3.290444606360901
2.739974645191571
-2.376405498749658
-2.384521533510163
2.216027253355479
0.272609957044246
0.250518562306599
0.033831547005703
0.642318269311058
-0.638118196995638
0.182505453619011
0.012473467087197
0.022149496609445
0.020305757406462
0.006325430956227
-0.296060235562537

-0.117332479671210
0.825532537480593
-0.570002349150445
-0.712917522689992
-1.622510442062856
2.153856952697093
2.715464375344939
-0.265285304235331
0.798616803206830
2.846891994512750
-0.155395408579044
-0.705811946180247
1.126136564767403
-11.446481013670347
-0.326296179412313
0.818163242264694
-0.039522250603092
1.037258991887824
-1.025428497972025
0.105576666338217
0.396825055300159
12.833831034746753
-2.709017960715068
3.493866507583235
-3.717523831271436
-0.187545679362198
-1.509339864549073
-3.664768754594613
-0.472770035762241
0.087054050839465
-0.382767870635238
-0.017332543792526
0.438941731005777
-0.360412966525110
-0.975377523336513
2.261898159698527
3.331770066742475
0.866620301641555
-2.204293928880844
-3.241470059963929
1.523949360871706
-2.736697400985859
2.147921305012715
1.556061284526801
2.336038847143176
0.899817597996442
-0.465588701686458
-1.255527640077564
-1.752105629849611
-0.709172955352289
1.785337602929089
1.355590663501397
-1.667558442378897
2.131451786551959
-2.762200926948676
-2.139600767070993
0.097732691968056
0.338381382594774
-0.011559740376632
0.029251258322571
-0.068444447279601
-0.539964827356112
0.501228268311419
0.032260472601304
-0.004435287164549
-0.046840640702236
-0.040093730097013
-0.243932041891905

-5.803056821789294
0.288831960921777
-25.874217473388004
2.731028720877246
3.545259586486885
-3.311632469141683
-14.412701530701696
-5.400428274612692
0.119256141014056
-1.636978114909389
-0.043186976490118
2.477443264579263
-0.925520434160565
14.371095723960284
3.787646447457882
1.313630748211301
-5.016650254524998
-4.046312034078545
0.564596830351460
-2.714863347707962
-10.176954774954895
-11.148497777353073
-6.935210890583210
15.325237306513474
-16.540518036695989
-5.216837101505667
-0.147805786873219
18.146970764538665
-7.994928869216123
0.763405963302254
4.524265848175666
-7.543697962657856
4.344299329267530
2.519968599364432
2.240896489281389
-5.341601381779104
-4.572632656714387
-2.581986899468202
-0.216448351190923
-4.134208323803903
-5.891014537111340
0.032336323130565
4.207661201748635
-0.003744162082244
0.437359537819311
-2.888178364888097
-2.096585372245462
6.327581583387748
3.917277341828425
-1.962596129127910
2.876398004889385
-1.015282711866336
1.510298066894289
-1.777735124484564
3.813965215551233
-1.052078070704472
4.202385940719721
-2.582359941233051
4.827735122119597
26.270557642164317
10.272470563656427
10.302115114380324
9.702220709609813
0.451018549492834
0.801324510847806
0.921648044015046
0.696097292940712
2.372166209058639

-0.001835003556319
0.001288104495079
-0.002485827411533
-0.000923852940968
0.002177643176272
-0.001563890183192
0.007441330068777
0.000708351752761
0.001416980012372
-0.011704099448226
0.009643537399718
0.008241451110002
0.005092258790426
0.024180177397266
-0.004081927685848
0.003635774694339
-0.006916721662008
-0.004634005755845
-0.008539948868771
0.003563203486207
-0.006214548776779
-0.033066457535847
0.005224659439620
-0.007669177715908
0.006152836683588
0.006525126182825
0.009022007481198
-0.005093051882676
-0.001569282515481
0.004702081567146
0.057933279334284
0.008169325444606
0.002399543587271
-0.077258032705528
0.023032541747386
0.046592090021190
0.055830242299627
-0.004454764603916
-0.009582741194549
0.015770617672595
0.006985393384784
-0.043138615129122
0.030380844516921
0.013802159641544
-0.016279553087493
0.000267990867967
0.007581556343617
-0.113447582396657
0.178448887397052
0.015184156692669
-0.237455210384990
0.057792655420346
0.011167510317662
-0.006416892425106
-0.011429374309391
0.003256899976011
-0.009179424214070
-0.005864471177105
-0.002628649000514
-0.002876870058104
-0.004375039377314
-0.001840781906705
0.000913834184862
-0.000054345229269
-0.000288694583866
-0.000446657047480
-0.000441048921774
0.009231490894101


0.038669  0.310706
0.048438  0.388753
0.015343  0.381737
0.045424  0.425376
0.057140  0.489699
0.050619  0.474599
0.067375  0.458027
0.071991  0.528897
0.061658  0.543203
0.076575  0.505282
0.103647  0.603701
0.066871  0.789558
0.066087  0.841530
0.025090  0.783258
0.084901  0.822253
0.095490  0.919875
0.049485  0.906603
0.047369  0.635682
0.067110  0.574767
0.052008  0.579556
0.041219  0.765224
0.020721  0.790184
0.032028  0.878018
0.032984  0.844448
0.028216  0.838810
0.037572  0.789782
0.079815  0.488935
0.065888  0.465301
0.040662  0.511737
0.082471  0.691588
0.132883  0.519154
0.166892  0.520031
0.209306  0.538082
0.240886  0.413151
0.214975  0.413955
0.209657  0.450133
0.174856  0.299713
0.179567  0.240084
0.166694  0.273532
0.094118  0.175894
0.089294  0.226061
0.119180  0.212567
0.123092  0.211990
0.148264  0.251181
0.084341  0.184054
0.141232  0.109229
0.142180  0.402365
0.171816  0.491225
0.213522  0.284598
0.214642  0.348187
0.207418  0.296102
0.172177  0.437629
0.142048  0.303139
0.111632  0.437126
0.143413  0.446950
0.128926  0.230598
0.124360  0.279177
0.000000  0.000000
0.000000  0.183975
0.000000  0.367950
0.000000  0.551925
0.000000  0.735900
0.000000  0.919875
0.048177  0.000000
0.096354  0.000000
0.144531  0.000000
0.192708  0.000000
0.240886  0.000000

0.368904592986570
-0.058817169070789
0.001622544959975

0.595946611053668
-0.318200256540599
0.007928986437272

0.715587918578191
-0.349211026665872
0.126434672889977

1.031925443660082
-0.592221214135232
0.089113581473314

1.405041300621000
-0.481441653531235
0.081113061792528

1.820742084339173
-0.578530860799537
0.003769749430644

2.375505199180118
-0.425493609020958
-0.084838371399631

2.617164379535153
-0.389462599912423
0.018406480108607

-0.973061015602073
3.590333286801867
0.769773104751309

-0.000862801632522
0.012554399581953
0.001820553695087


