0.050000

0.600000

0.000000
0.000000

0.296363
0.539452

1167.869263
0.365554

52
10

-4.673267221605489
-0.942074128269009
5.604609872079683
-0.348857489924363
-5.566221820670071
5.453992998568037
1.543709306525949
-2.262860341405526
2.743337657940151
-5.673592721795968
2.374178884830377
19.106377127831035
-17.889271848076813
-0.600741475858180
1.599565290152668
1.909796802064575
-1.457397214739476
7.629796193673172
-0.354113760866448
-7.735896071791987
1.342255190935296
-0.528442412142159
-1.109003289859072
0.477957787575822
-0.411296832801965
0.194306207002816
-0.353458044460459
1.269754848848500
-0.668491261458811
2.552748061100552
0.759129329573841
-1.955782155512667
1.294256776544406
0.178146697896546
-0.276826363713590
0.250617593138401
0.120273248963297
0.062681805495698
-1.578866918362995
-0.880139927061346
-0.537825647787473
-0.500848003528316
-0.084266439504712
-0.533151514034013
0.406888659193434
0.577413793681866
-0.617992259119627
0.885791864462009
-1.140259576899270
0.859526330321597
-0.669945233260808
0.153777630342777

-6.527334490922639
-8.416942991610041
3.357521897832313
-8.048691067934033
-9.156342570528882
4.792140111317151
3.182406252043760
-8.551609202128784
18.098272636937697
1.169454377127622
2.741168884778168
-30.395497158858312
27.997090049461640
3.886976368312344
7.105710222882369
2.704317696751963
-1.158788895687854
19.740168109130686
-2.947625080391383
-9.419238060148794
1.713795840616318
-11.239244696043595
-1.222829493429510
2.223070543880956
-0.270000328521114
-0.225234488639610
-2.221786201119754
1.189886302183394
0.414935401289010
2.617599320890764
0.473328334560935
-1.170407791723094
0.857357720819198
0.241850630092298
0.081466842090749
-0.932177635701773
0.254815877104092
-0.107059398147660
-0.865597883799798
-1.037650933461103
-1.692837375203774
-0.872934559174187
0.270031353157293
0.074946675826263
0.928114952666329
1.687074617092807
-0.945084782663924
-0.624417704292776
-0.133104664308231
0.519650718859587
-0.232667188564436
0.091952904543450

-9.995092377421456
-14.336852452476947
-3.880936677979345
-5.442330273626388
-2.937435165414549
-0.444330219077590
-3.029850968117581
-11.969465870581727
13.861196075479267
11.478761579666171
10.702475331638158
19.664211063285190
-19.532887325471780
0.818956009873576
14.934693531252055
-2.308178787201896
5.845754617752221
-22.817661329618424
-5.079600634849579
6.167084331350071
-2.323822666308438
15.753362566945256
8.483301161503796
1.896515737850309
0.398314293054591
-0.843696277265538
-1.946006865329010
-3.983129610667527
4.205078036729382
-1.995874969298934
-0.644434301371475
2.377544351743426
1.670258521239195
-1.606227684556252
0.714366101561517
-1.752389917021919
0.331565079127418
0.342625135834216
1.362485095576738
-1.338954240232406
-0.277064601832402
-0.494933149855974
-1.057289195885217
2.101918541447152
-0.475064956482590
0.884697937918829
-0.032365486549172
-5.060200242962731
1.521930456093728
-1.105000853195822
1.112186951510026
0.081794585808957

-24.738922066017437
-5.748392870631456
10.564250310313017
-0.658733430812759
-10.102010439756217
-6.147779166215644
-1.344516523062827
-2.467249855892384
13.508833460401712
5.933426943967071
16.358165640984062
-20.826556342746464
18.491676069988419
3.565164203882999
4.475078967936138
-1.519282883519131
-0.229671646152764
-15.949275734895277
-4.433717060192273
-3.272927407550781
0.589243469582416
19.562217735598367
6.895956811634184
2.625860706086394
0.326488054646300
-0.570381011505485
-0.113699201631085
-3.697470220976812
2.513118574692393
1.822964305601332
-1.711428611903386
-0.641203158837608
1.768108959136232
-1.417737911168288
1.377088498376348
-2.618593580397016
-0.241462487659040
0.653228554163153
1.348746338936433
-2.435825404246649
0.557988520130840
-0.040201251388159
-0.050263328905602
1.651793372948841
-0.744258146328039
0.845712118626363
0.585107405758399
-2.011101068253463
-1.626583484287189
-2.402486416377150
1.955144184993207
-0.213632493469447

-11.303005227303590
-6.397521925312982
-0.859550475514489
-4.199228496606348
1.831830120014502
-5.029355199045664
-4.289377341280583
5.753356763112283
4.926727749977194
-2.140906388794404
15.832655804579662
25.200786167298414
-20.939045656638328
-2.851048024034027
3.720355563077662
-1.854655448695788
3.333160726114534
11.301538337675684
-1.996731989654485
-6.002545606601667
-2.356299133266434
-5.341030975338275
3.840711588156799
-0.054059460272979
1.622056120844991
-1.504034039182954
0.895278472460455
-2.431254819831739
0.681609549788361
-3.001656249693899
-1.343428790704064
2.563813720846429
1.668124520200909
-1.826047470621195
2.848291991140973
0.618517995474391
0.448246461312635
-1.209317465251655
1.467718448066367
-3.384542371904964
1.718643011917433
-0.314544420441798
0.045340904380131
0.870291725786921
-0.543699504588698
0.477562863221211
0.172640313353279
-2.194579422608428
2.519538494174814
-2.736676003782955
2.158465713615738
-0.413121218876332

22.989913321853663
-4.033438384209977
-4.841467084555089
5.472743347769639
-7.988723827410671
1.129426938484223
7.209858173900428
-2.740290948496281
2.237737735955816
-1.281851636104011
-21.242457092419620
-13.558517553972145
7.465151302803123
6.667769474354390
4.568492119516519
-0.468431869437766
-1.002958988207783
-5.637380779975271
-2.028740722860416
-4.921987581664048
0.085013940493500
11.540364764275486
2.807097971215178
0.560795472499929
1.190540667257769
-2.964312183475909
1.643844448838730
-3.807660205083656
1.334295680526717
3.956966169246756
-1.208682868975089
-4.397107796078373
-0.402248613758833
-2.554032469839398
0.798982276411098
1.902755096789647
1.639222268561806
-0.983269552640624
0.653275098908614
0.408100200176581
2.885551397701431
0.144961943734468
0.048014187496909
1.344084041487506
-1.099935260020016
-1.097890123338617
0.856541869321371
-2.190213733232919
-0.515011536019332
-1.890015721879906
1.499154643110818
-0.184028020606818

-4.338266389224754
-1.203717663005405
-8.715563941126304
4.216656145145704
-3.561656703588230
0.479624528462286
-6.803583150115222
-2.197677119121551
0.910071566640477
1.303921103976917
17.100759773014740
19.472885574716095
-15.807570554410372
-3.163667261318170
0.399146339847893
-1.493749980990705
3.487021991362805
-16.859782044428087
-0.418498520787538
1.512014804843319
1.247508525279575
15.796947618797306
1.422387051525301
-0.188966539835668
0.598510653298962
-2.353141940958941
0.505786159981843
-0.506634095475935
-2.035774020328217
0.001882122192726
-0.367555271642134
-1.061915797669480
-0.171893504877942
-2.231367262471309
-1.811510160026269
6.697408813894758
3.043879772402482
-2.933123792860274
-1.457736685016877
1.525468888517570
3.692157176314605
0.596369583063245
0.576899956422727
0.046302752233522
0.489826792747031
-1.347086794137858
-0.096329392585063
-1.295649487646043
-2.060400603786279
-0.993839745218469
0.751347933556151
-0.398127210312806

-5.565409942289124
1.978667878246996
0.149875918439466
3.204401116001943
-3.991652367998943
1.513938486428966
-1.090956923164943
-2.419603790081289
1.247440210424468
-3.782842357894262
8.479241381757241
0.931894059188323
-2.332032736833752
3.128883225586687
-0.781510750642729
1.453486680403175
-0.971776657811656
-13.567958557912096
-0.356245101447836
5.362611960214233
-0.524916614506216
7.016987622891408
0.282700532659408
-0.157418328629642
0.280547927204217
-1.072061990790893
-1.574746067614260
-2.242358623734049
1.469514890959176
1.732333367873304
0.106668532612476
-1.920442783380363
-0.073054905860716
-1.588831883243254
-1.134772161948117
-0.264580783020592
2.305247061643178
0.294261838727019
0.628426113953387
0.054827448072102
2.060337495076248
0.402895449233441
-0.107480448206925
1.193927378393071
0.220558903150271
-0.683461043563870
0.550386004147244
0.210020617604511
0.188191067738788
-0.435445742595468
0.400018383988741
-0.208730974027610

-97.930398352234846
4.752886493443672
70.518332943997777
12.203687696735843
-20.355356102163519
-14.443402632717069
31.049333234760212
7.603431169283414
-26.405843375562995
17.834677401267015
-2.620642870498875
11.445499594445225
-29.830921999488680
-64.744111991335288
2.889384583910063
-7.284445021760166
-16.835931746261767
48.388173590822376
9.160087364384445
-54.873507892751697
-62.895002458219153
-23.341173503404530
-6.735215223033869
-0.762143090599546
-4.625064556320073
-0.787262071311508
-5.837459727247700
-11.027299850365390
-6.223792363877839
5.580688610508582
-13.653905982006924
-1.085614902663307
5.785933523130238
1.387929533566207
3.429640517315972
-8.260272665382569
1.139835210452706
-2.188999318607875
-1.742051468392363
-8.507146468748688
5.441147096991989
20.491296269550851
7.228918069225838
12.920444999400303
11.041388505494242
4.684090222765616
5.713287583034109
95.902831668404303
76.741243450629142
15.613389136325328
1.834202505495000
2.215204689329908

-0.009319553186848
0.040196290609877
-0.016083146899374
-0.025591416616313
-0.038692512894054
0.016131405594340
-0.016744524824501
0.012779363276915
0.039446694439243
0.019283816243090
-0.007695992981072
-0.021338284901394
-0.020005348141968
0.038290072646391
0.005075306153383
0.039891786282493
0.010445011200725
-0.009730229322729
-0.113201457214329
-0.064541421924613
-0.006761160633096
0.006038729639933
0.089311667191793
0.142592068384522
0.029049052737515
0.243540672486476
0.209645297739532
0.128663902511317
0.133457255693367
1.468532656974251
0.087392989771249
-0.172220788219705
5.806647344216249
-1.214414281572080
6.321207459880771
-0.055430021492813
0.286601293113554
-4.071926391372364
0.186462321008994
-11.658771361434473
-0.029775744180153
-0.227828129173482
-0.103790634406795
-0.227092103575597
-0.303224667945782
0.140694084409414
2.971396555005476
-0.028009423860037
0.004843494322723
-0.030204119543767
-0.042938727204074
0.037714881003621


0.033573  0.000000
0.031031  0.019660
0.031238  0.000461
0.016697  0.000000
0.020072  0.000000
0.024483  0.008463
0.039959  0.000000
0.023387  0.013943
0.018726  0.003285
0.032447  0.006971
0.034912  0.000000
0.051233  0.000000
0.051870  0.000230
0.052607  0.003912
0.026187  0.027528
0.092115  0.022461
0.064194  0.012874
0.100330  0.005240
0.142117  0.039074
0.104484  0.004968
0.133560  0.003721
0.099804  0.001946
0.109428  0.037077
0.170737  0.073190
0.222393  0.052378
0.244961  0.192657
0.026779  0.268367
0.037722  0.180643
0.027604  0.208989
0.073667  0.384376
0.030565  0.344193
0.057991  0.380520
0.191635  0.420856
0.226197  0.453038
0.233573  0.377934
0.057222  0.493127
0.296363  0.378821
0.057028  0.539452
0.105944  0.457869
0.203344  0.381525
0.117087  0.209702
0.000000  0.000000
0.000000  0.107890
0.000000  0.215781
0.000000  0.323671
0.000000  0.431562
0.000000  0.539452
0.059273  0.000000
0.118545  0.000000
0.177818  0.000000
0.237090  0.000000
0.296363  0.000000

0.164121595265496
0.338861919727511
0.410677152119314

0.403086375573753
0.001215865677893
0.436213525127210

0.831356663648828
-0.263067987866206
-0.024475208853130

1.230031765382274
-0.664345180959964
-0.302251297512911

1.650068068597491
-0.901534419831510
-0.258802697662790

2.025459954616371
-0.785145361907882
-0.485903658705292

2.436610641464831
-0.792399565990555
-0.235354688037559

2.717656956875288
-0.319430387594564
-0.291925627680043

-1.407745177507322
3.458205425526476
1.846228036593120

-0.066940440908985
0.263613606373191
0.278312943481322


