0.650000

0.600000

0.000000
0.000000

0.485061
0.635711

816.897452
0.757264

85
10

0.053252757912922
0.572003517743203
-0.224921977456457
0.025001206362859
-1.223108143429968
0.785804042750012
-1.929359566576351
0.110933845327487
2.450990217222606
-1.915693750157875
1.859014189279101
0.386597601067197
-6.554097333861251
-0.887780455424409
-0.335969455080305
-0.572343667538153
7.958912710822767
-0.538866493160837
-1.189501951412304
-0.889139559708118
0.165960571375781
0.277780343963707
1.267691749299329
0.452332829844459
-0.727788200587250
0.622453266481741
-0.547344855516711
-0.233624622488456
0.427880432201332
-0.062132467134494
3.034650128601035
-4.247645411752393
1.303309580740855
-0.141312673012184
0.679817472344980
-0.420644214183616
0.017037255821216
-2.203821150499008
-1.035982905966103
0.595467931938476
2.484362274710781
-0.139369027890290
-0.781673667718287
-0.343113369129507
1.046018840805207
-1.122985444601277
-0.341455458970923
-0.282774738070470
0.404504279773905
0.736924598976465
0.880160860877762
-0.767081235173776
10.012141523854707
-3.945266702329473
8.274869412959191
1.706963569797779
-4.136244746414100
-2.586173765766516
0.730314958780259
-9.643190147633892
0.825755575717728
-3.419923643009640
-0.273481489044826
2.811482543117565
-0.162812397328401
0.505924581918161
0.022683846983487
-0.542640896718054
0.644555658322697
0.276440664090811
0.168773057791020
1.006998034223760
-0.655949003198747
-0.479608909094036
-0.067449158807101
0.067847548576625
-0.277263587486220
0.038319416780800
0.093574135833000
-0.241733132946591
0.134623255459693
0.099039432020461
-0.070320466276892
0.372075521226946
-0.229655400346378

-0.712688906082321
2.575603437095330
-1.837001100993305
1.639130395878510
-5.323849899428512
2.052675838230092
-3.598579190271029
-0.012171930449484
4.295148996814175
-4.777425559777623
3.211208805332523
3.249201970366548
-16.421359470055471
-0.726608373903162
-1.366852597678966
2.439792858411675
22.604275590186166
-0.022828388372000
-7.479645148359662
1.630999280147603
0.996710476306512
0.075670326803188
0.225316948672364
-2.950738503420001
0.793060421023427
0.561754031383834
-0.771692954115046
-0.346593541963990
0.535653897162374
-0.463349138822621
4.213602170498593
-5.405499606346447
0.735673823649950
-1.248941638057554
1.429688095344225
-1.039573090282985
1.894878785708257
-1.562691576575146
-1.543869137113988
-1.103900298339472
4.329898960976825
-0.885147552672195
0.707777878344047
-13.658776071420412
11.634475532698177
-1.487838790573164
-0.688098727876250
-1.345484847462203
0.678934809981299
1.852779024343729
0.254667763392909
1.569489159674400
20.907404845130422
-3.842662117427166
7.598031760085359
10.983499355194613
-10.919318860752904
1.292570328907368
2.195454112285286
-28.820756047816307
2.312060259853410
-6.333104138732961
-0.477243156647433
5.012677652600226
-1.280435830692662
0.683227942187467
2.174850807029082
-1.878077884384637
1.433278935247182
2.359717429688734
-1.848853751563615
-0.778040650076568
-0.194432187697916
0.854120327434983
0.210452984368377
-0.341066458571814
-0.048796199079449
-0.481401028513528
0.266087020572961
-0.343710835298493
-0.262534472920311
0.112588123223383
-0.054606457416865
0.469482812483910
-0.367327798165693

-3.384335934896480
1.259415682879549
-2.232369483019707
2.493800663197507
-2.088875718129337
-4.909780915054403
3.814418765894305
0.837552903131270
-2.141757334873901
-2.812032277654627
3.832120464209770
5.899897243745774
-5.389483809884645
-1.457408544104252
-1.201592278189262
2.441649183018487
-3.921218132836949
-0.156754150348721
8.157895119680740
0.347400990255856
0.870460795049282
0.811813983687737
1.892618457074781
-2.963516052096409
0.929012501461024
-1.690451562451554
-0.061746759038213
1.695715936446681
-0.828770327583258
1.642980563422207
3.071371737232584
-5.781503392077616
1.126541194697109
-1.298197235388545
1.775926566121074
-0.501823347395815
1.941146289898189
-1.641064620514761
-1.491093983006672
0.689393518894180
1.461816512401982
-0.046366692323774
-1.049272238738419
-20.770629789984937
24.723237280723399
-4.449737283361539
1.703405269130101
-2.089793520884181
1.855975746416701
8.251608085965849
-5.818763106003662
4.531241941233872
25.143105815264210
13.294482307361294
1.024390869184514
11.005040426114403
-8.169455988727036
-5.640346630813675
0.120607541552224
-37.228263233298335
-1.177510070892385
-6.403645891714829
0.484931875583122
0.757747782230231
-1.693286130477218
-0.019649470622167
-0.108663767546671
2.488972184862208
-3.705179286742921
1.941119045315716
0.480440648785043
-2.458948241179391
0.520267063245704
1.605451602985895
0.659796632797576
-0.733200833157484
0.142645194356268
0.538361089222650
-0.243392318311446
0.171072046503763
-1.175643408965665
0.736887672819655
-0.015429281307608
0.200510904848914
-0.423295054862850

-0.222512972465943
5.345076420208228
-1.829889554004399
0.005463872878864
-5.555872224794328
2.908358400951097
-6.959174781855867
1.409600705888681
1.787454615390958
1.427570780876652
-2.053385854565299
2.951527378763013
0.573874269214860
1.658801772453405
0.715569452369038
-3.090046693106003
-18.140703531264265
-0.816193321886394
18.465215761515786
0.387028881183721
-0.809334512375414
1.679973091812923
-0.729725420359023
0.947644936271612
0.659799306153988
-1.479380218739654
-0.386820682020697
1.410429691640171
0.160647512601168
0.049224994340281
-4.331151394150290
3.484933145312635
-0.031383257654761
-0.287246090519040
-0.053354199587688
0.000000000000000
0.000000000000000
0.095945275622984
-2.479271399203924
1.972116688527206
1.134642752911221
0.363341436583424
-0.622720804113118
-10.910361788393276
11.516585106522554
-0.078039141839232
-2.448864847831632
-0.013382548460341
0.221393742740027
6.831919220160991
-4.230108115691355
1.732168399824180
1.719472440152330
10.071043264375932
-3.498289983338582
11.817741676170471
-8.090801836810845
-3.099533871247848
2.900011369707147
-10.768980161342567
2.162088693793897
0.777774807512664
0.729317001851619
-6.091764047365850
-2.179271529653998
-0.742928318158613
2.017277604963143
-3.982930857259918
2.299913478719636
-0.984825796912559
1.916648035601803
0.042544036485205
-0.333494888257777
-0.062664334326528
0.001719983307196
0.441652546810153
-0.412757827238171
0.656169718495936
-0.155414000487157
0.309119258152409
-0.360042230328965
0.901066246193514
-0.603423111751363
0.581688582189701
-0.315504326740491

3.103451854005413
7.073069439228060
-2.770195930327422
0.522324585546406
-4.182446024479162
5.966764959948277
-8.207879354069956
-1.189512906127455
2.755242308488516
-1.891940611722550
-1.198822697092901
-3.536634576397185
1.500592494912914
1.454991013039070
-1.205156474225812
1.458598620386565
-17.710768906980508
0.517080284302501
15.277151209584217
-1.705507939567655
-0.526282509764557
1.247699279576024
-0.693896038616661
2.572721186419944
0.619901082879727
-0.866151941065892
-0.139828777819083
0.676104896542412
-0.826923881748538
0.465686401514564
3.429225691894132
-8.025768273269677
5.075239015055527
-3.017375667446599
-0.186335473468259
2.969428686530337
2.876942101377726
-0.400581311197349
-2.757645580105844
-1.470774553302957
2.814995705392075
-1.166169671897305
2.171271507263665
8.231196211896329
-9.593646543684514
-0.383870354747674
3.174556521701196
-1.095020393573367
-0.139540934356148
1.101678321819322
-2.962904550867097
1.447135690074950
-2.416441584456937
11.718247400837889
-4.253840116018151
1.421955532511092
-5.073245793012195
-4.688205565754277
3.681664117917505
0.791647026243107
-1.578641366731114
2.899854392746696
-0.117292988684569
-3.434100958086427
-1.936306303004645
-0.229989010209870
0.127082335429499
-2.597043655512664
2.101742370578169
1.453770450262922
0.055510062538215
0.049092807030661
0.944878238159415
-0.531824293888007
0.168043574913116
0.591028240090302
-0.120488322835281
-0.139509407785349
0.088250983781004
0.265194216950330
-0.641776982119324
0.423387803931689
0.357148644179196
0.073649711670147
-0.104908738900519

-2.725596450364084
-0.552668188029036
1.940791126011863
0.846298087889427
-3.706817553086881
6.100189828387896
-4.748474368974095
0.620953299640900
-1.282663296377742
1.495853113084275
-2.420118446096146
2.652959218568586
-13.545215868133500
2.287100663358995
-0.162392847294292
1.712996659069113
21.326071834831417
-0.305027795903673
-9.752154045844401
1.967941548408324
1.642616177200929
-0.085748252284874
-3.458988682559864
0.411949930485862
0.894029797588628
0.388043171590791
-0.731401664606835
-0.174831636831656
-0.764481476752563
0.904092814283554
6.329916742072322
-8.794157306584959
0.913326822654786
-0.824234782540421
0.473687396240614
0.239845115773571
1.840328470020569
1.263516961261909
-1.117453499257667
-3.060847607890207
2.150808263919156
-1.181279798983810
4.013400457502395
-10.647380845174371
8.653049251761862
2.861672212800217
-1.485243047604498
0.245705537313330
-0.690455462407441
5.236718186241403
-1.349635446165192
1.269923808484385
4.235606179311497
7.681512973787752
-4.259349242844483
-2.383903407991784
-2.901425185567378
-1.410616185612891
0.651045543643578
-1.948348282211460
1.193291615835395
-0.293221675199631
-0.371648830686522
-2.365108825468383
-3.439751124356612
-1.112340369027051
0.200313159680125
-1.885257918188724
1.172041623429285
-1.279054902158831
1.204795659592695
-1.305697188478866
0.059957467601289
1.281910992992285
0.402669920499031
-0.437091499894993
0.443310578743485
-0.062508431342318
-0.109124667974889
0.159221350449844
-0.827191973647431
0.747239040075511
-0.284416038669108
0.514953477148365
-0.388331960114815

0.132062768206122
7.233829657040035
-1.241287220400743
1.537636592021235
-4.451271454760685
-0.463298799710347
-2.459913717057123
0.547490051879607
0.385813305096829
-0.649551824112675
1.713629539580986
-1.462504817153348
3.696352381116428
-0.800250094559718
1.444629684521475
-1.750077063918807
-9.053273847373420
-0.548321126172563
7.521002065950199
-1.919495716232807
0.981487160913807
-2.565299004720299
0.908563983484858
2.093367371643142
-1.237635202470955
1.692704681718925
0.242684021047632
-1.670335977512802
-0.318065745871086
0.380714679845493
-0.762240698828519
-0.582581249637967
-0.015838369552738
-0.180984127460857
0.014786207409435
1.653629430682591
1.758019749655932
1.847771929981019
-2.674148737860561
-1.034912732075968
-0.355002786585201
0.573897191920783
5.352761851957379
14.002059976560520
-13.160311279059341
-0.514008686842687
4.229905569236649
-0.641588618889836
0.027246965605758
2.992930112779533
0.852345742493619
1.193222800686768
10.571797300817909
0.862822981545884
2.640581844344972
3.674916961840232
-3.175816503002485
-2.160987277684332
0.243006898795078
-14.851346663950974
-3.800359921838767
-5.563157164179026
0.558720868485851
3.117077463691598
-0.224312519467254
-2.500093598213948
-5.227490379714271
0.336532866333701
0.054820077431131
0.381963410741325
0.300006745057844
-0.027315215634801
0.284910505976672
0.145903376974918
0.307408360463390
-0.101927580913445
-0.326645004924023
0.598472052121540
-0.295989810396380
-0.042329122312303
-0.493118462728457
0.424373677537674
-0.143847674596171
-0.277714090922580
0.210789006391802

-3.691527294889605
-3.232261356077752
2.122776052922763
0.676404117999781
-0.132412611314822
9.032479227477360
-9.027640025016030
0.000000000000000
1.548207270289709
-1.281273937535586
2.285341816712113
2.895804141258222
0.634835670585943
-0.924373753810613
3.051189931409409
-0.358177324593813
-0.000000000000000
-1.689496111415076
0.032834616586078
-1.511957433387088
0.018413497218307
-2.688779563419027
3.719883101673218
-1.700212422448102
0.361685782792023
-0.879057842016163
0.234297494238579
0.650861405867006
0.452962728368917
0.273082629718549
4.253850722352587
-4.449130883240537
0.530597045904073
-1.701003984566745
0.253943247436771
0.748516504697377
1.791630629189915
-4.718168939651877
0.114069079069177
1.751166931749998
1.834960402436808
0.000000000000000
1.142679863319442
0.447039873052044
0.000000000000000
-1.565453268310949
0.587198052971414
-1.138673834671671
0.421560689986044
0.128716159582672
-1.092221553642229
-0.044697568463221
5.125073783348866
9.761740213698658
-1.380747460220249
3.880091605519125
-3.225336723454565
-8.182359532199056
3.099444919049017
-8.850130047868438
0.346963465674247
-2.750724428898018
-0.480923262435294
3.078938306696772
-0.636314823513733
-0.198435259493186
-0.863158482226701
-1.452495665379946
1.645358824237138
1.145133026533919
0.540632240964790
0.947219521102868
-0.785564365723343
-0.386845449856582
0.327707960345760
-0.637039984572375
0.124730156120063
0.042269565825839
-0.107293804793868
-0.043337463429350
-0.790489953610387
1.142311458605380
-0.698928403106654
-0.005537937674942
0.097535614157167

-8.809852860366865
6.220260688492233
-2.962533634601951
-8.814076117260221
4.967027048304010
-2.723492569326033
-2.432568592346369
-2.612130480795631
8.516564706756263
-4.447237579111746
6.612968555087930
-10.833013086232640
5.061730396028163
-11.892831260861229
4.729878083017056
-6.779877741612836
-52.752476434645509
-7.231066321666267
53.810847933846723
-12.416045103772245
-3.481824189229404
-0.954357742072431
17.683898796873269
-5.116348980007542
0.815475644722531
0.981604504054656
-1.754889080825175
-0.458410847430061
1.846541602872773
4.346363720111858
-9.498424080804108
10.229889851524806
5.046608521838907
-10.252850232283938
11.778581426089540
-1.902484729919834
2.226216554893482
-6.726140409104515
-15.873647460041081
5.300553004277267
12.915686950716800
-2.248004449504971
1.579194759280306
-17.627308198764428
18.045661490246822
-5.144978291844612
22.676441847311956
0.584687431284699
2.268009259346929
6.788376709570433
-5.036748654682519
-6.288074878056764
14.877491137864268
-3.818978786828178
11.559062296601679
26.731958732550162
-2.307315432853178
-1.523756774041680
-5.209096239955144
-30.641287331330808
-20.849492540419863
-2.875472291072233
-4.733569623413335
-2.765857454159540
-7.648655815746752
-2.511093287843827
1.488065652329853
-4.482129504677855
5.869149229600009
1.785468938761041
-3.495116545453373
1.052829116223047
-1.510369710959159
1.495161275200879
-0.648742952176997
14.703523835571438
4.562516514050673
2.456273289376998
3.694752990094517
4.857860606982261
3.521392724806156
2.282227998977500
2.718130988816971
1.736803435842810
1.666890018178099

0.001821615057108
0.003331960848568
-0.000018971243110
0.000153309082769
-0.001136832324609
-0.000319858824996
0.002632253261824
-0.000821805350905
-0.000378717659786
0.002353635522750
0.011986251694252
-0.005833167038311
0.036921473692392
-0.016429663206260
0.004283471362174
-0.001439386866211
0.021163532942623
-0.000508164232930
-0.055588038596242
0.008332318465106
-0.000671988238320
-0.007275941925688
-0.004509915613229
0.002036959430178
-0.005967826656825
-0.021833598508444
0.000032602910001
0.019179159351418
0.004105234602533
0.013952144758463
0.002483407806937
0.003731067857702
-0.000127697588436
0.001224353196324
0.000660573765301
0.000336623657105
-0.002378540055135
0.000662430197008
0.000152012908615
0.001086644747367
-0.002104630950917
0.000605177186528
-0.004734851222977
0.008496089322087
-0.008622476434861
0.014247854589018
-0.008388909783015
0.024188591057040
-0.001279133881185
-0.099563499336382
-0.019598740273530
-0.017560404439541
0.040990854932986
-0.031390177955610
0.027588339880496
0.012390316488732
0.000100429318624
0.024711269541224
-0.007692868242602
-0.037742881747922
0.002230969072246
0.026101510183918
-0.000544190541256
0.026210307221870
0.025009780781493
-0.000279979523653
-0.002069359191251
-0.001191562744806
0.027339284550295
-0.027232524445001
-0.002084335563638
0.015191126923883
-0.013715474393328
-0.014080480994424
-0.004116242609176
-0.000120433431133
-0.000849291694835
-0.001970366454421
0.006030792025912
0.002398257458305
-0.000477976345148
-0.000153882657186
-0.000300593338325
0.000236129298697
0.006415265236448


0.032064  0.128037
0.063504  0.127777
0.041008  0.118029
0.042784  0.081120
0.059502  0.117318
0.080288  0.125490
0.089358  0.124729
0.080836  0.094486
0.107828  0.112731
0.138792  0.104614
0.149403  0.123139
0.046955  0.143804
0.196061  0.128005
0.153535  0.142255
0.220531  0.096588
0.173036  0.107688
0.196965  0.123641
0.263716  0.082628
0.193465  0.123087
0.333288  0.104221
0.268497  0.148836
0.225224  0.123460
0.316142  0.110482
0.323860  0.123911
0.340367  0.161045
0.472399  0.202715
0.442204  0.141371
0.485061  0.226696
0.356563  0.268460
0.220637  0.247703
0.182896  0.230131
0.178487  0.222964
0.176272  0.200697
0.119326  0.220734
0.086045  0.201045
0.082788  0.230392
0.120298  0.255879
0.089099  0.277963
0.067514  0.266794
0.096286  0.265374
0.073002  0.288118
0.082725  0.373962
0.086090  0.465920
0.121282  0.466454
0.126088  0.464818
0.161728  0.463960
0.162006  0.498100
0.236121  0.462745
0.228274  0.510356
0.079711  0.549772
0.201946  0.304076
0.179958  0.263559
0.161439  0.275634
0.178292  0.321778
0.171258  0.324526
0.172456  0.285029
0.154675  0.317838
0.181858  0.331568
0.152913  0.337607
0.165288  0.277158
0.157188  0.510719
0.088077  0.580628
0.078932  0.635711
0.079187  0.583742
0.074689  0.502486
0.073405  0.452068
0.097671  0.478811
0.127591  0.513837
0.113029  0.523020
0.210635  0.438119
0.244033  0.385195
0.366869  0.578107
0.390391  0.451216
0.409573  0.610613
0.000000  0.000000
0.000000  0.127142
0.000000  0.254284
0.000000  0.381426
0.000000  0.508568
0.000000  0.635711
0.097012  0.000000
0.194024  0.000000
0.291036  0.000000
0.388049  0.000000
0.485061  0.000000

0.233881661187795
0.064266731233769
0.029642643778835

0.489210096859581
-0.133002390332671
0.009517563155673

0.937178246624783
-0.625861895170685
0.010536092200838

1.306452321291101
-0.461161324686977
-0.027965559632399

1.628354673441164
-0.250192577283818
-0.037101318684887

2.108601755484592
-0.508575056252639
-0.100320851529423

2.455874908029942
-0.206690934962842
-0.000848722547905

2.808300453739800
-0.146959821444606
0.015890569038260

-1.348489370978545
2.013282857215930
1.536637605347111

-0.001411335418927
0.006051437521825
0.004061854705998


