0.150000

0.600000

0.000000
0.000000

0.289474
0.557828

780.563165
0.428615

42
10

-2.656510387655223
1.938204853435768
-0.977162987601356
-3.275544847146342
0.912386363067983
2.582480210402545
5.344587036136345
-10.257855269837462
3.494370549203573
0.586261372536016
0.530979141404068
-2.879156889159429
5.156860737934717
0.387188854763956
-1.034100483075432
2.377289909063705
0.639964753032536
-0.090846639947745
-2.388702393553458
1.118189733518948
-3.103714810443980
1.531355764660210
0.110530547283786
-0.055513400879316
0.779644131272288
-0.058798260542493
0.059961123209036
0.630371151103057
-0.265907279734780
-0.828737746654099
-0.584476333392765
0.067393514814910
0.497335438387487
-0.107811606817638
0.793123512417586
-0.753428180906210
0.041927689406276
-0.387454926590687
-0.077640263998752
-0.029368615165320
0.007831273390565
0.224493667051164

0.486251871915887
2.795082666254485
2.512582020803720
-1.390378396568791
-1.948140954617519
-0.794159419781790
0.880602962130271
-0.126705769226056
-0.618505576477396
1.500945723962831
-1.053635052065330
-24.069213992133758
23.843185703966849
-1.416973476816817
-0.558932474980178
-2.142994378115083
2.756906211225012
-2.097230436552043
-0.539575898841752
0.743066649888592
0.788374244336906
0.818658432696588
-0.495334919049708
-0.366929036261779
0.286417268551018
-0.023368042946664
1.270219805846647
1.229895065609935
-0.846721923178842
1.336244791641798
-3.838610228519859
-0.529057861106980
1.059593287184806
-0.323185262961529
0.941619014851077
-0.557091110809529
0.097153056510203
0.808890177789491
-0.363627231636241
-0.101621783402109
0.000000000000000
0.046304961681390

3.082666135910146
-1.697666420561478
-1.619768554741401
-2.997810737362102
-5.706027634257114
0.797522110734907
-0.437361394991119
-6.820584697162814
10.828097865089140
-6.398448187522123
8.380505972846860
-3.732146537828489
4.188990674651005
3.589649663709446
0.084426426427774
-4.451189863340117
-1.375062482573072
-0.597461177147177
-1.544849522010315
0.588915253074697
2.575205575076720
0.038370978898200
4.298908664537956
-1.844160600906813
1.987870449163085
0.200190603524766
-0.321261239595933
1.217068160349874
-1.933940368888835
2.454239828509160
-1.780443169328167
0.578369916995830
-1.295197957130202
0.070793351452845
-0.658727960499450
0.323246351259032
0.121968358370096
0.024485910738196
-0.106085978914974
-0.090633537971267
-0.053938558842166
0.031274384615198

5.428514869680588
-1.017855338899059
-3.453207982441503
-5.429245513545749
3.062022661775776
1.195871543763108
7.181446649235289
-7.047372810904705
-2.743903054555575
-9.646454781999845
9.136335407526625
-9.068998314030283
7.587301398230092
7.597981814534160
-4.149952729973097
-6.753997077060693
-0.985836734374919
-0.148287720231783
1.627002078153753
-1.335661065418503
4.805103934160258
-0.942891690579993
3.926670197139945
-1.787763165738070
0.502845331421883
0.411313653641846
-0.100903638958384
0.131714333528048
-1.129417942666942
4.181717829751336
-2.061364988534222
0.658738899661933
1.338302584722653
0.014342531507243
-1.516252620625958
0.765343744728612
-0.168172027274069
-0.178994959797348
0.060808759697848
-0.041317896831945
-0.038923275398155
0.133397106405919

7.319476625156802
0.219870103209503
2.700411262617251
3.207659446352547
0.514310816229427
-5.215950987092354
2.898123657166997
4.707582473901611
-8.253659815043502
-3.935869172939716
-0.610560044064588
-20.601249194327814
16.237853490593924
-3.140627806640659
2.333023120202053
-0.619808032517403
1.714343674294504
-1.778859291032718
-4.192390171434192
8.367216778418829
-0.373395848048464
1.747581476451798
-1.826446751747834
-2.583022942063758
-2.018729293375926
-1.174401874174926
-0.595012825825671
0.333587762151170
-1.740006454557794
4.320221250633592
-0.511130451814405
-0.797082782858916
1.956530800378367
0.103616629686155
0.119123481291124
0.019573511330698
0.111037811397393
1.384437149078078
-0.233411509373934
-0.067291132547925
-0.018069683181536
-0.028605256090672

-3.710609313391726
1.250183915019922
-1.377246694854333
-2.004298432612986
2.406250170193817
1.554155222674333
0.240520170958611
4.919607264052373
-6.511302263368123
0.206676914874521
-0.010194669535172
4.814065613546187
-1.655861958103851
0.393281188541091
-0.859199975742618
-2.623156864551568
0.756158929632773
-1.540490535258179
-3.653173816536736
5.062121334021129
1.391526458546945
3.367211937472710
1.394159580600771
0.369312672884263
-1.501271305991405
-1.341492117727553
0.047576998582539
-0.695801469515390
0.300951422762709
-5.480152165579860
3.865448933100292
0.556891680016055
0.861152401537067
-0.349156632570475
-0.405251310406956
0.458669497907519
-0.151450459976206
-0.223164742049458
0.062356607101925
0.002221936387674
0.002005977470655
-0.189232087689207

5.436248048882201
-2.349412080037551
0.000000000000000
-5.501692007536356
2.207826327978615
0.503560005091476
-2.205750253861374
5.817780784004227
-4.668932110230359
4.426202219385177
5.433276602380327
-2.601309849569103
-1.084425871760721
-8.811084302261394
2.648919838996322
-0.979404653943398
-2.060729287139724
1.005113930058333
-1.194685089225800
1.179336583641297
0.664728038075394
-0.554115144446609
1.624678636065598
-1.157756745081200
0.319788175709741
-0.051000990951036
0.091757717697149
1.256140421936283
0.181560343485659
1.517880496259246
-1.966336776421761
0.472429892377105
0.479296535520176
0.176223657768168
-0.884772082716650
0.984225140583021
-0.123290822172477
0.077316721440504
0.004369161603791
0.028944680431302
0.005207411235983
-0.348163590271082

-3.386503219865537
-0.732048514108792
-0.725060976147627
0.634410543222805
-0.602964849043676
-1.336673768005661
4.957068937270665
-13.183230397347813
7.380642589497544
5.460295535720552
2.477746118216953
6.032649632272636
-3.365923251686062
-4.462321726046968
0.734896867133689
-1.441681466939718
-1.094686833434374
0.528860964603757
1.063023465848377
-0.115151924445523
1.649166904283567
0.601015867361518
0.205520102657619
-1.276777422951638
0.392193548834869
-0.481277146562463
-0.030183416539276
0.174038061050656
-0.503831756077997
0.328465211817896
0.286074466045970
-0.039668424986785
0.593021248236779
-0.481367591973018
-0.413552901955204
0.033489456464579
0.031757342423487
0.113853379062231
0.062129678804962
0.009973648068611
-0.003991581089331
-0.073396401369060

-6.499062042862504
-1.024313967974838
-14.525101350336316
0.915606306474483
-17.930284327232041
0.098742750566970
-18.574049596832378
-6.240770327536105
6.318184631418736
9.049256610684667
12.345106191644533
-24.941990548854989
25.908783306261114
-3.970501395692631
3.768147105629743
-0.892228408706756
0.627862460172726
-5.084178347621299
-2.031206500462787
3.745504743763803
0.742457716058107
-0.399764357660816
-4.799972496168061
-0.129192145750265
-0.659238377512809
-3.052095866406012
3.037139080989088
0.060497600776874
2.911474870396889
-3.518536113423188
-0.971869316984571
-1.032059608391635
22.014581979545309
6.071037511740995
3.362022439403222
1.669858056108334
1.586775508692847
6.497676467356176
2.986515052552742
0.780755150497942
0.330028981548443
1.448400574311053

-0.000526752421138
0.008023725125729
0.005707732604992
-0.001127316905830
-0.000127034483977
0.002561506022409
-0.002914652785921
0.002636196694064
0.000378198265627
-0.001131753493708
-0.002392881315281
0.000497017656451
0.007681520398604
0.001017959204320
0.007591503135693
-0.066780828816599
0.005376429080437
0.005332090205018
0.015406486610888
-0.028036391405761
0.086919328525911
-0.039900579617487
0.019761343862626
0.017578481170505
0.063754349412217
0.005451331256939
-0.087215227547444
0.153341817808741
-0.326443616322647
0.267940949527100
-0.079721354535495
-0.036319926192020
-0.017021599312179
-0.017490095379697
-0.021455501875391
-0.015437417069676
0.027958971503778
-0.005565237071984
-0.004417054730393
-0.001951867796701
-0.000111661763881
0.051171812755930


0.043084  0.155266
0.068508  0.086384
0.059443  0.047021
0.035498  0.067092
0.034974  0.084570
0.038235  0.051488
0.018386  0.121760
0.021427  0.113080
0.022035  0.106015
0.034079  0.134366
0.049895  0.073470
0.044484  0.168880
0.047263  0.171989
0.044607  0.130452
0.059553  0.123323
0.104874  0.285952
0.055764  0.283857
0.044973  0.262625
0.100932  0.366302
0.109726  0.353539
0.125785  0.287699
0.142804  0.459406
0.090724  0.314372
0.167874  0.422355
0.146763  0.379326
0.095793  0.521192
0.249059  0.557828
0.289474  0.495016
0.261698  0.417338
0.203156  0.456940
0.235994  0.490833
0.000000  0.000000
0.000000  0.111566
0.000000  0.223131
0.000000  0.334697
0.000000  0.446263
0.000000  0.557828
0.057895  0.000000
0.115790  0.000000
0.173684  0.000000
0.231579  0.000000
0.289474  0.000000

0.150095871351673
0.281170158634424
0.286978034270570

0.374093220541566
-0.156271585221599
0.189261838712522

0.850598053587548
0.022397219567130
-0.022748647838528

1.237569841536029
0.304669833555750
-0.396162811469782

1.666927357980730
-0.206868698078749
-0.228109361514429

2.044099672995494
-0.269732769172599
-0.491994354094643

2.434138558563642
-0.474512258415189
-0.428830927054672

2.781498148710056
-0.085294168749278
-0.086055718139896

-1.088399616299141
2.587480955466776
1.138904571361771

-0.006790277479006
0.063972821849739
0.031311841689262


