0.050000

0.600000

0.000000
0.000000

0.136554
0.830058

2282.164826
0.629241

66
10

1.061376603179212
15.888003655846450
21.247212496789437
0.225456491410378
-13.460883850475588
-0.062152301295333
-3.173517274209234
-4.017582589630395
-14.640211874292797
-8.330954169863871
4.089946350865609
1.323800314328129
-1.428934194803150
-4.080940298712688
-2.852134980508392
12.800028103424975
-4.140121792771788
5.735715409443293
-10.841743456183423
0.334608850893441
-3.872940634372303
2.249776761120722
1.244380228085652
-0.090826254557400
0.069915034365707
-0.718051173035106
-4.170987125018118
-2.430966872944644
3.609394156976597
-1.614924346948428
-4.990291955247017
-7.362690889808238
5.810565484848147
1.390937551921612
-0.683160061073076
-0.279755289446059
2.156716461786596
-2.642700170675286
3.154545551257091
9.867358232823875
-1.807032750496822
2.465955462974376
0.913367085969843
6.162120465944111
-3.799706582820004
-6.463185600067993
0.421693691463272
0.460942424289334
0.040961521491060
-2.025950454837083
3.215163892525724
3.333336079003241
4.855780990941137
0.762223254987514
0.823129840993811
-0.983256228406907
-1.187860653391584
-2.226948522653935
-1.450567463069608
-0.384408011751849
-1.054914105659795
-0.027517586448343
0.049674814246677
0.112665812782479
0.143824563851897
1.277241852136992

1.742792725650406
21.042205682193973
18.874800637295877
-0.659256179438218
-18.444069281810485
5.536542240597144
-1.438789266239434
17.783310222796153
-16.833083696206646
-5.928323423592055
-1.228569357249832
2.811264885103848
-3.114891024510906
-2.581422524496874
-3.479030924758315
10.116847481053702
-4.810976943070912
-16.225299546962333
-8.186542767061576
2.276585405696957
-1.276804510918306
3.974847620726596
-3.128314348891998
-0.096038288352956
-1.079526991461044
-1.006150746107404
-1.747036273813767
1.392763096373578
4.085355883192850
-0.700193830482535
-6.392003553833081
-4.944254874333447
9.565830827151396
2.312848690247752
-7.144290967804664
-1.267858911403323
2.552623356084978
-2.458560928775138
1.796325348352096
7.947527559300543
-2.587532867380201
-2.831222450080473
3.722944018490669
5.038363064446346
-0.768352297647005
-1.754582834190051
2.035780588818023
0.473394501633002
0.826385959102161
-1.988696507566044
0.041445066274566
-0.545153779529667
2.101449460667501
2.908247696100768
-0.217361844015200
-0.941294932451797
-1.234862876233863
-2.007341653707026
-1.564882879005585
-1.069349820450454
-0.830006145322567
0.025275778155850
0.045114511236539
0.068567111835612
0.088729088996889
1.323761549698729

0.573776345802816
-46.877462152330821
18.885653383845295
0.666298467689773
-15.999014229071015
6.489317824924136
0.077779892150142
14.588231821561143
46.027860406882773
-3.246360603010380
2.827966916541306
2.853575467366859
-1.499674435742805
-1.598596233366902
-2.136411517506432
10.058463321627309
-6.176004120633747
-13.138668039140306
-6.343042115542602
-2.942856581293241
-2.152328033790346
1.835646107801449
-0.608418133691179
-1.196599690019321
0.751756447650700
-2.315611095919245
1.529483734421228
1.435943381659761
1.712085942577583
1.076562929142060
-4.692561653422171
-0.792411904200306
5.083150170692853
1.420422223612715
-2.914172649348479
14.738033645469013
-12.463130223157627
-1.741019876317820
0.099901036603300
-1.206759117417061
0.090242933979136
2.224541921509208
0.200273331393443
0.380245983389695
-2.229853517457910
-1.323164050309197
2.987530976091165
0.109593841003389
-1.602469679546135
-0.492214072935287
1.309378728538444
0.041217978422770
0.998611749640303
-1.088843167366834
-0.452396915127901
-0.480948766212612
-1.543837203643322
-0.794809706701552
-0.712021527922512
-0.140809028657413
-0.990325060615117
0.026705641252238
0.015968534596473
0.018019009520045
0.029707254587141
0.728847748870150

-0.907730920875121
-39.217333862305779
6.489012746270219
-1.226252273936630
-3.958265929207029
1.041846340185022
1.425397644995917
-16.193676248411357
40.595082418093369
3.965085531644038
-3.998559042611269
4.611592337520284
-5.593707580725025
3.605753798485904
-1.093244179168610
7.036541283524491
1.065944637705593
14.067165007303982
-7.111405230627269
-1.188008674757994
-2.751229077412282
3.954721326423103
-1.368547194607697
0.212084056252099
-1.573261315576005
1.824770655001343
0.452941437419376
-0.106355706431553
3.397137453178788
-2.555629834693596
2.127639828972175
0.572742256309612
-2.745680941468837
0.582628165421168
3.104118917706073
1.424031432345807
-4.424813080148984
-0.774339966410024
-3.265003051030815
2.761916008642824
-0.636794980415996
8.413224499020080
1.463976049026492
-6.654518541399312
-0.977071902215520
-2.011899225152405
2.398865913086767
0.423590749515488
-0.724439665151954
-0.769325062295019
1.338274757539023
-1.324727541785980
3.435944206136774
-4.153988013778002
-0.308879620316814
-0.169529826420706
-1.722943495938868
-0.868857729792304
-1.380566923601811
0.085401024089033
-0.530870917300140
0.001502670333391
-0.015560463267361
-0.013776499652963
0.002795188736596
0.435066170583478

0.092753254597327
-67.523141669365742
6.037888713001069
0.220192292183357
-18.141270919509754
10.522416231897621
1.652062111029087
-24.235029040453771
74.181644244723785
3.227249041068955
-4.226032938660884
2.614265735246805
-1.912680055720940
1.568386607621306
-0.920940498011827
6.243779160799612
3.549291284112109
19.905792534070965
-6.676050487823712
0.888513572623992
-1.563438404005065
-0.295327588753553
0.178587060436270
-2.542278854699136
3.472394751963805
-1.770423314685824
0.109470509573074
0.527371598805960
0.151744332502309
1.429846451199997
3.153063172980553
-0.612543973397299
-1.357566239567748
0.538881150952950
-0.586273464641729
0.796689837743857
-0.949932766685547
0.902012601323797
-3.014016227091014
0.866598372220395
3.281404979474543
2.811416929963853
-3.684187952584782
-6.861892209384343
-1.289230936545678
4.765183591711221
-0.052108660869189
0.423772979728700
-1.864783289393624
-0.339315606717364
0.654242700575470
1.869576673160898
1.133148035684750
-4.005640375511821
-0.227062369601506
-0.245761376057071
-2.662994889024635
0.178986041098790
-1.175439679970959
0.786460302081120
-0.557050140800292
0.009524699906712
0.000969345607887
0.002844200631943
0.012867223066186
0.531121617031845

-0.903426510263260
-69.152284527368451
-1.211049757042171
3.999749483893830
-17.017911929472078
9.496268355735975
-1.117868182488192
0.431420749183885
74.548651915288431
10.509601846127072
-3.583237396264401
-0.067774200946384
-4.249502168538577
5.352060692528188
0.753705082374353
7.022991798390714
-0.343743984872457
-0.150338997050941
-9.975199411305896
-0.654532705786338
0.387397726385535
4.875297950530104
-4.105620801613547
-0.910414738030492
0.746988518192897
-0.569418514125115
-0.857792308622368
-3.237738124229665
-1.987656604781841
5.962494243280111
7.735452758289293
3.988964092889336
-6.860305613639700
-0.352359012604462
0.601457270562621
-1.318961794823418
1.612523310475731
0.415406797375748
-2.078255014103288
-2.567584232619404
1.612390408054205
-5.336665472609872
-0.480769013946408
2.367895737258378
1.448307626036488
1.434072226923259
2.171056582071630
0.153203550464823
0.548043851217668
0.010296746088164
-0.601219993199877
-4.197535169786382
0.753811515033094
-2.756551815060749
-0.265469172333182
-0.060803968721281
-2.444183141533205
-0.578896726434262
0.329090391654463
0.073159524004584
0.250861886302976
0.008242383501347
-0.007848760193208
-0.011531455741432
-0.003134376648852
0.416720576956350

2.561469283296288
-0.107353025832762
-19.206259558366892
-0.187303246453062
13.976369178828238
-4.942466960853847
1.299944898478322
-35.393039133132149
-4.120160776326357
12.247676181530514
21.070068408955898
-0.856893621922343
-5.280198437316281
-19.304468057705282
12.607120705749960
-4.187706624327544
3.790139955136329
34.230270064559569
-0.306071864737678
-8.389109558343327
1.553494668143447
-0.503193183196818
0.271704532373843
1.180516533143384
0.005632553500069
4.831581919848217
2.701094383436858
-5.397553727617998
-1.610743336081805
-5.934836827583187
6.263169798505508
8.931192601270421
-12.529678080176156
-3.190587681776454
15.209914660417573
5.512815864305536
-10.961933986134015
4.649452015842358
-0.141384985101161
-10.430690655580246
-9.772616525274408
-0.494445654026517
10.182979025570354
-0.025987076691404
-0.162879794317454
1.640653589206582
1.137744737629358
-0.634880849305241
0.300586056399141
1.477308584880474
-1.420685260919080
-2.060046422289757
0.400124309307483
-1.457682216777592
0.071587014085684
0.029546278629824
1.286145401416654
-1.083558607884756
1.697882826160173
-0.673364800195713
-0.205605063911887
0.007528792298532
0.024274149096406
0.025184962796679
0.013802400357684
-0.215590675014235

-1.081238799991950
8.667884076213303
-19.816771569641535
-2.184377912078458
17.161696100273581
-3.831067098683013
1.201140934680017
-21.213665422306217
-11.270958085866564
6.340095396330513
9.358796082418369
-0.879556758099710
-2.388264162042616
-5.697011491147229
10.183196392231915
-1.282939783084201
-5.285010222769063
27.479436380596539
-0.982057369465444
-3.427338895144727
0.843353716028843
-0.693739345383002
-0.294998902014184
-0.857011925820649
4.027014488064707
0.894805842353164
4.594282193150680
0.398688898140099
-1.051517025554419
-3.114835976598612
3.397501828165646
-0.680634117380464
-12.407228039627407
-3.141580819048681
9.796126713681462
8.325718268890988
-7.338143547480327
2.876873375608379
0.398072108156352
-6.758023390761516
-8.048840638135586
5.401782161901839
7.773619381269695
-5.761117171369905
0.562645792963409
1.073750006891501
0.277399067755399
-0.956394899337414
1.663958011987960
-1.456191207381373
0.172976998567835
-0.382320373799673
-0.820226151575750
-0.495163489566187
0.748410390273723
0.213650485466156
0.083698102914870
-0.003075403106488
1.120499443445667
-0.434889063991313
-0.522264893633545
-0.044847277796578
-0.026410427690508
-0.018689529143195
-0.020545774080778
-0.368125619939161

-15.878746468385570
-49.251071566260102
-19.936605989181263
-0.266123618146480
4.760810345502882
6.843924805739929
-3.046084076490839
-14.664996289605684
39.076020093727792
11.750434242540207
-3.021121697110647
1.821514094353542
-2.246308008789600
2.995878046786510
3.034242755148810
-1.902700540932342
-5.162988239402080
19.156927945187920
6.437251322983739
1.327796683099734
-2.028062286971169
-5.863392423979316
4.597036341182098
2.365324091485065
3.536782017822455
-6.625368648748557
-2.074307036938782
-11.368494965039394
0.085038282318016
8.568763662255131
10.135959548703532
-10.893590950295508
0.358729771404484
-9.814159926292671
-3.799198313705974
11.269952939592349
4.658394918232438
-2.458716342612553
-9.040180744079848
-9.670920569233999
2.817340892167548
-6.433558348527066
-16.042189003750295
-3.688703139954465
-6.376450475332583
2.799862196885349
1.544699362588028
-4.531152050908538
2.687484793500287
2.033283895705319
1.946646142806126
-0.786466741921850
-0.929513057544667
-8.400090700460037
-10.175731698570980
0.896302677537233
26.729813231594864
10.664481967559311
18.443747907816011
18.272859920107560
7.288266763253220
1.661204480141497
1.189260641414428
0.752118815443106
0.467016218117644
3.401822120191954

-0.129225109675470
0.448029305633017
0.358563585332954
0.105983736815275
-0.454581401716623
0.036465447103782
0.440245931178053
3.594615461335451
-0.547846572891125
0.127531883477343
0.054209301175295
1.600763305896250
-0.092030251588781
0.243240739171548
1.106884533247554
6.833271559617391
-1.311582563111386
-3.044021212944613
-7.076697402133497
-0.683998748015283
-1.683754471389964
2.952677593207167
-2.494273854116593
-0.539773770709545
0.815131305319216
0.553137423187303
-0.144907292812775
-0.443290302115744
0.702835009735864
-1.421220450749042
0.112226843494374
-0.317217810559249
0.031948440994175
-0.159511423662999
0.914805379798085
-0.121949986117913
0.406526726762264
-0.005372049121739
0.110270160573611
-0.030836726090544
0.218903006906438
-0.262752445641661
-0.252539346706702
0.062816501063373
0.009826073085979
0.210885086353311
0.049446664068500
-0.032693429525713
0.788045192271552
-2.362569344682188
1.116565712649985
0.669400563062223
-0.175722082870615
-0.236724238634072
-0.086609226302362
-0.389708039203541
-0.330705495625508
-0.075467505152747
-0.225244578355428
-0.286661569352112
-0.035728837947757
0.004730141748471
0.010533286863610
0.023976264482621
0.039542881895030
0.701182491605216


0.016111  0.145226
0.024724  0.188412
0.036567  0.205011
0.035163  0.248199
0.032585  0.209967
0.039201  0.215722
0.034934  0.265530
0.057623  0.246797
0.023219  0.189238
0.043681  0.193571
0.047776  0.171218
0.061108  0.149552
0.053830  0.187354
0.046479  0.160992
0.066852  0.213166
0.084192  0.233191
0.067407  0.238716
0.056775  0.248194
0.091208  0.235783
0.067421  0.203480
0.096417  0.159309
0.100020  0.213097
0.104917  0.192336
0.094215  0.379120
0.072684  0.400704
0.052660  0.434808
0.059114  0.528607
0.039842  0.487769
0.071537  0.507545
0.059663  0.471108
0.049503  0.505583
0.030385  0.536904
0.053815  0.493887
0.048934  0.378799
0.048183  0.487409
0.030731  0.545035
0.040212  0.543954
0.028830  0.573141
0.028908  0.512397
0.014298  0.542802
0.021067  0.629404
0.014726  0.742560
0.016529  0.626225
0.020503  0.738689
0.032889  0.703281
0.029051  0.748407
0.078936  0.723772
0.083352  0.830058
0.136554  0.683295
0.122518  0.631298
0.083107  0.607494
0.083723  0.671905
0.006341  0.262136
0.007976  0.246607
0.005330  0.074697
0.000000  0.000000
0.000000  0.166012
0.000000  0.332023
0.000000  0.498035
0.000000  0.664046
0.000000  0.830058
0.027311  0.000000
0.054622  0.000000
0.081933  0.000000
0.109243  0.000000
0.136554  0.000000

0.160723257757648
1.205703790836191
0.451413883219787

0.479349069701347
1.444804512825676
0.223545028156086

1.025407960728561
0.886032363187653
0.153227085588585

1.323831588194563
0.480113550800040
-0.007314519892454

1.628978634873731
0.584368390717978
0.016211445478854

2.005979635640031
0.357399280406342
-0.170901902502042

2.411009792032080
-0.261139900494149
0.123817048786956

2.766114388012986
-0.426625551093086
0.187881336875190

-0.779924239297588
5.130198669528852
1.016037607327101

-0.048024708536723
0.738765318889466
0.074153514201108


