0.15000

0.600000

0.000000
0.000000

0.433861
0.607919

923.355800
0.536923

65
10

1.442648282374203
-1.568960311455280
3.123845061003281
1.737416653732286
1.429362418612974
-1.133345977468179
-4.588237666648200
2.125467930395766
0.778017763164150
-5.222586286309052
1.381523765773867
-2.335336674208545
0.180549260058652
1.112756490190371
1.474416488539400
-1.206045922590384
2.174787749614474
4.020252017742144
0.828581662855395
-2.077840878266348
-2.235261240694964
-0.015581720999680
-0.139177523415261
-4.323929907182914
3.165023056266026
0.039799706844010
0.044149581908624
-1.183246784839274
0.937558658054372
-1.798590243380901
0.317488027374414
5.504736207337611
-3.178765004048676
-3.463601943990024
5.943312333506591
-5.915301353514090
1.248585584502606
5.353588953062395
1.574478934276866
0.976422620888616
1.768348485758904
-1.722131646072925
0.910724872998015
-1.004316083011867
-1.922669076692638
0.750031718815318
0.074154494983578
-0.539176609075438
-0.173626119522780
0.139305109886106
-3.365584242611897
0.857277619901248
0.054303081971453
0.274103666109297
0.068514538887575
-1.119470336809677
-0.043047812384079
-0.868030844207606
-0.474232025695987
-0.053174205945809
0.105396915498395
-0.278715111980591
0.461637142940734
-0.572300448988161
0.143717146476074

0.125628608641538
-1.122837478600225
3.524184216059827
0.441291905009483
-0.884967044877513
1.041750225920115
-3.208979062974104
1.139982200551726
1.659330264522041
-1.690065451658990
1.271618575300544
-0.920690811905478
-0.433298312885638
2.566147903767326
1.693173633181627
-1.239332946120875
2.057663331013144
-0.145575865022706
2.250498359176508
-1.515104046938022
-2.613866227502096
-1.593238243936668
0.650869822444964
-0.999155692052524
-1.298690055764852
-0.542116691396020
0.402853581930861
-2.700041003304038
-0.354367809824548
-0.537449551959089
-0.948107870466638
4.390513409666129
-1.792665351045170
-2.927243108977583
6.205078104285281
2.014535990741247
0.633333226117010
-3.575969735599739
0.552864741611217
1.398270461022844
2.013170173395387
0.062831246581889
0.385916168474449
-1.186544302717281
-2.374793697899534
0.460534115523159
1.161806230836083
-0.340694292010871
-0.600865680390795
0.030443478325287
-2.133451801600457
0.855245780625671
-0.340373381365259
0.037296432534196
-0.080344716420111
-0.219912841285545
0.092933515701483
0.110802237260832
-0.554481583673547
0.057309644045777
-0.402966507821106
0.242965171268310
0.533278857022418
-0.815214020092433
0.029283574625284

1.058107602324167
-2.824442402449998
3.426627287016367
-0.791287862427853
-1.047220796998697
1.268698227484993
-1.989678224198424
-1.117300758743423
2.793738126406405
-1.176281265176729
2.479785733285109
1.334355021271345
1.257204364287004
3.026486511717891
-1.373922503709096
-1.365981450384027
-1.337252753694005
0.483941573313461
-1.263679479660119
2.596645127788384
-7.190634866130176
-0.820983376116853
-0.461429852264568
0.654890759392160
0.146493012850161
0.123512756231120
0.901057318467226
0.687847780960707
5.233068626160405
-1.750067761267907
0.566988266655890
0.383501120333601
-0.655668596471680
1.031657559128484
1.965130667562064
8.794354095011389
0.598418528577526
-11.710557627226981
1.163857804068460
-0.577030207764898
1.409228659115122
-6.790345886294099
-1.337591691097083
-0.405468926573996
0.816976422174689
0.492145519422429
1.188888644123443
-0.382173669269322
-0.400737196344697
-0.058439438338731
-2.514696143641046
3.416158284053922
-1.448000249719180
0.712019529524323
-0.130128319325059
-0.274400085845800
1.162800137937777
0.923270953974404
-0.568808353953532
0.071393428264299
-0.478094901561073
0.279873884717365
0.700600902378641
-1.033784155436040
0.126364577607692

-3.322809486763591
1.389363860438322
2.835179299520424
-1.244756161691142
2.782608620845657
-3.162698954791931
-0.591849337505948
1.054367356744876
0.741777167676875
-2.139567971974302
5.648557967062440
1.286372644842015
2.877215603626724
5.925283664222470
-3.582466332018675
-1.095450581594578
-0.043485672154785
-3.173901993882745
-2.141759880390870
-3.614557229498166
-6.653202454411200
1.652549863415801
-1.785468425933234
-1.392620160507246
3.868703136411155
0.528106273272144
0.975532148574365
-1.783858446587238
1.544735992505999
-1.241313758117101
1.354901900285594
0.187481848990975
2.940196730779861
8.071244725247832
-6.299951628659992
19.222784742733090
-2.570247321432530
-21.769858316071886
0.837117132563807
-2.068941053124473
0.459742654367535
-4.306807480215456
-1.254196496250492
-0.585312409178846
2.663679777132268
0.886373331800506
1.334628713946280
0.206511768455791
-1.410242857712638
0.212811492412984
-0.538594463458658
3.505701596219411
-0.998992882035855
-0.110972691185588
-0.202975874057823
0.710603623765728
2.036083298010925
1.646415620507836
-0.179344643113094
0.082169434397208
-0.748361923424339
0.160177931394175
0.950106037718843
-0.789911896815444
0.225392835380744

-8.083857535798929
15.179874011519365
-12.181945966652977
-5.150718756782598
8.387331190664117
-8.173233442030622
7.304594497273256
-3.262810476626262
2.602018854334225
7.962140436982821
-1.031894785293895
0.128005711878089
3.202567669708333
3.532755259729388
-1.124480271407155
-7.053639916242513
2.310179945349320
2.141621844387528
-1.992456053164314
-1.208706828094798
-4.768661004645694
-1.970061335313148
-1.686691839309723
-1.218178760394734
1.385674170238774
1.907561564660418
1.097321671861691
-0.933786310107749
3.288948668719348
0.113984331491593
0.557580790587317
1.833236166673702
4.291159250936550
14.916230739691374
-12.696154762499701
22.219081115405597
-3.432697662172416
-22.722410333680934
-1.199827551560436
-3.021613382101608
-1.303415855662016
-7.120664033265403
-1.652757020767240
0.819902523614903
4.499709910181100
-0.275345223656319
1.490078574528767
0.042740127943934
-0.404460881654864
-0.261103755423699
-2.876352776913994
1.416162187963886
-0.276594419099565
-0.507800272613465
-0.381118423285910
1.949953479911780
0.857641966805261
2.331499130560361
0.062070178595748
0.067536844268561
-0.320950699533811
-0.918511910073673
1.681693498768129
-0.581533909214603
0.213579838854779

-3.534685858555773
8.288143572549773
-12.083192708720208
-1.201813096446555
-0.406803737343008
-0.540076326725472
8.579267550147847
3.593922304332145
-3.273024084961584
-2.787934390541533
4.804604359884455
-7.073948503551957
6.633971229203485
6.629098141678196
-3.464335848601790
-0.899198822153519
1.554748267389882
2.599470274332610
2.287758380715501
-6.965745964756799
-3.054628705169412
1.937073018318728
0.974343640896648
-1.183968487768321
-1.819738258413346
-0.220554474575834
-0.028288433987801
-0.574314839459476
0.780841202763220
0.420493161656582
5.389219808586224
2.770246724188282
3.551149590164120
14.520519973734862
-17.433323338315098
20.186265642049030
-1.460072079254808
-21.591967368527801
-1.459081648028475
-5.596545679933248
-2.936296017674610
-6.202118651041900
-1.595785307481156
1.298337048438288
7.793537501473502
0.027408092031894
1.024521203568324
-0.761564922608741
-0.349725478153639
-0.186797175398710
-3.153245935247528
-0.455475159508993
1.086935925956571
0.232914546015858
-0.228436694811640
1.835063406572099
0.845297703735027
3.726097699566565
-0.106702832261275
0.020247126176516
-0.543373704013327
-0.876328928331976
1.638221999344648
-0.828530778146810
-0.152094866556124

-3.720169913649181
8.264420002381574
-8.120514861890765
-0.083877940195284
2.419191067258190
-3.313481106677988
4.573956903765632
-2.491396404819693
-6.075464256528139
18.728313767084060
-4.347438616520662
-3.880954537806349
7.860942480995370
6.192266823444776
-5.687500894692859
-12.021695182978988
-1.691670441986267
5.699412253874842
-2.703718410747978
-3.262811032592361
-1.732941214880424
2.043565436646772
2.355676239402357
4.113375645016718
-1.556609728140062
-1.266644023250138
-0.652790815882667
-0.023296832997955
2.013720966152907
2.398714952302027
18.816536228660368
5.605364352726660
-1.976616141338499
-6.493824696310967
-10.663885709998198
2.402694251974804
2.969887807041952
-4.298716122629074
-1.081478023667137
-8.031375539140560
-2.292757263004558
-5.082727188524221
-4.081947540654707
3.147974825344405
10.672253359973823
0.749364760031706
1.083633320604329
-0.453287220084604
-0.641814250450096
-0.423344467040829
-6.227969622886822
-0.523759914275170
0.351155365756511
-0.673859548114291
0.009990515519595
0.788293061232167
0.963600158058588
2.191844548306784
-0.151466608034533
0.033990352835696
0.208788189957960
-2.063997392429755
2.348458186257767
-0.897750611116649
-0.313831744672923

-0.974456576516479
2.653607761076138
-0.705940077924993
-0.402617583289352
0.123930803998477
-0.409566348782754
-0.749158626418867
-8.503609453500221
-1.611013981449394
20.072957613470205
-3.174224341412808
-4.407843057827827
3.502070728707850
0.089750834821374
-2.558438577819873
-14.094444521812441
-5.572834266252369
9.555515985692857
-6.546757913433125
0.861262193909511
0.040788587419710
4.629964245230716
2.057136248674072
8.549669363029734
-1.211723224645557
-2.182421349935456
-0.267922728932753
-1.881138662458466
-2.101688795720103
-0.272317387684619
6.170677793749652
3.577514232148130
3.454264188703984
-3.600567847823187
-5.726359054010993
0.551446351639725
2.071727352492007
-1.024658055662662
-0.325606917843348
-3.920454228141112
-0.883037750645760
-0.569926710924675
-3.918562436020250
4.262034450727132
5.331307800136079
-0.032410271378356
0.173577020965325
1.079584611065701
-0.815705834780434
-0.158119431603167
-1.358617643558322
1.827930497432561
0.356981848839262
-2.077877242380257
0.263968168454012
-0.081160903700177
0.451943417858395
1.031715287813924
-0.190802856298659
0.134999788843946
0.107721946956819
-0.768207602011594
1.191661137687570
-0.744650469777806
-0.350867521593453

-17.918442699508152
7.107846631453608
-3.444686452732562
0.283477179041754
-10.452915108649895
8.909042834909592
-4.092857991549073
-40.166459413110594
9.912766714379540
36.375962284572083
4.284052792620408
7.339432326895499
-11.102005274450987
3.287240061997707
1.246107956696520
0.273329242598202
1.376705898041945
-8.742198716643587
5.208558907518438
-2.184563724581234
-4.577167026582267
-0.978198008322912
-2.483400196082174
2.609101336915168
-8.135696014221425
-1.695807395687726
2.866973522330784
-3.614720677560838
0.331215420728891
2.055578973905678
-3.482610664554035
7.430321296132196
-1.760874640205653
1.539961357168932
6.395661776747711
7.585042090111768
-8.568769043240835
-17.941120301275618
-13.623459706469582
-12.174164313331215
-4.211744091824833
0.917604111422548
0.507391840619642
-0.466276102094632
4.518321584424838
-1.782343260951018
2.016189532993181
0.175034994592800
0.219403230863112
0.567004457314076
-2.223102798005963
0.537571067068318
1.748964705995445
0.538335270460507
1.387381980891486
5.429986820903112
13.602763272104264
9.830573873009602
6.943705509539257
3.541419754717849
8.809765532741885
2.904810979641091
2.268523942078456
0.872791490091765
2.067661040744516

0.072398925203833
0.017777710404125
0.042044831020238
0.011853126784736
-0.067561487356933
0.022228688535475
0.006329090077299
0.256341665473730
0.066395860198685
0.009673607194472
-0.050262024720300
0.480945026598960
0.115235635320111
1.862132681517103
0.111450381838806
-0.852800817784671
1.381161480149000
0.900109649366351
0.727089075992991
-1.104635973231246
-2.825331161461818
-0.426710440875092
0.403639604929337
-0.952515717256438
-0.113991344694054
-0.110250604065143
0.555878421107713
-0.900229734508503
-0.369281048621748
0.105716183432928
-0.043726262140769
1.462102616849087
0.305595439871343
0.000648153318592
0.048239574304000
-0.019405534382308
-0.029678526399369
-0.055338362928357
0.083662735765551
0.340633223353754
0.195049625822418
0.482233081515967
-0.822552478532710
0.635388696706254
-0.387183024450207
0.882879629013260
1.814617686385350
-0.143858845521343
-0.992006344685293
-0.905421140937399
-0.688273622217115
0.566469452741386
0.544368229887462
-1.497405372779535
-0.523211340589261
-0.161477069994502
-0.197653836548894
-0.229302307685321
-0.299543156602147
0.303783383105197
-0.131046452429475
-0.145166363339640
-0.086215136267114
-0.070123651737088
0.388086009692120


0.055704  0.036387
0.065602  0.052149
0.071862  0.062664
0.095849  0.097955
0.125872  0.068616
0.132957  0.057897
0.077617  0.077415
0.134167  0.121621
0.118086  0.116999
0.137670  0.125840
0.149011  0.110195
0.185029  0.110995
0.202653  0.079921
0.231169  0.142664
0.206693  0.096822
0.145536  0.139595
0.279633  0.154538
0.158171  0.131421
0.345165  0.149503
0.268337  0.146174
0.206872  0.142325
0.281609  0.130103
0.428751  0.152673
0.344790  0.162684
0.357086  0.166767
0.378238  0.126493
0.424378  0.185338
0.123190  0.297849
0.098875  0.364849
0.108588  0.257711
0.090162  0.339807
0.132292  0.323143
0.100457  0.316965
0.072647  0.347135
0.075114  0.328343
0.030527  0.306803
0.054073  0.359401
0.020224  0.307845
0.038726  0.235943
0.047087  0.528524
0.060522  0.461503
0.088749  0.364784
0.143622  0.498078
0.181174  0.471866
0.065859  0.518124
0.184834  0.545389
0.207732  0.526220
0.307097  0.453124
0.283146  0.561735
0.433861  0.607919
0.142029  0.343325
0.196207  0.186541
0.199559  0.232133
0.279154  0.347674
0.000000  0.000000
0.000000  0.121584
0.000000  0.243168
0.000000  0.364752
0.000000  0.486336
0.000000  0.607919
0.086772  0.000000
0.173545  0.000000
0.260317  0.000000
0.347089  0.000000
0.433861  0.000000

0.193743977368085
0.332563022380574
0.101207402741549

0.377704113552659
0.381596665014127
0.174465833456844

0.608806433848260
0.397234551827774
0.264411323551526

1.006650531850536
0.077404343416321
0.178705206117828

1.468665077227547
-0.039566965647615
0.081020896575942

1.903455111734673
-0.265983742962486
0.002305602306823

2.437067332048205
-0.340769244995848
-0.040902450323480

2.792748623022746
-0.242809815242454
-0.037470707622670

-1.372184045428148
2.453385930340896
1.481735655701760

-0.123564586165738
0.814190252437077
0.627563330567648


