0.050000

0.600000

0.000000
0.000000

0.663684
0.860729

542.304328
0.574286

101
10

4.324228472596617
1.284936545423101
7.667691901630819
-0.136355764639292
-8.479819709372974
-0.508665190482523
-3.711951449963229
-0.517032941394662
0.950093842523745
-0.058047114595089
-0.573284910495346
2.353373440813661
0.973777290546554
-2.036223381528571
-1.560231041849215
1.400044334042422
-0.977394840810632
1.490285451246606
0.081742278206843
0.453344996526127
2.048148629430339
-0.150195855086057
-0.555013951669027
-1.216470121418168
0.230900892757478
-0.139681459377036
0.450923252303461
-2.574408665072343
-0.663709958073474
0.152787831254993
1.783240123566013
-0.656487961404932
3.619749406919250
2.548812303542166
0.559686955266965
7.841060436762471
0.166461740013123
-0.872345026435872
-2.659132260381710
1.045977612199903
-1.803669813210271
1.226947571154003
1.336607404498733
-9.486402777789067
-0.772545277548678
3.181183782197014
-1.883791047562432
0.423876245327140
4.449192288984087
-0.247427504942008
2.836638947516304
-0.101228519307223
-0.029921173847789
-2.855827514400780
-0.652988013668694
-0.654017509704748
-1.119955453209854
-0.888667446477250
-0.615007290491647
0.114359722267323
-6.740334031645899
-3.022057188138767
-2.963814020725142
0.147962087854562
0.139096455941729
-0.528253202689143
4.889507675615742
0.798585978108927
0.098487552207161
-0.268387199668126
-2.480824146195888
-0.847400673409365
0.651181996246227
0.201264305289111
0.559373171746106
-0.408015421384339
0.312975734954560
0.815400114793626
-1.555198152057071
2.243222657770024
1.873876489683600
-2.441048461955493
-1.042639125677886
0.226280459746037
4.551440338389305
0.346090621233172
-0.120456332033783
-0.631547686994120
-0.194137785887910
0.259984345008082
-0.322452488445417
0.268144743694475
-0.352623167867208
-0.153613571390943
-0.713114323369564
0.179301302413366
0.017007881613032
0.769341340151483
-0.508913348030285
0.184429053723193
-0.076296738901298

4.369937335125310
0.704509529813098
-3.658627552711498
-0.259354937392249
4.111162315552721
-0.551455385469862
-5.315609859827169
0.644388880190369
0.870395144959538
-0.478948450881021
0.065892426259290
2.734479824456814
0.600568780260085
-2.700802174076937
-1.424921252484318
1.849998298532335
-1.401377083210104
2.917820096522822
-0.802382642621988
1.199952245954749
3.303192488466062
-0.985496580850505
-2.425415089684178
-1.092471314338487
-1.096473479173934
1.182441622533595
0.252598188424460
-3.223071170211603
0.000544775491526
0.485565918083040
2.450586796599222
1.776056328195986
0.241127573275026
2.367095783346593
1.599467168973897
0.773216044700994
0.488644628136763
0.125228396361811
0.199541103772498
-1.019147533508493
-2.741966904269638
0.780478072781754
-1.481705756634256
-16.039103903792387
1.163477167693468
-13.762676097540652
-3.160242220897257
-1.047503400120787
27.832437218452373
-1.943519904311214
-0.377602536671332
0.990328630976255
0.683119587394354
1.923969164975962
1.060816004631308
0.398636197858187
1.006858734214065
2.005272327526381
-2.010288721363566
-0.407343285005390
-1.333835075665877
2.154667756085929
6.278377976436103
-1.136689960702809
-0.031059062471798
-0.877904068089155
-4.822789142561837
1.736065737309765
-1.404665917953080
1.198339062693266
-1.303881085427630
-0.294454044747352
0.617322761287898
0.232256488028742
0.635666827701932
-0.518160398254800
0.486055551380637
-0.546740145674829
-1.421779842129950
2.735825553371872
2.894203726997285
-4.108367880107275
-0.335095792704947
0.475664297617949
-8.395645105370708
2.836270916103800
2.539141520779936
-1.328393296435806
-0.615299193702707
0.278237169017214
-0.424165157559226
0.316325200727983
-0.303296724740956
-0.011073424992082
-0.538521832499862
0.134573006120161
-0.106066919531154
0.979878430403457
-0.670794136898342
0.279246805557369
-0.031738151710130

2.145299936711037
-0.924272794099417
-0.800074863271980
-1.779324291283540
3.056516518217336
0.569174034840851
-4.198177006171695
0.515936176141261
1.807739252716128
0.601642303649649
-0.895673817583501
4.365708642007496
-0.918029704905706
-3.925469118583890
-0.309509647951599
-0.916169777590270
0.738170854934637
1.405315993688040
0.462862301716704
-0.697747032458397
-1.529808959762931
-0.443921479521322
-1.845754703596729
0.761120967794231
-0.094090559002053
0.271271056211222
2.475095587696840
0.381552678565814
-0.537542821085444
0.262051722778164
-0.515373516279689
2.039862069919503
-2.953581302572046
3.176588722543583
-1.747731548293288
-7.742316831017386
0.031007252366372
-0.375541233591324
4.194363690493720
0.828729498656201
-1.680017905825785
2.225928455496219
0.756029502578257
-22.090705847956187
1.372257169410409
-18.745618456763030
-1.793620871730842
-0.293476768493392
37.439099951155612
-1.865794744849705
1.659181616232969
-2.588070934794160
-2.931527509337972
3.227975538891578
4.175440448845707
-0.538530084131178
1.472700001753512
1.986046725766078
1.202567566194167
-0.834222818814915
6.029125675995838
3.348541988294677
8.440435580336414
-0.493870469819718
-0.259507638169174
0.395948282810797
-2.830001642171217
-2.180457824904560
1.052062631135837
-0.582622265252110
0.852489571813898
-0.926943246453531
0.106860974749669
0.371098085347144
0.144567828747129
0.182685177331801
0.678123857399407
0.003949190848821
-0.955275936969065
3.223139148788303
1.621255863050553
-1.621412360320938
-2.386738736660928
-0.803272551214465
-10.690082219383845
1.681825729302134
-1.228391578300180
-2.164479562434320
0.294214474403010
0.388580931573047
-0.235928490858377
0.050423740861549
-0.090188139635805
-0.166440979315787
-0.290542968666663
-0.187336272393309
0.080195582851514
0.991696886133941
-1.136656610080783
-0.029916275131385
0.227305287964914

-1.369541868746312
-2.161058674920386
-24.807092233310705
-0.209376631892675
25.930196853532408
0.720566428926081
3.608179267072682
-1.481446294502968
1.317315857907322
-1.261887677693421
0.813735352566349
0.224518196829996
0.261821495202602
-1.442536826065847
-0.068024633683882
-1.939686562427533
1.212762972613166
-1.348083310898427
1.052048980327851
-0.813443431297542
-7.648946023548709
0.653119491691155
1.333929512717772
1.181653920463025
-1.287754618491617
1.205184825191722
1.818623756683062
5.379714141994105
-0.064171471186796
0.137041847530594
0.973458055651205
-0.720245927061309
-0.507843461646013
2.230011086656555
-2.825346414118745
-3.077094606297402
-2.178022088156845
2.424037773704698
1.999726920112716
1.064942203953250
-0.675041796334255
0.645811184059443
3.471980608375290
-0.283167111526197
-0.689416130912151
10.117613504637379
-0.260441988984019
-0.745695356457239
-11.925577499495159
-1.687133661873831
3.068887035524569
0.679149795207563
-0.525944166119690
-0.669055517869644
4.012676813980952
1.680338834250467
1.355396503409551
2.957048522006497
0.535101391847665
-1.521186736751661
1.688005490283494
-0.452955883652723
15.275731460774789
-1.931813964511479
0.176627495961090
1.175053419513150
0.398691049193771
-6.329984126292172
4.054132490870136
-1.967756606869969
2.126767404757453
-0.462705123939535
-2.421806196742795
1.133959230966860
0.003287608258392
-0.095225297387691
0.815421274580664
-2.716984902648288
-0.040567983944802
-2.322824587125389
0.216030337109583
0.292009430301286
0.841229085703486
-0.028369774770750
-17.236990567622563
-0.025345889105630
0.628200071423487
1.609362780386721
-2.905008917946419
-0.781790444920606
0.009009804858182
-0.579419909150870
0.071431329109880
0.081069994288949
-0.181103943925290
-0.154534186888293
-0.012355944764369
0.845414871356714
-0.920125419364296
-0.072004628345572
0.325909273908879

3.037078826732198
-2.293370811928857
-17.742174615094360
-0.624341162242026
19.669645242158449
0.454655177755807
0.103649477278325
-2.666496468913901
0.423952653337715
-0.346778040048977
1.647370888256511
3.473464566539516
0.192573489689280
-5.067064296685145
-0.084368579655412
0.421488021205399
0.033572189273411
-0.137678554973898
-0.230651160724430
-0.608243020481425
-2.743864631869779
-0.493084958649312
-1.118548809938836
-0.155588448278809
1.001184406871909
-0.880885822372801
2.299445740117205
2.973157496076508
-0.774355260795306
0.773461574167325
-0.412520862695545
0.968201879455313
3.157446292384887
0.541872954889235
-0.390566845988501
-2.784414435837444
-0.589967504224996
0.506818870946571
-0.073411676770779
0.279028616660904
1.127073823261699
1.191572739776825
-1.301207817814111
-3.987614226513752
-1.054614860524770
3.501317424240565
-0.710084419452100
-0.053817094765733
-1.084501323083995
2.045771932190591
3.501410992459606
-1.175621658305722
0.000000000000000
-1.458916796594364
0.763926488333738
0.061554050522532
-0.761545956692860
1.691000332769519
-2.158116127090351
1.136202097413382
0.579460016552977
-0.500940467871618
6.465416473241887
-1.036300647867978
0.277580488638997
-0.769578902526185
-0.880658986122686
-1.633495294782828
2.639136533676844
-1.168590351059916
-1.056820139720326
-0.325185240195945
-1.465335106216053
0.417181749275800
1.048167346517795
-1.279624606607221
-0.502503837990867
-1.140282317211309
0.500539046926395
-0.630400757608203
0.808887711444741
-0.129834935942529
0.813286919790670
-0.698205463374503
-7.159308643997646
3.127239447824155
3.266412730037152
-2.501331144641430
-0.243532797798429
0.082888304169043
0.013904354060082
-0.070608282920674
-0.177424303903428
0.101567801709399
-0.095950510809136
0.282284124525233
0.017954913866862
0.472052333696517
-0.541707418086853
0.303143813564548
-0.222966045689827

23.043801244903239
1.252084886974590
3.210602667081420
0.449759859974682
-2.393958238573709
-1.022857643639036
-15.587283819201556
-9.733295035791098
0.201105501986965
0.991728459176176
-0.895302317997190
0.530910132131904
0.543890420852764
-0.032248229698379
-1.068613552828998
0.122530827829052
-0.495673199793425
1.536774900029156
-0.319122584485131
0.552334127299078
-0.792378471515162
-0.925274626704013
-0.423541962100552
0.028691658590688
1.816559250302829
-1.997021112012762
0.447190267252736
0.189158279823115
-0.153232241292579
1.468862419147746
-0.083138838652558
3.547885395810259
-5.296945502711429
1.095838497919238
-1.952935391799597
-1.078266116102432
0.880142961826500
-0.036939541854373
6.362224429217321
-1.305573106258375
-0.903372323496473
-1.143914555719722
-1.426144818376270
-6.615846372046043
1.340524507728644
5.949827086900775
0.780760926121010
1.328586804042773
-1.571208847655175
-0.834110526833965
2.950679912162230
-0.121663559140458
2.258878775510958
-0.674706269979043
-2.106992993550618
-1.016199233986620
-1.098204335347067
3.287587124223349
0.157094474004448
0.688302103337810
2.005471980952764
1.959583617514988
5.057839937583608
-3.285881677385780
0.477207717984832
-1.266366263849146
-2.795030201849557
-1.403296157939475
0.448059761454601
-0.836966532687164
1.264629988414654
0.615691891524915
-0.358054746866956
-0.655111309899350
0.200485954159117
-0.055354334451626
-0.411246849952224
-0.690416372098615
-0.163649151490045
1.323114443244110
1.894057464880253
-2.901360180394393
1.871556410810954
-0.619492260118735
-7.966339878984830
3.935241828967549
-2.265445716878447
-0.975398051101197
0.896419084439101
0.003099826464008
0.504457990536807
-0.006538976111780
0.220757496845982
0.120855562575473
0.233172807997088
-0.012362738589980
-0.689868712838907
0.849861210409451
-0.430056250946474
0.454923427654349
-0.456604550350383

3.138809214736567
0.266164613801809
-21.426010626983679
-5.543414984535261
22.645504697621003
-0.600531080588277
-0.374866164702442
-2.654508037054845
5.424114185650207
-1.220154383344357
2.452251702572318
6.072828618021224
2.455713976181533
-7.457791689973682
-3.578310438340327
-1.180739640582449
0.017940782740609
-0.977240218054515
-0.587895367139944
1.617252150112186
-5.826107558021167
3.244346752014982
1.083633941787410
-0.502118933445064
-2.113031068713126
1.332061794996335
3.111908053706141
1.901954617031058
-1.533151145564595
0.759560207963670
1.180052069316789
0.947287013656635
-7.253837576774132
2.048847276753405
-3.789144573924528
5.864022295757334
3.475007563837758
0.410826604887574
7.149965462879471
-15.012749880098879
11.366883384689782
0.471414889718120
1.237584692195656
-12.984910742415902
0.921621400894469
-2.502530998412671
-0.880865276542679
-0.211867449164486
13.784453224075939
1.894075118332642
-0.073528936708074
1.138627815572263
1.289561661866825
-0.543036631452055
-3.488200034014794
-1.775013350091439
-0.961343890553696
4.787774809935159
-2.357814351262300
-0.134442298272808
-3.588751778504762
-0.963889770932343
19.535441904805815
-1.721509648054417
-0.079987546070862
0.381699587356393
-1.168932255539310
-0.854728736624692
-0.012236195997382
2.406379948489553
1.508613238864211
-0.019564606753993
-1.286823160565524
-0.419215193200751
0.239137204849911
-0.240030599369727
-0.321782508473558
-1.966916588428377
1.226120375691121
0.939966937877870
-0.895388063623333
-2.577894264043762
3.606383954414538
-0.041966251546130
-22.198275404451536
2.042432438802502
0.602860244439044
-1.408433948446284
0.374657865001409
-0.113761496823947
0.394392710815344
-0.348254167943776
0.356200194435418
0.321715181503891
0.020202749923390
0.118081544486945
-0.643938557381483
1.214067618068919
-0.781710560238496
0.184335816164165
0.234408480448889

-7.860536533602899
-0.916524927884480
2.509209598062780
-1.442741619802141
-3.620207629076507
1.820067760448055
7.318837744386255
0.507314963722415
1.473525313610326
-0.315141462416598
2.958055047875890
9.135590327077658
-0.020489396909661
-9.939996704851881
-2.532053806039774
0.180283020965792
1.112042503550581
0.757244434679476
0.713044814698504
0.497230437581638
-2.617181346747791
0.214269363809614
-0.073846581656539
-1.071991014363717
0.629998831062979
-1.335261191803500
-0.557133038070435
2.449272468452932
0.039000810240869
0.668578229631871
1.472835767429489
-0.865007829163928
1.920535856741547
-6.185303528384344
-0.234116861601422
12.656921388174151
-0.013213325784338
0.371175660788365
1.279322466085790
-1.106417488780348
1.335199203595970
-4.736122184144950
-0.654067077199841
-11.752991564782246
0.500264601435633
10.216791378862800
1.841175068414528
6.063752750997510
0.079396109425766
4.022716125559819
1.451599108688811
4.517599567559554
7.857789768936601
-2.506219372559830
-5.181711423671307
1.587676415476571
-3.163332362453948
3.536187852880012
-1.734787786574194
-0.404524426233392
-9.398804444206302
-6.127411675590373
6.961486317231039
-4.668988943034882
-0.246286035528980
-0.164366927795700
0.276236778750509
-7.586274418322199
4.490257669945850
-0.561156903141321
5.554435856097508
1.654283610477675
-3.379729773055854
-0.023217747354251
-0.348696127049898
-0.384582057466004
-0.014076572854044
0.072034895580590
3.507204910523900
-1.417201825975700
-5.242528338431540
4.563087324937615
0.072759889291735
-1.856018176001219
-7.982005715694536
0.319901992507706
-1.977657416550282
2.943578707064601
-3.100543269003164
0.911751433598824
0.323853654559798
-0.566417332233857
0.071214997884695
0.462652379161066
-0.121040179903468
0.197551750334286
0.391619190110905
-0.660003024859845
-0.031487124918390
0.556128475188745
-0.325130096262767

4.494315454581344
0.839725010754262
9.955894699978938
-1.497119452449907
-10.631859262470710
-3.808839773945164
-3.878307336366492
-8.777620158866757
0.440447832264380
0.915320252289848
-0.545260250212570
0.125844062221566
0.036467185216867
0.172010883908902
-0.074896408665504
-1.787095193689001
-1.766835795061330
-3.190357478335688
-1.065223057806494
2.334224412984268
-0.431745318026723
-0.821384349337739
0.447844322306511
-0.544580883667994
-1.025484142511251
0.179786962170977
-0.371262178400455
4.121813355942237
1.445570907483800
0.442351049869472
5.544810562393063
1.888001836648669
5.588623680413629
3.974845506654672
-1.138575153167366
-2.738325159109556
0.456366469525081
1.720406265270837
-6.889022216707747
1.509690116273004
-5.282265580251248
0.981431922729965
-5.935965254413281
10.699608391366858
1.728642425697129
4.983327915880735
-0.118020136152620
-3.907564223642334
-13.555833963264044
3.320168518727991
3.865352098731598
-0.084914045691181
1.665923237657549
-6.201584039992033
-1.188614417183235
-1.204650522573035
1.972094661219147
-0.876931498014202
0.702177429290945
-1.191579504719214
1.966467581324423
-1.121109133993346
-8.670969408090340
3.984757503756093
0.755266525838847
-0.169969823332912
-0.911534019841115
0.544812062235254
1.144643632314566
-2.344520988991167
0.849212096010587
-0.749270760202254
-0.705293167326142
-4.276876282607372
-5.963534230069539
-6.175924635401100
2.883277597192647
1.657991249353206
0.786070109328741
1.259604361734156
-0.831824572868014
1.232604326938496
-0.748089164323370
-0.602152776691482
8.759561828782633
-2.532262360236933
-5.005215585274378
-2.251844447015574
0.633335038856958
1.365021295067403
-0.759235737215928
7.082537049511295
2.653899235516807
3.173960448150460
3.511244496145798
6.481843581120101
2.787895060564783
1.097419714346418
0.881255323636896
0.678501786890214
1.627074507816015

0.024047982104974
0.099292780995100
0.060484811760819
-0.093762986366230
-0.088570522974520
0.069835845386000
-0.007940518923685
0.027565229553044
0.092175221817489
0.096204334702584
0.329069557568811
2.989788478106265
1.961399333844558
-2.222793544063905
-3.945354924389631
8.015671614865882
-0.990993553804433
7.011257043174729
0.153732299217076
1.852116001255711
0.546836155976474
-7.652179166619591
2.334658780197637
-13.924931722381681
0.318842857432097
-3.839843736855430
1.710833562593209
2.708271827003836
-0.148313714748663
1.709026132703266
0.514398709296397
0.308571986440985
0.124828100596529
0.511906032512932
0.315711359694575
-0.047324412458853
-0.400955932769766
-0.072339858234222
0.652667073767026
-1.418252655266006
0.374638333813453
0.729579621397882
1.302277984906145
-3.439628061854166
0.142999402024157
-2.009671978209441
-0.339866363459388
-1.110448447648668
5.022769656420937
0.434136614109672
0.974329209356629
-1.116007976763295
0.241173378494453
0.956092862235301
0.174055311779228
0.408891469261964
0.611210463622906
-0.192367041104332
-0.030076981073842
-0.042956070544430
0.042275432577844
1.788478573132447
-0.708125969800538
-1.577341192067384
-1.320082846606940
-2.857845594050787
-3.937271109517466
2.674169897957426
0.022639992918343
-0.529832449688701
-4.123591941791931
-0.130940071599646
0.263490808515902
-0.003789576411129
0.169217209288071
-0.089545497268299
0.120603061212833
0.117753930608329
-0.004032272708278
0.568918320456681
0.152445190946579
-0.451871234303309
-0.396717114972858
0.089450995275458
0.772943666593885
3.191275002095817
0.092501489305549
-1.442607985862419
1.373020786467873
2.387961264922187
-0.485954947609984
-0.173278533871308
-0.162409484412433
-0.181360975043089
-0.190855001840907
-0.096384517878147
-0.142850871382838
-0.065573469881663
0.044600999403939
0.507656728219470
1.916092044440179


0.062933  0.151352
0.120863  0.137749
0.106668  0.156311
0.122047  0.201606
0.109988  0.154436
0.086750  0.098913
0.068183  0.158940
0.050916  0.145819
0.138027  0.216194
0.162455  0.186189
0.211975  0.212048
0.259318  0.219945
0.290187  0.285979
0.246641  0.217250
0.313824  0.261891
0.439822  0.181296
0.359041  0.188556
0.533982  0.271781
0.415147  0.328388
0.383558  0.251100
0.497781  0.292115
0.541363  0.305871
0.490772  0.247782
0.458353  0.211777
0.663684  0.223849
0.636670  0.213615
0.464467  0.285500
0.514368  0.294850
0.462836  0.357235
0.331057  0.406160
0.238645  0.448596
0.264628  0.476863
0.230235  0.508205
0.218475  0.530534
0.226037  0.543638
0.123338  0.599483
0.174437  0.561750
0.168838  0.477426
0.220615  0.511357
0.258231  0.429193
0.246519  0.430330
0.190298  0.436447
0.268428  0.500530
0.214732  0.485911
0.216719  0.422486
0.207726  0.484364
0.198896  0.529744
0.193986  0.459322
0.209668  0.486446
0.195249  0.603322
0.230445  0.643681
0.242289  0.615698
0.167818  0.642142
0.221603  0.636703
0.124681  0.572632
0.209664  0.570577
0.192811  0.670538
0.125457  0.700423
0.111457  0.661109
0.117770  0.550945
0.127853  0.609107
0.184394  0.624348
0.138457  0.709452
0.302665  0.636154
0.442671  0.536852
0.362612  0.620834
0.192971  0.633214
0.303080  0.527314
0.316059  0.544750
0.310354  0.448875
0.271625  0.532898
0.149724  0.411275
0.143714  0.461855
0.079011  0.431599
0.070917  0.860729
0.064472  0.792250
0.099172  0.831321
0.145859  0.680760
0.167255  0.783342
0.206026  0.714084
0.167785  0.748259
0.203673  0.729602
0.195416  0.704927
0.234852  0.742121
0.134424  0.712487
0.320727  0.647284
0.130145  0.656437
0.309393  0.663671
0.279799  0.609845
0.389717  0.675265
0.000000  0.000000
0.000000  0.172146
0.000000  0.344292
0.000000  0.516437
0.000000  0.688583
0.000000  0.860729
0.132737  0.000000
0.265474  0.000000
0.398211  0.000000
0.530947  0.000000
0.663684  0.000000

0.350879041464399
0.336777712921551
-0.002822993811610

0.510964395911909
0.493811079677196
0.044252529277239

0.824552855113405
0.466501442118669
0.097604079175296

1.158114768691797
0.397884420796331
0.075063269562571

1.466193216854280
0.257397807671937
0.070970302970844

1.954309259334454
-0.019944304170616
0.043428484705056

2.391444665223547
0.119003095355631
-0.096134117168186

2.725146907232555
0.037792917081842
-0.165563346770810

-1.364426179918883
1.961911038895761
1.380411418221424

-0.229318711839002
0.693229663136649
0.395923726398212


