0.250000

0.600000

0.000000
0.000000

0.404220
0.899110

766.608297
0.371662

91
10

4.214416506838338
-60.032760437847600
9.086898751272814
-13.984163061010225
-3.759557294572530
-7.979396139085933
-21.520387415677959
12.085776146401972
-52.660249262974069
-6.983576436016866
-7.292497140576585
-179.607415156400720
0.893780660436878
177.998830227935680
-16934.603231543282000
-9.289658512311036
-26.392230838448871
26.447992619366001
2.665865671869875
-1.682306104874066
1.365879043285505
-3.785674351030330
2.156019208271135
4.751371237656161
3.756000952433497
-3.839974474611501
1.699070998167172
2.865575365479192
21.048205650385597
4.768713224761426
2.952634957422967
4.297160022760684
4.041342055073068
-22.383270625981201
0.053571923738541
1.689616449906577
0.102396890894899
-2.447492967529295
2.267311924673420
0.222487024633052
1.241918471128749
-0.004123661575559
0.538990047639724
-0.254879384324531
-1.853889662591062
-0.197617809492814
0.018535857137556
2.671582010008765
0.521990381342496
-1.631818182868378
1.477381719431723
1.025120383291450
-1.469954529752716
-0.665342741056739
-0.954179579930455
-0.166233742975379
-9.506026938502441
-1.646753150956292
-5.794980285850472
-0.734947985565416
-0.703786682383601
-2.538543686972430
0.816869456808735
-2.072118120614924
22.090968175831033
-14.352508244329782
6.254335845226597
-185.071122609155910
-96.066261204904038
275.349941930208560
48.547974890798869
63.990196400715035
10.998424310659411
-29.896401181768489
-0.580322662139753
33.413525734916981
19.452928971301926
16933.656612141076000
-0.378241951925881
0.656301037557690
1.157723293022559
-0.021424605257956
-0.189699227542124
-0.497675132007535
0.080702942978330
-0.679738038273694
12.980307321878939
-11.688406898689045
2.926268334216042
-1.706294374493728
-1.732383128082482

6.220685174861516
7.363822303400045
1.106785162306603
-5.767436309393325
9.125872298594102
7.778502732585866
-8.004367838890625
-3.091796437269504
-0.499038216149551
-4.788806451626605
-11.193813985839260
122.981353069459810
-1.311426511329740
-121.707608235494110
-16060.707378578922000
-4.340303181370513
8.964031931526028
-7.958551173268636
-20.574034904501445
-0.890249657781016
-0.128921805557837
-1.473935797803957
-1.086903028796270
2.825198478949101
0.263755398076903
1.245934359903103
-0.309946287809666
0.558034888677338
9.108031968486776
-3.600121491272384
5.677353728182117
-0.217537567198776
-2.709047722362540
-14.048269577914677
-3.040466665626447
-0.978929247398855
-1.862734077847935
3.769435579638456
0.854636007642356
2.171214038168430
2.063523865750523
-0.723847709303059
-0.834469324634128
0.336732299667005
-1.220672406096046
-0.659836827557303
0.724764210259159
0.547262198038698
8.504747533306311
-0.866551951519428
-8.576429078151733
0.943361993892097
-0.999213705929746
0.452734369538415
3.537822439142313
-3.836489760789860
4.730163606665904
0.624365575690164
2.990772544845282
-1.536294086354465
-1.033717718160778
-3.564365403586693
2.472465153680786
-0.876537666930920
-1.032980962634810
-0.790606522430895
2.124265845098785
-144.176585995540530
-81.398310707229541
226.136632796669030
-4.051336638523417
2.548063484050677
23.710939721559164
2.146923113114360
0.632748361607153
1.104869224164617
8.210292286289151
16064.098983059110000
0.317093814885268
0.628200531097943
0.537349593560552
0.442331285388072
-0.744137729125781
0.150915367640406
0.192051644408735
-0.726352455458318
-3.117182590703014
-7.940584335159133
-0.727894723175094
-0.360445084210070
-0.838554884668740

27.835183869114633
8.431316388476343
12.959696873651843
-3.735452881958828
11.839386466448854
3.068431437628423
-6.295126857180115
-3.951297009721299
-25.090010115937403
-2.293240008866005
-17.842108797139272
16.376070301504985
-2.742165053781200
-14.765821982637362
-4094.153114851574600
4.393195778804429
32.062724777604771
-30.897847390109234
27.117953174914668
-0.191374450324005
-0.810550691614783
-0.650916001880960
0.856067519129428
-2.796685286551941
2.216273787029624
1.443541758538709
-1.713681119406535
-1.061136159567526
3.136777680112621
-3.206571729864837
-1.975210581571301
-0.569882365746025
-0.606932758514708
-2.876659601958371
0.265488861362685
2.088654312625795
-0.201071411149391
-2.543929544597517
0.123580819658734
2.214539685651761
-0.013145799930506
-1.371623305961068
-0.849269847537707
0.560344796955746
-1.390686356200980
1.083757156011961
-1.216144611408792
0.515396621120399
0.062010938728288
0.529927316736866
-0.708935599247355
-0.088626864327613
-0.478616633048212
0.586717713964898
0.697953496287871
-0.825328258332787
5.301239464056880
2.282122477637997
0.608160691015563
1.125496833564366
-0.232593765259282
-1.357201190634701
1.405470826550623
0.136506426188756
1.572421400945335
-2.583172675611679
-1.028699433519027
-59.273327961487233
-62.103668960271236
104.018062053794470
-13.328446531214114
15.023012354567577
-15.872810161697299
6.782091694180247
-1.127790924263178
-0.760517192019216
1.808172903158429
4089.028090577355200
3.792076106973258
-1.991076533171745
0.674799034623963
0.334888724829592
-0.287212589590637
0.136491926924908
-0.117417943915129
-0.032078021847954
-2.028972180167664
-5.498037692497535
0.570777997941488
-0.513313456412722
0.984628108021818

7.137184204570120
6.818963631878527
0.931096793394144
-2.110672980951833
5.983083785456368
1.984420051929769
-9.954438362867437
0.943070770850140
-1.036317563917020
-1.695778075034008
-4.724931296802336
33.533703105038704
-6.676234668162377
-27.671367520617647
-7190.748493900463500
1.352934222000293
-3.050093677828170
3.662635572556486
9.446891729061244
2.258080904189972
-2.977920133068054
-3.082705781630042
0.504095035681510
0.600814196975572
3.500797887169990
-1.054383436137865
-0.418071522377146
-1.678540804898183
-2.329458124547708
-2.414562224027806
1.150875285093196
-1.464740822582181
-2.245262312104522
0.487214602023587
-0.001127717784638
2.538114736950665
-1.371737576453118
0.110282255236691
0.613547491982198
0.879784537349577
2.943589425821973
0.176205547804765
-0.985655271067722
1.373104585959753
0.275295371645884
0.116589301760544
0.168218042746521
-0.138783955081463
-5.115650104274233
0.306682766336605
3.561904232840684
-0.463010380481105
-0.867089106536141
0.354718818654788
1.996488767060899
-1.548964078579457
5.808384862374775
-0.915210532921704
2.845172945585179
-1.108584680571610
-2.269815973756653
-4.077352785761398
2.231000019847208
0.462129170915086
-12.173758538138065
4.987462903740617
-0.007424083789336
-31.065414764622936
-13.001685501985197
45.218560894029387
-5.337098347814583
0.741651223733926
-5.992758929215272
-1.856686874153265
2.052758752047844
2.360761390345798
5.248960607759583
7188.380473111587900
3.222913210312883
-2.300504374989481
0.861589236270785
0.163033485716857
-0.236951808714556
0.454115788054160
-0.162305534536589
0.050511285679339
-0.844674317784969
-5.135915892202829
1.484950002352337
0.123844104045474
-0.096526352089518

-12.679522032483648
45.972800133412733
-9.871121265711571
8.836166279604324
-6.054670852246018
14.136497727193849
16.667635409599043
-8.916387486144540
-2.380542116646075
0.036890342761073
11.266187823614422
2.800334733753526
-0.306804273989591
-2.892972451233674
-3726.027411994426500
-6.313475426736972
-8.933758114510789
9.299948836022111
26.783761198322928
-1.388545757108627
0.988241905321173
0.214977071854620
-3.019462235142603
-2.891332688023550
1.361236727356435
3.109798015826742
2.488397096624833
0.369194576040655
-7.361033097136789
-3.814173108744193
-1.076573800139300
-2.020863402282515
1.082338741856825
5.014392965748762
-0.531570647425095
4.055253813815585
1.194634230923689
-6.013273994081560
-1.654727448811846
0.054252324351705
6.664538092878436
0.031118837410982
0.559287181002136
-1.007395950049428
-0.225206465175642
0.203392331940081
-0.008489410905650
1.254390513127195
-9.318046231970502
-1.771820374825863
11.059271042211698
0.840260343600616
0.056941145958221
-0.431525100919450
1.003563225828617
-2.159984485583115
8.873944145564668
-1.410069107951019
3.016925989838719
0.087747655561899
-3.282126402528194
-5.089538400443476
1.665132558766305
-0.058814328186481
-6.228793253070173
7.432558466588993
-2.511348174698783
-53.406081966815449
38.373193827024004
20.657772696572458
-39.147765378133244
-11.520551017923168
-21.796580804921764
8.139673508450965
-1.144455454581676
-6.770038411179691
2.011135460495202
3728.024345041039400
-0.919191386138397
0.919669672117875
-0.845522056706615
0.228742117907126
0.483139312995207
-0.517814673100037
0.147987706141458
-0.545100738729629
-15.388266274550576
1.572785453341939
1.085264823273133
-1.368717483940548
0.895744407369583

-11.318215569786867
27.779919078719111
-5.798011877944267
7.313114373931025
-2.190535871481014
7.258175364848534
2.407447016862381
-5.753313093196826
-5.571918409765862
1.735920163097245
11.653402626584295
-36.931498505860475
1.814998116872776
36.560600356363395
3602.245280249942000
6.808316088106649
-3.169447914750544
2.410229909887142
8.157530613319493
-2.195767827303413
3.006022691774617
-1.599152226867378
-2.133831948219192
-2.744681329475486
4.626987947870558
1.243959044028604
1.435134392169933
4.014854237934721
-7.289246425627163
-3.592212662560240
-0.957534742812167
2.779293377150349
-0.509522734524169
4.416232823109944
-0.979626155651853
2.578187068576734
1.800366825616865
-4.197719131970682
-1.309840871758023
-3.266890715776720
2.962315830560704
2.803745620802944
0.622430074042243
-0.334378150130287
0.297023497328439
1.091938521734158
-1.281603594386508
-0.284923818810438
-19.715445528520021
-0.464714444931484
20.625737620845484
0.549713008084475
0.283028815975911
-0.295966544025225
2.546725469890360
-4.954137127021259
4.617212557203678
0.121828413691657
1.096737452177421
-1.884198971141131
-4.276111387337731
0.363417899215854
0.141573124985703
-0.081490882691149
-10.531812681969406
10.747807648171404
-3.103679050445873
-62.772437792187468
-32.297289252286276
98.844145586040199
-23.191615898540480
5.572737900898300
-7.184848501642440
12.615547723280892
-0.739764213015773
-9.713135415291237
-9.823999432852375
-3606.919791427350000
-2.034077128561226
3.171150109775594
-1.130592329832163
0.514006893796427
0.993613823958571
-0.304822743603325
-0.193701290416217
-0.342466831532157
-8.858950622083780
3.272682845421862
-1.030546174851457
-1.450372087157589
0.804748503045473

7.717108752360184
45.419989157932221
-9.766263207710528
3.014401032501007
4.512299270832743
13.052070429667237
-8.162354613585237
-3.013368639277125
-0.106984553124987
1.869084798872929
9.043455463342026
40.551785471915956
-2.595700319106037
-38.918880676111371
2745.952270777929200
-3.968952266641165
4.761622679954754
-4.653209421541999
-23.929708341839255
-3.576424326469275
3.462362646434085
-0.670024415136267
1.912774819442677
-1.377927255536389
3.501154898436109
0.106276548572170
-1.423548840886064
4.279708734680505
6.625194327883330
-4.732560373281936
-0.815704610059072
1.120492292484139
-1.042497768832946
-7.361713520397780
-1.131455449179051
-1.812931831892306
-0.600099744932611
-0.343244590135326
1.937345251406445
3.676879274429189
1.354108737746815
-4.609999764338522
1.017499404900525
-2.629544579345458
1.033640428278597
0.809470648706552
-1.041472527435271
-0.768406813264897
0.561017803136845
0.518564549893599
1.134227007922345
0.069115469195066
1.038317502627572
0.034060545338507
3.364645034996348
-6.718983907326884
4.277968871666023
0.760174981882954
2.629555077909131
-2.451904099630188
-3.364758442857808
-0.366686945415589
0.746888985733418
0.900697715670711
-3.788835952548285
2.054478833609261
-2.421110362784448
-42.427477476985430
-89.205359916812839
121.042132289055030
-38.896671754860222
9.558446484309368
19.110347720587821
21.468978141506760
-0.416412641248725
-16.098440683826784
-9.729180129111695
-2743.092010701691800
-2.431595258366218
2.444515499492868
-0.214122890121948
0.217666173846404
1.556161610401253
-0.642035364368235
0.038413734173715
-0.015969220187412
-13.051791401774226
6.582853063169678
-0.464715445941444
-2.331107253340538
0.341925323453230

13.209438831859151
40.993108310969824
2.751609683999125
8.240275427797057
2.964328893585712
8.110638024818517
6.198788733551308
-3.626848323282049
9.928315353740075
1.363921428293337
-0.849744004341612
-64.749470596264530
7.849355002910223
60.143625556937415
-0.885933831395286
0.560811542368948
22.639131905617223
-20.283456099695929
-12.030591785777574
1.678031535288048
-3.839755440482852
3.553191845196639
-1.760154194869253
0.554729550635928
-7.659758423641010
6.769514863979118
-2.095335092636919
3.878477563123357
1.725845702124076
-1.235865234444732
-1.473774046029696
0.871204560575875
2.056545505845411
-3.312851382759600
1.477049704608875
0.301519921667672
0.101065641453598
-2.177864901165550
0.700654738366987
2.573863680333291
0.955847789899411
-2.744325596917468
0.448941462749284
-0.138543536101964
0.888258898551433
1.071777427688064
-1.251949241722603
0.326791076562999
-9.545100753936540
-0.736429214305821
10.924022278641486
0.252711604736945
-1.241638384467028
-0.026621134467678
1.595345667812790
-4.564290361812234
2.026585171343038
-0.501119981148893
-1.993185160678536
0.041406672846711
-1.238483066074166
0.319925851413443
-0.559621643465728
-0.379667816668823
14.650612546331063
-7.382332382795966
0.159152959965308
-111.845657525201330
-82.645954060347677
174.492715956837490
-42.804319152865020
-12.842007909362012
7.357228187477546
27.669528365965935
-2.284343764618028
-23.985249402486613
-3.125422548854455
0.930483912135884
-3.527363800713866
2.089060536445874
-0.299031002614782
0.179536872545328
0.745427074064260
-0.401225428266065
-0.040428890077693
-0.003835393641848
-14.166621338391115
-0.220679963153860
-2.267497678379622
0.666762759993930
-0.242817111546995

6.769540347426898
-7.351878293978921
7.632649328657917
1.793313925508447
-1.709453643073951
-97.538114850703835
4.338359099704860
-4.996376367027636
-15.365075973974731
-260.552004534973610
1.066854365272703
-151.959454723310420
-15.017181274454302
145.517321592613570
0.650667373731692
-37.767609685948585
-13.431143897090429
-532.058437805978540
23.077807509547533
-26.322335222192383
-1.441027301509021
-148.942113804940820
0.982098639970418
-7.067604175843849
-12.992501130768320
1.790342007570783
-0.123889726730316
-2.028679228292149
17.785594452546036
5.608213073734960
6.652728593651763
1.212752465938590
3.138750645015375
-20.279116534076664
-5.404534166894353
1.835571438680559
-3.429873610512479
-2.728907736298960
3.466539426728646
-0.954122541616107
1.176031438692413
-8.355856461876618
-3.982108684512795
-2.315678850986096
-1.624876484570755
-2.013644411285376
1.183476689831266
2.382686393703601
-0.653359165256409
0.548990979943728
-2.399218175454131
-5.884097916890667
3.712807070701668
1.076960731768484
-0.233000838201860
1.009791655274526
-5.431224214161469
-1.283875758944468
1.245897101996939
2.300967933812256
-8.197870184656676
0.793202122833135
-25.351996152210656
-10.351404283025216
2.494692600966313
-13.700829987618658
0.809220339135837
90.833188185651778
35.136262969586696
-131.040689886500390
-264.839707988273520
8.730836083764636
-17.117386306300201
-11.094101471113998
1.063438579852662
10.643316151753398
-37.454602317451133
3.189425078390319
4.782070034099447
-0.600680125094003
14.148466897142358
26.402123508426271
8.450063308560250
8.199423235008140
4.428273609939770
3.149336001803171
361.850038354213950
327.375991033575700
567.055154162564800
38.438259811004414
157.458149539130970

0.486745002318429
-3.170198788350570
1.095200978972237
-0.944209681234448
-0.239597179944017
-0.440764952312358
-0.379934844969018
0.498968369305005
-2.146125414227905
-3.963941185450568
-1.243070151444176
-6.853316204589458
-0.290732779138613
6.389240715095575
-853.807388897760690
-0.287430938035549
-0.214281375514565
-9.700164312181965
21.076656289578903
-1.523465644270405
-0.060019851579167
-10.922917206634370
-0.411315586267875
-0.447903958694722
-0.410529099319197
0.370607416926041
0.207258823308156
0.207851361032048
0.403268726606567
0.520496980728340
-0.389043753968939
0.315725399401130
0.413614261255499
0.167068434550791
0.135494654320799
0.529194525191897
0.100028297297674
-0.486687743450769
-0.053165126420314
0.077887423679311
-0.081908437523360
-0.066616425630922
0.039339816195509
-0.438958815506773
0.031756051795918
-0.103926651243793
0.052863803273157
0.175423871807389
0.494546611162081
-0.056063901324425
-0.252305000647187
0.043218976618568
0.160829406806055
-0.095428568442981
-0.198973342634340
0.210520971368151
-1.178010587980674
-0.604851643343151
-0.163839952807084
-0.011403851826773
0.014351071623094
0.068908887064845
0.003756529891530
-0.039073289615096
-0.074812676585692
-0.025043232596244
0.100216132099082
-0.485214348590254
0.298505250313384
0.449905412937747
1.765224501820541
1.919731550416566
-23.555236618110840
-3.903762894266250
0.268387895746557
3.555212900189957
1.128645162034387
853.481759606899120
0.523931204934635
-0.254423694848511
0.013423738857058
-0.033868678534658
-0.013851078837540
0.015625033972818
-0.013275822187414
0.042544982465692
1.780288264489296
6.618500943339751
10.746365147578935
1.926389310593591
11.111573511756378


0.055964  0.000000
0.076916  0.000000
0.073510  0.000000
0.093147  0.000000
0.110484  0.000000
0.085889  0.000000
0.117946  0.000000
0.102516  0.000000
0.127250  0.000000
0.159808  0.000000
0.065524  0.000000
0.213135  0.000000
0.222632  0.000000
0.212508  0.000000
0.187172  0.000000
0.174376  0.000000
0.245821  0.000000
0.243444  0.000000
0.137719  0.000000
0.308033  0.000149
0.284840  0.001976
0.401516  0.000000
0.351805  0.053351
0.395662  0.035009
0.374285  0.014189
0.361891  0.042657
0.355369  0.072891
0.257449  0.309605
0.221285  0.259125
0.201490  0.300783
0.207566  0.235150
0.186063  0.262946
0.139365  0.302259
0.222040  0.253630
0.171545  0.242851
0.087204  0.326753
0.077289  0.293632
0.092593  0.320836
0.071746  0.272135
0.046044  0.493522
0.044127  0.242486
0.036977  0.496318
0.059594  0.412133
0.116726  0.558232
0.165520  0.439338
0.122906  0.899110
0.156489  0.883753
0.185096  0.474378
0.080142  0.608426
0.123487  0.672876
0.079454  0.613704
0.055105  0.782456
0.141163  0.512357
0.404220  0.307769
0.231306  0.362803
0.248771  0.335975
0.209260  0.286942
0.148934  0.352123
0.141939  0.272400
0.154085  0.155830
0.016683  0.261045
0.050537  0.207698
0.017353  0.189274
0.022684  0.029639
0.043644  0.000000
0.038544  0.000000
0.067872  0.022281
0.050143  0.000000
0.051343  0.000092
0.050577  0.000000
0.078983  0.000000
0.124042  0.001585
0.140940  0.000000
0.183812  0.014668
0.190740  0.084990
0.187926  0.011642
0.164986  0.005906
0.187160  0.000000
0.136342  0.042731
0.138306  0.096070
0.000000  0.000000
0.000000  0.179822
0.000000  0.359644
0.000000  0.539466
0.000000  0.719288
0.000000  0.899110
0.080844  0.000000
0.161688  0.000000
0.242532  0.000000
0.323376  0.000000
0.404220  0.000000

0.712780096453222
0.257964907621286
-0.373113656265720

0.921631711698364
0.430987368903514
-0.362892801536854

1.223237656027006
0.111356204443928
-0.156660815676529

1.557910863823746
0.295094685357507
-0.432102234321997

1.763750521604263
0.359396401879900
-0.085673240817366

2.125233320516005
0.209628598535417
0.185946341183819

2.463242509381940
0.003477127019254
0.222289065154780

2.740197115185908
-0.157187470268281
0.163379123621165

-1.175216981771180
3.026359407797389
1.029204406861996

-0.010551581893908
0.077029017838644
0.015953301785087


