0.150000

0.600000

0.000000
0.000000

0.434277
0.901702

832.318242
0.725013

76
10

0.456289165218268
-0.511684815575046
0.062585596037885
2.091312737099280
10.733443191158543
1.933162572891684
-8.911623432576430
-2.778177308529946
1.003469956332710
4.672858774017366
0.391634128442613
-3.246576920186185
0.608471745212223
1.704157950705412
-5.214935698199906
-1.837978836244647
-3.114337803403302
0.261038374052070
1.559362727472908
-1.073673537918905
2.117217937244527
2.583247402748936
0.877089585710334
1.148233379585619
-2.312903647814923
-0.203021751672597
-0.209272903428861
0.736564349975653
0.619826085404989
2.347824490852775
-0.546622995410267
5.987488077496884
2.923731600762325
-6.975951812700505
3.135316599814659
-7.358442911748999
2.143302815866578
-0.248290626254231
-1.589003129251991
-1.447533087106887
-1.379300237157167
-1.799359605674004
1.109819535119055
19.838657101930760
0.355958771969602
0.551837251794852
-21.060688187220194
-1.053750182283189
-1.431928536182080
1.086467649427453
-0.172835674943247
-0.699313936351741
-1.497961605841384
1.033922721961170
0.683792957652488
2.307426339780661
0.983023109319054
-0.568866352406995
0.757916330104982
-0.212884343019326
1.129991502835621
-1.051237734940568
-0.720969157836802
-0.617212561245800
0.009309797480062
-0.129426860544721
-0.096543131755253
0.198972266189824
-0.299662066091341
0.147757199424684
-0.309517850518432
0.273592003927695
-0.222891712085822
0.317483460563450
-0.296028477467843
0.316852210780895

0.499450619609936
-3.175711024786428
2.540565368952085
2.100576805462627
7.430627721128527
0.282822121697256
-3.923133269988901
-2.212015489521083
0.003734093724952
8.847286448202540
1.590364304868140
-5.475491907511879
-0.514942069253149
7.423920243289612
-7.448167216739625
-2.369465255444644
-5.870643941583585
1.530993059879847
-3.046750280432016
1.076698495843113
0.672811090322285
0.162216306330963
0.080881128695951
0.147583945957387
-0.505330777369931
-0.370470922840441
1.555114821543492
0.316753336912291
1.075453763592025
-0.470984649564373
0.065044985253220
1.143158311017787
-1.991361083538126
0.664000553541265
1.709512670343050
-2.626522363374212
1.436307981276474
0.024996164153074
-0.303070124716511
0.330037393643166
-1.033896986496869
-1.248870517949607
0.805246991422737
25.499889482691454
1.255538173237643
0.128559931979220
-25.238410473298696
-3.058502587291791
-0.815897505630004
2.173503477505826
-0.893867964300377
-0.054671967376378
1.288841098285123
-2.273406929206006
0.142787846956052
0.364066415974551
0.654045002026514
1.152426639568329
0.891043297741171
-0.103689950165958
3.402574680248833
-1.726721387788784
-1.701167099742607
0.548888443272425
-2.352549385173440
-0.780852967278331
-0.235936533616319
0.321824541302334
-0.429404802128558
0.031577458234949
-0.041949181502173
1.253518245407760
-0.437759485665399
0.829515780698274
-0.850543298374369
0.127400157317955

-1.306147583602581
-0.485269186629880
-0.260158233105433
0.734676445304523
11.270707034687952
0.795835671451339
-8.479240438813067
-0.182800008533410
1.969091869203548
-0.214045917908411
1.627278638155364
-2.593922264052262
1.784714862197687
3.216812266949185
-3.192341321509744
-2.538803849363932
-3.427091261341997
1.762949905682500
-2.567259948561103
0.476230454849054
2.571693854788282
1.743483736498008
-0.868140767159544
-1.697751621556808
-0.426627243688471
-0.236685943904605
-0.434846881179291
-1.129152610568851
1.591265434876996
-0.516684776511238
0.774520251330112
0.697981818576583
5.969974945825888
-7.645031816605531
3.595523053145084
-3.175184474640197
-0.171554938090563
1.146264721838231
0.969517905547841
1.591050774639777
1.436139054826864
-3.939089865774300
-0.693379893554667
19.139200535290925
-1.801973533678451
-1.783062452293446
-20.201732129375415
1.344392878237300
4.141796251875692
2.938718885735658
-0.099346354724093
-0.225631805004704
0.373472377308827
-1.056259073358015
-0.472074457993981
-1.815436699021583
1.360114038912877
0.767761784183128
0.376442714352924
0.136037472157426
3.032495405588438
-2.421772093697841
-0.738135107440909
0.185975180905875
-1.844411470768095
-0.045058656471128
-0.802647027460530
0.672572957205412
-0.726728521548228
-0.687009653806800
0.545973972857294
-0.006921584579890
0.265700677139296
0.394098174273452
-0.529140568710325
0.038086030619490

-1.098983304930416
1.068517403025631
-0.827695877107393
-9.344417053691148
-9.060760197681407
22.328990451730331
10.592582737401967
-1.238829596863417
0.723296251247983
-3.786117572477178
5.038028280911098
-13.848006242846528
-1.771415683562913
0.914887782723379
3.684956829882889
3.038959684674324
-5.972106447917973
-1.496326075615986
1.947228998782812
-2.127072096348522
0.348431520014609
2.564360584332707
1.378071981295786
3.508599169343986
-2.078186919743611
-1.442872615123287
-0.749947632316907
0.636470694863062
-0.713282522688843
2.583456533835271
0.291911419407086
5.219073916140210
3.298522879864100
-10.373431822449223
6.576739766591058
-7.110490709754104
3.400942979441453
-1.074950823295948
-0.302037091367774
2.790974439521860
-3.814931186241612
-5.797508342566904
0.511896967810924
37.528959014261929
-0.915598247312422
-0.891992186225383
-39.348876053101968
-1.230529305007312
4.115787342727561
3.274588826406448
-0.979886077647159
-0.715058888160470
1.134512154944702
-0.938756682707522
0.051760231504988
-1.210408785663585
0.919765889764520
-0.259881696687138
-0.870311645117366
1.599583697689836
1.006646295323723
-0.738843140604658
1.731951043757132
-0.324160857358488
-0.991241574606627
0.387589480797764
-0.245264467787436
0.207037773520531
-0.436690487156338
0.150704288872093
0.273612637750934
-1.411734909979258
1.011419727279230
0.303670676480868
-0.670276573318359
0.064390808545742

-0.657233452189814
-2.074969102889944
2.354242328839263
-7.688917761747869
-9.911955052113392
4.850203462853609
10.825542849962449
-0.101416855326225
-0.179156330689721
-2.296932860923641
5.531814226666672
2.520787165032819
1.127365064730696
-2.667455248664694
2.238530465536603
3.003225911513218
-5.827354046170288
0.132296147318977
-1.534523256741156
-0.083055890656379
1.732335520153292
0.213587290028339
-0.832344128972910
0.648615905643271
-0.060901820849213
-3.589627618913254
-0.328186045168682
1.583507416403511
-1.664544715185664
3.135050783617670
-0.546788521940880
5.780545792810364
0.453611899205985
-6.262321029999145
5.898959570183264
-9.842419177927837
7.839058934392033
-1.100371472931693
-0.923088952165306
2.815273663616068
-0.014107984834107
-5.003522693507842
-1.925184095533776
30.566815568249414
-2.185022438724525
-4.450158815215542
-29.166472659043752
2.969796870541965
5.777598887047485
1.917613360058086
-0.339395407435028
-0.820151697647901
0.455924368573183
0.825111419855630
0.064569004299996
-2.287955776933551
0.360047061535854
-1.125749594174671
2.564793473167499
-0.080691281560065
4.818982720118978
-1.072731805189559
-4.937175473720306
-2.521155021456408
1.756520797069347
-0.512325729890056
-0.741434495968701
0.387004754557896
0.014984035581410
-0.654667338303921
0.509774969800052
0.733159455971957
0.012038972496471
-1.038334111335521
0.308855020822609
0.321654616915369

-0.447022317487116
-0.631641933689217
1.856717022474441
4.522798095282545
-1.468025498512700
-15.109072616766483
2.128201662700624
-1.210835265581549
-0.805504363956658
2.182968244433423
5.475065488395082
8.693579931274901
-0.306352141712352
0.840447825904433
-0.369146345364656
2.591737283310585
-7.372999397292155
-5.247467072736455
0.270158080045609
-0.843705764987134
1.941372541538461
1.378027197566018
-0.484634976952732
0.526728619293286
-0.817537164469636
-2.195024161229832
0.647670013485361
1.106963966131150
1.185547238223719
3.239508012384043
-0.494918418211780
5.661081703880431
2.705586994732740
-4.986958984093779
0.882818797088400
-8.790055206605180
5.713740159626648
0.812390015057213
-2.915142073054488
1.065421737776473
-1.098311072604729
-3.999909062826371
-0.949442676661137
10.939195385104757
-5.048662065688230
-5.909294449763648
-11.819122803430831
7.482508145584289
8.453990763927617
3.063271753792991
0.055875762439727
-1.040304994360380
7.135399627248338
-7.542223039002117
-0.273150242200470
-3.590824974179432
-0.214330093464645
-0.555537922135371
2.824128630527997
0.026566085043223
1.024631016704894
2.573138512458856
-1.711010736744705
-1.809125244241774
1.532332634597919
-0.199760028181216
-0.575620946246587
0.333065073198772
0.533836834815752
-1.281947332923607
0.722637739295737
0.061254986054442
0.450127863186283
-1.199471387791341
0.523884285802900
0.149717047471377

-0.429462585447788
0.524616906811463
-0.368969433676820
4.115491064439055
-14.301331317558406
-9.670264633640059
12.382477656657112
1.128598523905977
-0.117086848472166
-11.572741998266400
4.677810190443698
6.773336905597511
0.704610200579989
-8.293198996478566
9.914529285154508
5.395877526202785
-0.574254804204352
-0.282912174178891
0.614048783176029
-0.752014132302538
1.344136777495216
0.599966069791963
0.286578203106904
1.508617025806408
-0.593449987857702
0.740574113649607
-0.945904322841907
0.479753841182832
-0.531995189304756
4.335418951874738
-2.500849387560850
5.141552279140515
-6.530280579093302
-0.563488090691135
6.975923028007851
-6.190260019409315
2.145524253515800
1.959964590046617
-2.886802355386817
-1.098278758511043
-2.443725059003013
-2.270175910898330
0.520240627706022
24.217129572750732
-4.000912360535560
-1.776296155057648
-26.653998841067295
3.650402204119500
2.214911978872650
3.783064560028524
-1.089995079379072
-0.798114829647750
1.473396088541610
0.045894626223919
0.426453761759899
0.070454061403114
-0.325204455076474
-1.093177886376853
-0.954994619652486
0.557390357032260
-1.877351153935088
-0.051884392059785
2.766942468274599
0.166783402980022
-0.130708982547390
0.259263276975356
-0.297564064975730
0.060931736629092
0.323774165853765
-0.218895038075440
0.118687142438580
-0.835240936993168
0.787130069468528
-0.234325802330681
0.217029963400206
-0.153175056089217

0.034342823002176
-0.465167949933743
-0.801257531608342
3.633379344020378
2.281260359021667
-6.617902018451305
-1.379541613677350
0.908918088272971
0.671305722377361
-21.015595340684985
0.284969601258880
1.351055848727084
-2.156100546618158
-0.950303627175639
22.887655481191928
2.025260887872521
-0.074587071231664
1.583409463684791
-1.013535762616963
0.119072318829368
0.447518471257959
-1.034638687779640
-1.431624012479479
0.882097850282096
1.483428190684488
-0.174765209684956
-1.252181781349331
1.454608805141082
-2.459674720806523
2.126063747884749
-1.277594177414818
1.082995823710409
-5.292253589838992
3.018187666994949
2.298233806538945
-1.170444216875487
3.107552484156807
0.417892308405026
-2.740691826851253
3.761212835192991
-0.006851831804883
-4.070972479363622
-1.170021468205550
19.430555652909774
-0.366927030652455
1.955135266931210
-20.213099388067892
-2.284631063298863
1.737036613968397
1.836197871786194
-0.450720568651691
-0.491441838007330
-1.914491405846801
4.019260410565549
0.129805548320043
-1.049422425431503
-0.284981668105506
-1.106325359888628
-1.254355485074892
-1.120454640835440
-1.653311037089600
1.387551872369868
1.143012388852842
-1.409060315596018
1.800437583026684
0.090667531212696
0.195540364674617
0.152493188039433
0.059551767358880
0.072402644824304
0.134648679960612
-0.299205644582323
0.498654261700303
-0.719649367774955
0.568021960747548
0.102387167187007

-6.696468925789925
-3.705967704743579
1.178723493503124
-7.211907191183008
24.558704183680767
7.818363094519672
-21.611876001578992
-4.125026770956562
-0.016681626045413
1.201974507840967
-12.880471428994216
-2.136326029159827
3.361952243212766
-19.583088190704672
4.480275597037833
6.054113904609476
15.212681682243430
8.479635952290158
0.780028896184405
-0.671425076588402
1.854626297091247
0.039083951377277
1.601142774206592
-1.182357455261581
-1.456293332170670
2.747186893967925
2.629325557997249
-0.125484313611692
-0.866428761528377
-1.991695754579417
0.758457921080342
5.600340966314847
-4.769264560330440
8.006221220522612
-3.190439162437564
-5.512314148466163
0.062103364591311
2.505361129589486
-2.275193118374477
0.224988629825160
0.056631721253092
2.230040462684320
2.772722884821401
-35.706865242393491
-1.904991572511831
2.027749520594850
36.007420321674054
-5.781681420395411
-1.784442987477261
-3.726924725267561
-3.969682250899670
1.264513540399156
-4.142835286755691
3.273555798949011
-0.217745297067605
-0.234774507633365
-5.123102936074550
-3.588412947046481
2.053214497405163
-5.331813681681529
-5.002469301580791
-7.678130391447860
2.562058114518607
-0.638442914993215
-4.334422578769054
-0.232313808371587
8.805644789820828
2.090187745569456
4.639020277283760
5.408347137976511
1.898410979074046
2.239867744635527
3.125258801963911
3.503627173518796
3.602900375502127
2.691297250443661

-0.003911543909723
0.009736394668141
-0.013003861036382
0.008448702321132
0.049152664629291
-0.014907521941872
-0.031994229869105
-0.023756100735592
0.017977054851268
0.232072729469820
0.087693484718575
0.011737273890071
-0.027401250378296
0.368494816210712
-0.246906267712421
-0.131110535272082
-0.287497075966026
0.176982668262039
-0.028291622898606
-0.083578627476038
0.022186545436310
0.325012882726278
0.081624816332174
-0.700784980930370
-0.515296818387821
-0.247769157481994
0.011194293710337
0.077874929730120
0.211275000833558
0.055103477892197
0.070982447211887
-0.300120950099252
-0.272756019793531
0.287741198733250
-0.039067948938404
0.345852365684336
-0.054435320099140
0.445385070241738
-0.223413914930413
-0.154825945850077
0.409284954445153
0.207305934643678
0.127195787104369
-0.048407879926961
-0.008378694398767
-0.002716986587223
0.068138078030390
-0.001526582883743
-0.245496508492793
-0.001799177424313
0.004445706606718
0.020461602229578
0.319702058170899
-0.314051066918205
0.007027016347816
0.130246363847911
-0.008644277763555
0.023807971951576
0.161907127755069
0.177239870260014
0.178023044201567
-0.523784559145597
-0.025735972889167
0.007998591846807
-0.205546068661964
-0.033284849427833
-0.015812087337024
-0.013635167663684
-0.018119508598913
-0.018635585160787
0.008476837995852
-0.008828488605252
-0.007126308149586
0.048003507248982
0.042940078072262
0.063626118386732


0.027816  0.126680
0.036014  0.099328
0.071040  0.089606
0.090380  0.149133
0.068744  0.141859
0.088549  0.155789
0.064291  0.143901
0.086192  0.122893
0.133508  0.119115
0.125587  0.158384
0.142282  0.180777
0.085821  0.161615
0.169738  0.171807
0.175586  0.192521
0.125447  0.160940
0.182889  0.198540
0.160553  0.191356
0.219787  0.137781
0.215035  0.189163
0.248844  0.209732
0.147101  0.224184
0.376590  0.667376
0.434277  0.649651
0.371119  0.557317
0.406456  0.673867
0.267880  0.492947
0.348390  0.633394
0.336445  0.458777
0.267250  0.573842
0.205769  0.470675
0.212389  0.417361
0.229971  0.549110
0.177712  0.521746
0.172890  0.514972
0.174891  0.544900
0.240394  0.540006
0.259104  0.525624
0.350496  0.511757
0.310706  0.499055
0.183509  0.612849
0.392837  0.581694
0.170576  0.583272
0.104519  0.627306
0.084476  0.678181
0.063652  0.626820
0.054166  0.651572
0.086423  0.680243
0.050289  0.632906
0.131305  0.634880
0.094690  0.716133
0.100540  0.790086
0.226165  0.809738
0.304342  0.676742
0.304030  0.663110
0.206694  0.901702
0.160184  0.659442
0.093771  0.475014
0.084932  0.214937
0.266153  0.137227
0.198512  0.073357
0.328770  0.079753
0.238277  0.099401
0.317679  0.103155
0.381689  0.097311
0.356995  0.078142
0.000000  0.000000
0.000000  0.180340
0.000000  0.360681
0.000000  0.541021
0.000000  0.721361
0.000000  0.901702
0.086855  0.000000
0.173711  0.000000
0.260566  0.000000
0.347422  0.000000
0.434277  0.000000

0.345441400193585
0.258954246285784
-0.072260417924437

0.715800754726870
0.023342220043555
-0.097091427565752

1.018533322567788
-0.186078121823093
0.031754563692200

1.200779255755920
-0.182613677083005
0.198682410392605

1.574050735343958
-0.274367967352428
0.122075907322318

1.964652868559403
-0.352544366952872
0.022896733502021

2.381940711754831
-0.253477664173221
0.083169888449293

2.766789389030814
-0.188474066208029
0.032875133919432

-1.338398641899185
2.144629336104682
1.136545696117108

-0.012416419441216
0.049220427127634
0.024484589734062


