0.250000

0.600000

0.000000
0.000000

0.275056
0.848134

1047.127103
0.413068

77
10

-0.199009055379452
1.379442759406428
0.245297149357137
1.387689911141477
-0.750363601876310
-0.412041902306865
0.665102810724590
-0.342129116427866
-6.125980616887804
-0.042389025014769
-1.741667543759909
0.278257173069582
4.884885122108143
-1.952150847130675
1.522571352423058
-0.954840304803605
-2.529480722306898
-1.306970998625211
-3.474115489710778
6.025793784450798
3.195187752832545
11.481188477512672
1.497641536138430
0.580560423688380
-2.524763425520320
-0.196504328537095
-0.892169116420112
-0.545016212925597
1.428537074412554
-4.650106982916965
-1.874980732634851
2.855106329324675
2.298107822149648
-9.982533860854559
-0.715720855206191
0.035109146668596
3.243209898257550
1.680792425029499
-1.265830177956632
-0.331721319282246
-0.597188166509279
1.282894372437136
-1.361291802226335
0.348738884119946
-1.467959538500288
3.353769162685349
-0.350968718016911
1.477312642909085
-2.921672618259093
-1.055682233837167
-1.703192963294396
0.135342706261899
0.519398933874109
2.241651774238034
0.758469555868112
-0.084210904368512
1.993032085164513
5.650585688350733
1.754168548367184
-0.850146402604249
-3.784761842443474
-0.616882156722465
-4.356278777847877
-0.415443893002532
-2.212034039140047
0.380460519048644
0.073121401232808
0.213815840692111
-0.525950792654512
-0.144712228756016
0.232688600899643
0.024682886201414
-0.258003799579537
0.461399771410815
0.808273635727344
-1.122461882600948
0.245041089376065

0.625019233368184
-2.226071849040230
1.291004173923225
-1.677215173683116
-0.750053078983901
-2.174062670647187
0.798732946580246
-0.161463919261737
0.533135454480163
-1.503467962713828
-2.457517415990736
0.232473970405751
0.369587394327994
0.447278744765650
0.673583789777124
0.690384493646253
-2.030047187231039
0.826950375328063
-1.757183100669058
6.982226354331500
2.259986306556597
10.190425275715610
0.639973563636769
0.522280436144889
-8.243847173321669
-0.291482939439487
-0.555959779319476
-8.392149621754896
3.148618815411700
10.135819749789034
-10.835407872666083
10.221880975514154
2.288533205109991
-10.632288519653782
-3.725762031871137
-3.787197505224389
0.344447277813814
-0.962798601554526
3.394764648323164
0.212273928533813
-0.306658871047725
-0.219634105637205
-0.095732484023966
-0.890394796398729
-0.947721939904562
1.303840593584208
-4.126255337721612
4.846424571124981
-1.035063967444145
-0.504547230097976
-3.477898302557634
0.893815083077828
-0.225775858368688
3.870637730827355
2.116796395711103
-0.380807623967932
2.145741523749903
8.172464422596436
3.102392379115094
-1.091171921759819
-8.828873170746684
6.621818692182947
-3.967411327521185
-6.499478932821537
4.024168903824823
0.477731907408035
-0.508356712091469
-0.071033315724185
0.095093400065603
0.296171365725307
-0.458594892018258
0.576145048434213
0.269287376037487
0.396894353853409
0.521464260709698
-0.912344191317348
0.151462265245560

0.528943150293587
1.769159473204288
-0.850928238737936
7.004723101851214
-0.930468013403310
1.403524839907512
-0.333345594535220
0.410297851118654
-0.577435444564410
1.493718535165720
-2.504925035793499
-0.368445055276162
-0.629989868443612
-1.069378848883464
2.604545701052548
2.165810142905595
-1.831238716903435
-2.855146073996157
-2.139092072448208
3.649815413402272
3.971093603688772
1.058252324269283
-0.091126380920839
0.209967899338661
-1.260300224712934
0.221801738171811
-0.528367521639469
-5.283565579808131
2.143410282078693
6.898598147909607
-2.851347399323454
8.145211395784980
6.811965592681463
-12.731683052361429
-2.452443937695672
2.188542402027394
1.362014400024693
3.248318923641227
-6.390132692915640
-2.346059593452875
0.256566986375896
-0.982062765428936
-1.858873437986906
-0.870994254717506
1.075808806844609
-3.806916330751002
-2.992431473861779
3.505423559182585
1.340205512240179
0.653015629897524
0.422620974621629
3.070319517722883
-0.099010867343238
-1.074305339135429
0.255215303982906
0.386190455221972
0.828068863525314
2.093135989324645
1.973847967359018
-0.624913232280838
-2.737765561761190
-7.692772686255452
1.431128201030165
3.351508768718678
-7.598318334627142
0.823523807350804
-0.691179276295398
-0.762319320482881
0.160188463157127
0.747195320894470
-0.409147239903938
0.200390966801366
0.642699408260592
0.791223346186152
-1.296730832176769
0.456559302410421
-0.231391775654931

1.108106315670361
-1.488764308696875
0.362299504569145
4.224905118817952
-0.311076149886889
0.478697426971587
0.318964231255784
0.225757234528239
-0.012634392443347
0.117260328796854
-2.398500038576829
1.561078488111421
-2.600283907837289
-1.661594841315449
1.677610979174395
-0.237592544714595
0.931750438907049
0.175472020875053
0.995610311843529
-1.151482890322364
0.395949873209560
-3.585727546535530
-0.880313945964842
0.599104337618712
4.259694665510923
0.742126205269412
-0.153249595099110
2.310126943081506
-0.400976528818614
-3.440083320914273
3.461511563786070
-5.136382365156073
-1.484288931392233
3.002011395290886
2.221390317082138
-3.936559467835648
-1.327820337518206
1.018004390684598
5.159023981000724
0.525260648914232
-0.224158279603117
0.508412480181604
1.864550633401695
0.508127215429230
-0.456250906249951
-1.705973321222271
-5.282964903098005
4.134816846994523
3.643178137725547
-1.877112740438096
-1.358740087876979
-3.602019672725408
0.103590123488205
2.405358741190534
0.952702203991924
-0.207792248604718
-0.005640836364659
-8.370123131344004
-0.283952961428035
-0.763638413038478
9.065029683031316
0.328731572617483
-1.393030340547502
0.491678303311362
-3.106487695616202
-1.523563277037254
-1.333928178607168
0.200402003838074
0.129300909040491
-0.261691562381673
0.264203536364246
0.434090368707297
1.591680439053000
0.437490849147613
-0.772640194435712
-0.034429524033884
-0.163591359122143

0.286439863720209
0.506719266243655
-0.548528476558170
2.710574755104349
-1.314854975206105
0.660916770350435
1.635467488090440
-0.251872542955066
1.573785031271328
-1.804541885749037
-1.918839972857753
2.072870052767028
-0.296379928883372
-0.692594743664865
0.452910211624689
0.407756059924097
-1.706400027966985
-2.615335822182818
4.923108808669433
-1.749839997590337
0.627759802466734
-0.292757616862702
-0.670675637529610
-0.600757552781742
-1.397075736043041
1.509872248883539
-0.240736081408874
-0.895044155209470
0.618595634119360
2.054680608338942
5.365235385081531
-12.046080552655742
2.889504594487896
5.329638043951564
2.489879130788647
8.519992959080405
0.759975923897888
-1.105569465503481
-9.768510841293045
-2.545425143553695
-0.620634045584688
-1.379707320987652
-1.081980197011910
0.028408815920659
2.557497648793467
2.875444266316059
-1.598246436706211
1.149861816038428
-1.699449081993777
0.374592128618105
-2.310422842096559
-0.908105816181191
1.107237228252244
1.772971059267824
-0.077668397878358
0.179781236451859
-3.114827290702938
-3.594901786679598
-0.898748965684971
-0.300359564095306
0.413389935992709
2.947204521401791
2.924444877749425
0.942296439378925
-2.243725591859520
-1.412279267884380
-0.636665214334879
0.268230026997600
0.398740229049753
0.142779237593919
-0.460985101024413
0.587893634987671
0.976662573340124
0.154349261409291
-0.717004608622960
0.491683622748319
-0.171618578888752

-0.027794672258117
1.106680966980562
1.971611463898969
0.472243847931998
1.886265423701290
-1.542177760657490
-0.734837049132833
0.541501252582842
-2.153782907396543
-1.729402951518325
0.832570238042207
0.886143045536870
5.494532707281743
1.581465457460412
-2.157888939255870
3.597817227451901
-1.401732425433892
-1.212550862717352
2.763193505172077
-5.185596816799140
1.580286684633002
-6.044602273992198
0.632210449354616
0.125364691087658
-1.490393704490395
-0.676677856639500
-0.674389099844440
-4.190321763223330
0.683892626696116
8.034132099873567
-0.301207953351340
4.571430835287789
-1.908510531897482
-3.190193270443738
-2.618085602896814
2.615311487067847
2.489127769874326
1.122341333113112
0.852761549724374
-1.113000472724011
0.450129654311833
0.075292527292691
-1.950096627800915
-0.769398270151438
1.949080545600093
-0.260899068178829
-5.271905583920023
2.977166301792945
-0.372922822345562
2.747531330813515
4.776381948583558
1.675924386774958
-2.535390902984579
-6.291977926793599
0.424163574446274
0.560077395387405
-0.118620563887121
4.693035033358528
-0.462042312523118
-0.391815267277547
-2.556965213805785
-0.001263516604444
-2.997272002765423
0.531384717261634
-2.368951963516815
-0.480276295341340
-0.744603126321891
0.989322540873198
0.531731874737113
0.361682649327728
-0.013482296070346
-0.930077949207477
0.850890739718377
-0.669984329624414
0.701665449219979
-0.457829753174457
-0.137422607964914

-0.344448238225820
3.007594821062908
2.322160451432840
2.371358223784492
1.274867797046564
-3.274812340469374
1.078668355837021
-0.248128144000181
0.347461709970189
-0.376541710403366
0.428545700031437
-0.913668754689389
-3.130878818971318
0.026439972339035
-0.495084728366376
0.929773018809837
0.956587980462718
-0.044589326113251
0.736283335871626
-2.217026156655338
1.404060164712186
0.189394640046752
-1.806405309089768
0.873856165717253
0.497428987679456
-1.092902818352900
0.571413836504662
0.610774571388045
1.137026687609952
-0.813049061734336
-2.282203721548143
3.404381252524455
-8.777851697964671
-4.695937060265635
2.835468964417227
3.687667321552858
-2.192726280377846
2.293682909886083
4.684433471855898
2.433761813580917
0.260041526064858
0.572720697057756
1.006828700267991
2.662165154103307
-1.838594306181814
-3.607056169096236
-2.201031180316411
1.939716228880447
3.390724080431107
-1.054807004594977
-1.739965352442742
-1.667632262896681
0.385154151452720
2.395168849768856
-0.328677299395508
-0.013354435811316
1.436129098921045
0.067858978902326
-1.134891363903358
0.046973368968797
2.378876485307698
3.399754486663863
-2.474959935745309
-5.990440248182620
-5.136945215427487
0.691845089590263
-0.491292230370101
0.548651462467678
-0.311904006932314
0.640394139240569
-0.008867155260319
0.199946437612532
0.474352530811966
-0.118184714026803
1.263587626728615
-1.181343896621570
0.142219708210444

0.403438459417121
0.289518697342932
0.382529250586661
1.596221676625425
3.069107611919677
-1.250907579836516
-0.303449018581404
0.309505190918357
-2.019128631097052
-0.969131715503873
0.278555375869509
1.239277413714204
0.151604754303416
0.000000000000000
0.219742426309782
-0.732494336274169
0.000000000000000
-1.646151931217005
3.330194807499567
-4.403471287487922
-0.011849979980668
-0.253093446227910
-1.566811300236341
0.319897085460494
-1.580207657517036
1.131291164699824
-0.589194216404260
0.607011567028809
1.120564842416618
1.790162666548146
-0.681257663175355
-5.567971196162120
-4.079110825013945
5.159471809046716
-0.400400119388754
-7.801288775755233
2.230166432238710
3.019238147922926
12.011949836214898
0.622149120770173
-0.303097689013688
0.098636052556020
-1.618784543785037
0.000000000000000
-0.828789380524811
2.180872027407566
3.280261775277771
-2.718218992360039
-1.858219899499222
-0.715707182192128
-1.701022882585870
1.014488230737891
0.877785799096950
2.090023784148013
-0.729615668544177
0.200264678676393
-0.076052353356191
-0.724234245655740
-0.604179277728475
0.068520150156055
0.883873428632793
0.350745235786127
1.205869247838475
-1.342363485430799
-2.221930638963370
-1.972388506745994
-0.496565631997582
0.152623671893288
-0.458255307860388
0.089952439221681
-0.220464846675340
0.316516549884154
0.361312797978566
0.427941792152406
-0.447699313093771
0.044741015804698
-0.032524621460987

-10.678005606552439
0.599610943630498
-1.463999768646394
11.152629544108839
-0.480893827919246
-0.975833596043253
0.922448977510771
-4.782254589881617
1.275072212994980
2.173747967763045
-0.131154992022603
0.025361934390939
-0.302145455844638
-0.254483935065323
0.511955329479263
-3.293732708263196
0.150728017326294
1.974709277628701
-4.481678925453614
3.849140462221270
-2.601786356378986
3.943397163710412
-1.717843522776164
-4.263976934132557
8.172069820278248
-8.497550835014627
2.164925784941988
-6.998018058285986
-9.356331218033080
-3.790573885093126
-6.510835377445060
6.276764420490514
-8.204465776118239
2.144820977238222
4.524310704199018
0.465426294790266
-0.059174537247341
-3.438673363237101
5.546349863004194
-2.977810763078864
-2.791486298329266
-2.495609408113597
1.509380765157071
0.963422447577317
0.903134254145872
-2.087378778133187
-4.150248134595112
-0.158652306912102
3.377090575331013
-2.923812518164477
-2.228580620709530
-1.173868218182714
3.379874410923474
0.475187108158961
1.213680421460448
1.255810559223821
-8.674534200269783
-34.977162412728632
-1.166566090267565
-6.760569626625891
9.698999053407459
4.806947962362578
1.574769142489162
1.257897712845333
-10.589769925378652
1.198978910558206
0.068807468378440
27.683904383262199
8.110936157225350
13.572982988594477
4.311949873315759
3.179849343438742
5.935762792079708
6.426183308202971
2.245713240370050
1.607068624804371
4.807660959580812

-0.039874386076433
-0.028325631201091
0.062199020940000
0.028065832519768
-0.083386328764159
-0.075273566914867
-0.017850511572215
-0.211004923862209
-0.186550190359487
0.020487399242069
-0.032988069860981
0.026160248346715
0.231597753881659
-0.076213070864549
-0.104372543640231
-0.010213574206888
-0.029590961263203
0.016729819491436
-0.063150681991004
0.082524059073545
0.137070778344709
-0.081414063304558
-0.049402122267739
0.024444471279383
0.009116625023564
0.025297314570538
0.077591258630217
-0.056417492782840
0.010943464301543
0.098163057988041
0.065616108437407
0.183384027732738
0.170839935313593
-0.335486172411722
0.054226234601898
0.086690333132650
-0.145990275544471
0.026261983508919
-0.262874773617900
-0.357491115825032
-0.200621110471710
-0.043702259645879
0.121556213050153
0.080456748628821
0.228376589937146
0.034978217918687
-0.038078650597758
0.029824668694408
-0.001983878241641
0.060628753513264
-0.014077995663843
-0.002721259075867
0.102657099800194
0.003962991273408
0.056372612719745
0.004941388342617
0.034762086763418
0.021606927674217
-0.002922906476410
0.006445507402072
0.003588089196035
0.091018382103737
-0.045290314607081
-0.111973627174885
0.079942779601752
0.072402811337645
-0.026752983285518
-0.010166920981583
-0.007571120915579
-0.006077769041154
0.049944443118374
0.007788922303432
0.009047879173992
0.010700616359364
0.009777297633925
0.047270521630989
0.154349978279825


0.087245  0.031847
0.108820  0.099111
0.147077  0.061565
0.121822  0.137338
0.162965  0.136999
0.168942  0.079409
0.218580  0.146520
0.275056  0.062851
0.161660  0.439209
0.135811  0.309651
0.093231  0.379247
0.144064  0.347875
0.162492  0.421302
0.159530  0.353911
0.160802  0.388578
0.064775  0.316964
0.138723  0.414009
0.120954  0.487787
0.094900  0.408894
0.103598  0.401742
0.080319  0.450709
0.051965  0.443688
0.055103  0.510816
0.056182  0.383699
0.050039  0.430944
0.046030  0.546524
0.071297  0.535133
0.032828  0.440203
0.025453  0.473093
0.042452  0.439959
0.052107  0.452568
0.060885  0.455915
0.103239  0.522385
0.067079  0.452331
0.134344  0.527873
0.096232  0.505630
0.177915  0.491074
0.134512  0.452325
0.096544  0.513933
0.106379  0.594799
0.106870  0.711037
0.065972  0.672690
0.187940  0.513397
0.195325  0.387330
0.091868  0.615226
0.081980  0.310086
0.054810  0.288494
0.052046  0.268576
0.078500  0.318753
0.085793  0.785698
0.101111  0.848134
0.159419  0.549626
0.153606  0.671078
0.098147  0.829675
0.185375  0.640528
0.214414  0.765280
0.035011  0.188142
0.019018  0.157264
0.016408  0.116028
0.015921  0.077629
0.023961  0.150313
0.045509  0.164023
0.023393  0.167876
0.049232  0.171495
0.135267  0.121861
0.152523  0.181878
0.000000  0.000000
0.000000  0.169627
0.000000  0.339254
0.000000  0.508880
0.000000  0.678507
0.000000  0.848134
0.055011  0.000000
0.110023  0.000000
0.165034  0.000000
0.220045  0.000000
0.275056  0.000000

0.258919906945332
0.380964539844404
-0.082136657626939

0.491020904815184
0.308709972019859
0.032639711476092

0.860637022553006
-0.239500061475798
0.205633410923080

1.218880973504533
-0.220068578050230
0.097632619872343

1.553808527864852
-0.360014303899383
0.082274369786022

1.943073986910473
-0.155437095741899
0.146833846174811

2.415344942252484
0.264292340050942
0.041174137840823

2.704781990335759
0.098686974886989
0.041507833134871

-1.332394374117250
3.767136900688076
1.376658486910346

-0.007887093088094
0.034310497209424
0.007382499005940


