0.40000

0.600000

0.000000
0.000000

0.204376
0.826059

1016.953069
0.480832

54
10

9.531572106525989
3.194199932720754
-0.723661172135824
-2.724749138755973
-3.111679668701345
-1.880512768366792
-0.867983384472528
-5.868959082470594
-0.210589178363703
-0.164676626689320
-4.394855382736866
-0.357197471524303
-0.888081917855528
3.648497729369230
-0.012586832788598
0.749103023028026
1.874703916573111
1.912215860340102
-0.547100741046328
2.083429758742180
0.497647542922332
0.986866026072395
-0.882585218163778
0.096314615762302
1.007529836321197
0.508409700228417
-0.209804984221923
-1.948814710574469
1.586276992880735
1.199050114603416
0.798289508529855
0.260443080270793
-3.108273036599345
1.676144380536074
-0.251268048190903
-0.579670420296245
-0.586962836079346
2.554796259034708
1.384379396832004
4.803312171009436
0.249747183653229
-9.366130132662342
-1.389440070394535
-0.067131841765600
0.434274838420523
0.126883651315416
-0.073151024492308
-0.523335404799727
-0.010378594394576
-0.553194164843569
0.227408055400376
0.635303222853624
-0.985790162127522
0.261765109636834

13.364717722566199
-2.731454901724276
-5.500185659665546
13.912698352095868
1.434556785406814
-5.014893325489008
0.375934444104794
-6.176592684559858
-1.108952196825666
-0.306408749600471
-5.783143477846558
-0.324393956706721
-1.858747225043641
7.323785567137166
0.887968658022985
-1.420140321796839
4.049365539884273
2.705133138328983
-6.355185061492373
7.700956879903538
0.378051852708801
1.796679678485138
-1.361977928719894
1.925590782316824
1.943726459916181
0.141591520949174
-2.361071111547220
1.483738204061952
7.877400134621611
3.672196125756758
-0.698861495939179
0.194824551976858
-12.819743320255048
-0.274575250572466
0.496055104974610
-0.524890833040710
-3.103268084352474
-10.211730978111735
1.459466480326809
4.012055832174855
-0.201448815346818
-10.301817157384862
1.315032071343320
0.019182029195358
-0.254884614695471
1.010809338494837
0.355107398742610
-0.333436500294073
-0.129637515994315
-0.560968417546825
0.051061765595620
0.507338726117577
-0.927728824875209
0.251113265932552

6.967357443672486
-7.796053088551603
-9.683001249294089
42.018349468414812
8.620384912093655
-1.632568113777455
1.914829352008111
6.621290173334456
0.965306975045265
-0.349616458666625
-2.696221416341472
0.130646483892893
-2.499735275079341
2.395834791075441
1.827316828208569
0.959355198137780
3.391929382922183
2.018254064315704
-13.146630665094891
19.736943729231957
-3.082762982035791
1.909563183899784
0.773675442059788
2.148832886338357
-0.708965082937800
-0.581053722847524
-2.839924587746617
4.278293565687659
13.135695870422163
-0.017938046772859
-1.788992665055359
-0.178595791828411
-13.621628403490927
-2.861807469858663
1.618414337832562
-0.546061720478632
-2.449073009553320
-41.089621815654944
-7.178241900903895
-2.215212487283386
0.196390363270547
-7.214891803415635
2.124294326292267
0.367884933987397
-1.191253232483041
1.509570415960411
-0.087048832685568
0.564494259625237
-0.355633293927734
-0.099534131413566
1.413449319465091
-3.420458694079681
1.788376991090154
-0.064208675758488

-0.859854252347301
-3.252197170119231
-9.895175913179173
68.835343546111673
4.203871594020363
-5.429117327181703
-2.189780639727424
26.367348447840701
8.149514167153022
0.194321106871921
1.625670007653800
0.254276369830517
-3.956389753890754
1.847109314574238
0.556046001601175
-0.414552835233135
9.223917470329527
1.319430083320968
-26.813641686650119
20.639346925494660
-5.298118946284936
-2.267095161092391
6.091529510364200
4.250165250972815
-1.713709094188135
6.327256295855682
-4.933075941309555
-2.831279156598928
14.396179455154552
-1.370805456628706
-1.352286563307740
-0.495074374011901
-14.336100989549749
-0.541284699118244
1.502871216155138
-0.624146413099581
-9.093264120198789
-50.014666326792209
-10.146677357920744
-8.694702932369259
1.947042102654041
0.209082836531372
-11.650595656482402
0.576490944123179
-1.518842517551733
1.835286350778842
-0.605370822427568
1.105887860646446
-0.282461353906733
-0.240827194478747
1.433852823978662
-5.116998133953142
3.394849898512827
-0.348596791062483

15.020651937068319
-1.216055188312964
-1.964969671982333
46.002659041219935
-2.578915931788458
-0.329899471258852
-2.266299948923696
12.561692005379971
4.970485325569153
0.319062958683078
2.189542994045790
-0.921245115314119
-0.901632635348077
-2.529775083894587
1.457861343579739
3.318297255639004
-0.340839624421864
1.430284056461622
-14.015419256194805
5.571383911264115
-5.107604339431208
-0.995037832778827
4.005291961496869
3.533063235920482
3.890589979240633
7.511668929680821
-5.762093714363473
-4.025553414568923
9.923962380539249
-1.966985632807506
-1.702492110678362
-0.653920345957678
-8.475463002452370
-1.051015721435555
1.484444054200154
-0.664133502976454
-2.950293540145068
-34.256308569792409
-9.180104077061190
-4.486059093863293
-1.184243863254068
-15.007318173684348
-1.644200112896861
0.644186830857409
-0.349905665740569
1.754827026240761
-0.219221744101921
1.300322754998849
-0.218739553767224
-0.248325454902423
1.958692058310364
-4.934384419979506
3.621018854872231
-0.321533070041911

4.851381460623701
-0.829427303549606
-4.948111300447917
15.161696338393977
-1.837561532144442
-5.137323847458327
-4.583195838623638
17.244698686010242
6.201174935654040
-1.192388847305450
15.511405935696958
2.417105700756808
-0.713978581873408
-12.100558196142178
-0.210364365007738
-0.390276050420061
2.581659585228201
-1.658104072733640
-3.353890554377904
8.405214134887022
-4.150124252583200
0.697410708606185
1.893699384017869
0.114138771412779
3.909754903368356
-2.380824308472155
-0.832115547929602
5.217983982957284
0.296099895932535
-0.451164141215946
0.074283181840452
-0.293221995974176
0.476903929289531
-3.028542924893148
-0.125619914542106
-0.523133667611288
-2.275020266377813
-12.859837539183209
-4.403279255483628
-8.067070043176042
-0.740272619112570
-4.778456182531713
-4.516423156212087
0.570531324944064
-0.051794388258684
0.301234811585757
0.293616806535450
0.296344543265042
0.219019449153109
-0.193163755656495
0.620571376244875
-2.640441375300370
2.879773232205903
-0.970017247720489

-0.870493192653490
-3.386728274645948
-2.397162778638352
3.951299016730198
4.221376624483820
3.072298398353992
-6.199272801047595
10.022448431660816
8.613799347958727
1.442675312972967
5.719195863486185
-1.377711018185809
-0.887671275242085
-0.293264235445504
-4.086417524355380
-2.581316006755155
8.999479432401815
0.014193116973923
-1.173204424906057
2.168817910708038
-1.759271913431285
-1.171429738994830
1.339268929704753
3.246821829836122
-0.965701762766524
2.466029546565750
-3.346571871273678
0.891390019547017
1.841294255906585
-0.199251852636864
0.159029806026114
-0.175010435712043
-2.255202766987696
-1.911850874560107
-0.156324506580869
0.356066347507804
-9.794886257171212
-5.132240262005227
-2.052291817829637
-5.016712662551782
1.601014827514395
0.498491072507857
-4.246373628244848
0.233544282739383
-0.246927772982771
0.448767850443506
-0.270915742833162
0.298337783079903
0.094083249429568
0.669945631879226
-0.394018009823217
-2.185027439617124
2.103287011922636
0.060294961573181

-0.132010203174994
-4.302438175614997
-1.886798689596574
-5.139584770784818
6.474795677845977
-0.697326214840815
-2.777166953080942
3.076482245393795
5.689276201429491
-0.081338140429269
2.122147669028187
-0.432530043332372
0.624990104426753
-2.149758332228997
-0.983269404453742
0.916931469261961
0.243134892127653
0.473643414016650
-1.172048634453157
-0.932599737239207
-1.537629954560359
0.322051365696919
-0.543723973999732
-0.118187773129915
-0.716303020040784
4.006666685349610
-0.344858555747489
-4.624875479695737
1.749735862065037
0.087456059175259
0.125383218766968
-0.101944079033775
-2.245828652303533
1.723234493091834
0.106071284419506
-0.605096759222671
-2.928213310210204
8.658118129996058
-0.673398746970785
-2.209934392325370
-0.285353178825655
-0.137704477003901
0.737583449785238
0.131391850052430
-0.101023977226215
0.354981164463783
0.053682674823719
0.081658322454041
-0.036078688241810
0.027075166761892
-0.091560892989223
-0.193942613620847
0.373771716881571
0.022264712654203

25.481317255716675
3.398996181652627
19.794789855093843
23.357280616502017
-17.276505793471689
11.563728994409141
-2.632182202927938
28.457518770133149
6.919049840697383
-4.436194961419929
0.727496704422429
-1.775406423912862
-3.119456317156516
7.848548890596251
3.847023170821707
-4.323922795370022
22.073080477000502
-2.575991542265947
8.475493458859083
-10.666706612154741
-2.670835790106396
8.915832054577447
-0.817880065981183
-6.086763721442071
10.006093480607317
0.739164784247677
-8.439968263197804
1.614267566256329
-5.731629479788121
-1.009054259107751
-6.314220780343664
-8.070082846568210
-1.200706489639400
0.669459355645754
2.604621497943883
2.623261930718723
-39.889887095267937
-25.924783845859189
-2.778758262492613
-16.571827431844653
-3.622981403084594
-24.299550477007752
-38.395356250808852
-1.563185448631751
9.523369910465469
6.550416682832199
3.313777035997340
1.726393114793742
7.583409138731738
7.477047721765693
6.517536824016545
2.239638184714399
1.356027469714726
4.789197437323525

-0.005582830171307
0.001451311782136
0.019783274390351
-0.077553195951951
0.000852244469733
0.004906073050178
0.039492645664572
-0.083293834945530
-0.064777843939887
-0.004431576259861
-0.243370656574299
-0.070764254553594
0.044321203380540
0.204765165804437
0.008430680526081
0.044819036101325
0.037774784787641
0.037735183113344
0.002985559596022
-0.041924452390382
-0.078964838146846
0.008353953782050
0.000609223098942
-0.008576923156116
0.002221144967166
0.199050399629571
0.009502666058356
-0.327901715565641
-0.011851821900485
-0.003057183531291
0.005127781099363
0.005803603696718
0.036933374517567
0.103217991765114
-0.006784780312343
-0.000275383839681
0.021098399019602
0.085691647027476
0.020278046346918
0.035495546156018
-0.000654480102349
0.000962563259879
0.030611523349435
-0.006905417460703
-0.002486657393835
0.004488730388739
-0.003940874598870
0.000201017902769
-0.003183387652504
-0.000269557802094
-0.003235072183793
-0.001752448104015
0.005879102479957
0.028695309280275


0.037437  0.079079
0.038984  0.119891
0.062531  0.065809
0.086129  0.075516
0.048035  0.122841
0.077334  0.085554
0.127066  0.081930
0.065859  0.040847
0.112964  0.091606
0.163320  0.080272
0.153881  0.110801
0.204376  0.096087
0.144022  0.162839
0.159340  0.119690
0.102541  0.126674
0.165597  0.117102
0.099515  0.106533
0.119371  0.067761
0.091948  0.078078
0.071872  0.070375
0.120245  0.144576
0.113581  0.210103
0.083331  0.177324
0.070903  0.218951
0.057819  0.119064
0.096047  0.318688
0.048722  0.248007
0.095665  0.334172
0.047797  0.388039
0.060346  0.405987
0.082628  0.576470
0.043796  0.826059
0.057998  0.379371
0.107044  0.363289
0.115339  0.657335
0.137088  0.492100
0.094831  0.097380
0.082079  0.075421
0.082426  0.044206
0.066775  0.031750
0.037115  0.028675
0.033507  0.082973
0.059461  0.049507
0.000000  0.000000
0.000000  0.165212
0.000000  0.330424
0.000000  0.495636
0.000000  0.660847
0.000000  0.826059
0.040875  0.000000
0.081750  0.000000
0.122625  0.000000
0.163501  0.000000
0.204376  0.000000

0.191342672982581
0.284866572733435
-0.041424640828539

0.342523924943955
0.311456147661932
0.072767309927008

0.601482489323283
0.199988260678527
0.310395282375055

0.950788388310014
-0.208613093043192
0.290991452457377

1.502570750749799
-0.487625829070173
0.162602750457910

1.886599490026983
-0.726945288262709
0.087590763244669

2.264502723149421
-0.298186519936489
0.074769441395764

2.712687436715140
-0.092833940279621
-0.013728943821328

-1.292805813670844
6.125936675071222
1.781290729537483

-0.001261628322615
0.010328981943271
0.001532376994054


