0.270000

0.600000

0.000000
0.000000

0.554374
0.915433

526.601938
0.826265

100
10

2.054906412804507
-1.285195757630017
-1.798116662455730
-4.686686549274055
-2.260834588874874
-1.846027935108689
-3.320763880065973
-0.485346549539376
2.003010657192441
3.918665631593107
7.675101209173152
-5.593674926455880
4.255575939050617
-1.750548440597373
-0.215318579254777
-0.217141106364392
-1.463943161709268
2.368154211431267
1.989344170917765
-1.406510041515796
-5.224074155503833
-1.676804638367527
0.179893000628328
2.780848275805512
-5.148291933505901
-0.197062469105169
2.013872856864565
0.389361860361317
-3.099578796035591
1.781012294277568
6.290567506179063
-3.012814892331696
3.259253066825209
-6.247838315339979
1.639160135460976
-2.146880687917462
-0.418777728404161
-0.214648922842908
-0.128063991549888
0.919099056194978
0.789151950909044
-1.094615452713603
-1.446502211186025
0.450437575264892
0.070444136668979
0.101610402077785
0.185796986749640
0.612088024059224
-0.565197809483894
4.245178900896538
-3.311748873973408
0.235981848647903
0.953089312224704
0.525290000950410
0.244251345662997
-0.058909025777737
-0.709674220570597
-5.648455070388171
5.566670813722383
0.321404501722579
0.198636004849020
-0.861216600166936
0.470555917574953
0.017709847608094
0.058162990688160
0.440733859328999
0.134944419206540
-0.573130883938070
0.269117168996191
-1.563744246638372
10.287829826683476
-0.695056771592898
-9.523811383904331
-1.208791573166907
0.807300811558973
-1.166656258814522
-0.077772850725892
0.013025714123763
4.055621952599040
-11.708268749748409
-1.398723175940976
5.169243548652147
5.233052998491570
-2.405675194779513
-2.976969499008925
11.965592843930914
1.672315937859002
-0.016112956162000
3.096514348540513
-0.381105887887094
0.301049035635591
0.300705238659046
0.043750595317209
-0.500818127730639
-0.301593889821888
-0.130307337554808
-0.178366605971261
0.063501156361272
-0.304113343155555
0.233696430104218

3.073089714635907
-1.609015858924707
-1.897527839565992
1.066861610124033
-1.057388950779015
-0.351451990160245
-1.974890697557911
-1.178104969072949
0.380607646841506
0.903166808106525
0.545153034956212
-7.148116907065298
5.610982875577946
-1.757945693060284
1.896975287380082
2.598586377870049
-5.214679088003488
4.320568957642542
3.153674528455519
-1.294970841271247
-3.850727427787298
-3.228510690902615
1.496990786250688
-0.904180981013682
-6.870897903165917
-1.783309064862155
2.906034625067034
2.628386738173455
-2.734309935765721
1.799425992912467
6.344616098704073
-3.110242971596164
3.305183872599932
-6.217047091570464
1.455587621042646
-2.774275504822247
-1.642450110411997
-0.658639791923119
-1.017252422535668
-0.853357325425014
1.794474573124722
-5.830161654466302
-0.653796466677422
0.981028292312123
0.480411593818330
0.931935481253030
-0.983189415352389
-0.991930142069465
-1.068882442169318
4.934279610573229
-2.230101668715773
0.922980227358267
-0.138516358989100
-1.134084808544355
-0.132828421080657
3.784465395440287
1.219552419541832
-0.314668207137082
0.319378830495125
0.564685720906306
-0.579814921342034
-0.220570861031148
-2.955513539661225
-0.553250554132355
0.388013676511221
1.356708370629330
2.262018869786759
5.964368590561602
11.750458940570160
0.723852770642578
1.754771074142750
-11.050848461692452
-1.458434564734155
-2.694627622813969
0.623066699192130
-1.841680607767853
-0.719692112769398
-0.779223222984095
2.475083455550916
-12.253793974942804
-0.543087149963805
5.643503992731298
4.213387644342417
-2.793246227492251
-3.569466619627359
12.297810559495165
2.922482347999939
0.293174069202922
2.893494723455225
-0.337117817342758
0.765602917173239
-0.418795170492469
1.027389434930658
-0.930713375754882
-0.092100642682127
-0.339642630974026
0.153832908423539
-0.211304130483005
-0.071493467465464
0.093765549798360

-0.906593575396239
-0.730659543207873
-2.565008735591973
15.770654634784162
6.800744262882027
0.976226623970683
-1.626971023094274
-0.492198650591606
-1.520284267290571
2.927371230390334
-17.657883952958706
-10.616041340481630
9.545161833969337
-3.409424143150472
2.846902976524833
5.250340375512876
-7.133493277995165
6.893047895354156
3.753717305890279
-0.533658254994841
-3.697094592292782
-3.781386451863514
1.897483876658332
-0.106657925670033
-10.012170761584956
-2.167117907955102
4.309167814643439
3.871138092939537
-5.115909611162655
2.980431905465433
7.099362694276141
-2.912501865919734
2.971204445403650
-7.255487916008091
2.069489719070141
-3.521137748726293
-2.215698053195462
-0.631621650726296
0.198574856057740
0.365863298754126
2.954943364885783
-3.700852816953514
-0.985432651711017
1.628837782165595
0.169549829951164
-0.448194985973605
-1.635315159986350
-0.921809722361882
-0.968829055118339
6.120848039483305
-4.987709956758041
2.002233037162836
1.270047701163436
1.192947392684774
0.030367851408782
4.942556191529524
2.234325826294926
-8.896387386039720
9.092517322887629
-0.055821894647069
-1.503782346434220
-1.835410378742268
-4.592182823438524
0.492388032320345
0.414740025255214
0.465151415403866
1.673716453438645
2.242537285267597
7.849558639904628
2.397059911997375
12.691985860894954
-7.911608474268255
-12.188375498816320
-2.982890404767028
0.083802013655784
-2.399137424603601
-0.609694407697134
-0.622540100783590
3.213775859590436
-17.951137765549873
-0.937887243207386
7.932928705521818
5.849352132886720
-3.882776895060208
-7.647328802535496
14.688862082602753
1.349715191974792
-0.236194533228293
4.168768772099091
-0.042722021750633
0.297556834035536
-0.981620285137523
0.836797062988894
-0.302786758084335
-0.197214457423910
-0.911261414010230
0.640436483460885
-0.492690069131236
-0.270755656242737
0.254161774473299

-0.169378694498732
1.349964316677385
-2.924579120166445
21.720037721261171
3.096856764902873
1.302737968068692
-0.043703316020709
0.040065234563972
-0.480412981723569
-1.999688194664732
-21.606722513066934
-10.384914327438993
9.874651098451215
-3.120276003227074
6.709996542851644
6.489376770651294
-9.652897284882887
8.206784197071453
5.480316908059507
-1.439761617873812
5.310601184014121
-4.249974544019361
2.612512470487718
-0.734829325639318
-10.394633727356467
-3.168951111391578
4.742964425685636
8.433657398326279
-5.830218737772841
3.696221402660834
7.668015740813621
-1.879811005342486
1.495951773251110
-7.869308735183096
2.521398987060300
-4.847951347586510
-3.408439302868800
-1.331011481383448
-1.922002090605224
-1.699048195198124
3.228469056217404
-8.452524403573301
-0.034176503144192
2.148640202865501
0.523444373842435
-1.021857779977608
-2.303255396565751
-4.432509005431023
-2.546851219928044
8.120787168447398
-5.359549614330503
2.821743157975194
0.861221255462256
0.522746150101839
-0.056521535677440
11.545225121320760
2.331512811183385
0.390477151265851
-0.235155497154242
1.221747050127555
-1.098304787771923
-0.694826989256916
-10.374105153897398
-1.664458547286052
1.572696357920785
2.979213551946498
5.153432848755733
9.876751898700656
17.389991750651987
5.130742587026046
5.599913897805929
-16.316478364955199
-5.477308764670060
-4.594829799945672
0.753233907078671
-3.380801701250157
-1.024535739007826
-1.706820378124056
1.311700747622615
-23.212864249452814
-0.113441522632401
11.416345191510199
7.116988032327670
-5.165407399433172
-8.095303549855132
2.599162340535532
0.252083482413301
-1.126438874949132
4.214744663176802
0.130369321739718
-0.478158964801096
-0.587889669470748
-0.065616127833448
0.238373982647509
-0.168239237280339
-1.492237066102913
1.140675242413994
-0.790556951745125
-0.178472341201641
0.063466590575644

-2.667402081266272
2.008184649768687
-2.949773717921419
6.507796428328650
2.944559218855416
-2.215527763186534
-0.029186076564798
0.174880611255550
-0.602546342229184
-2.475442439117705
-6.601184651584780
-16.085352249811308
15.828498456364006
-0.019324963492411
5.322842077245376
4.639679884935148
-6.225399737312832
6.757501193795099
2.717946190165782
0.316798211247321
5.860360043413319
-3.679407690457030
2.130434565490879
1.173016775233104
-8.700045219527119
-1.960740642065203
3.536989053392829
7.184001114439715
-5.740203490637185
3.810724100736855
3.060556495438186
-0.831594786912585
0.624650993966914
-3.770356267753682
2.339793257204090
-4.208513120098564
-2.330436230586040
-0.918025857083176
-3.411048753472524
-2.076825037396676
0.722312124569522
-6.353098292835801
0.424823283560693
2.004234298032052
0.297349333560151
-1.218504888889373
-2.242034372254032
-4.455976207811405
-2.629483905256012
7.775293385520827
-3.984166992432078
2.756586148094699
1.752486847822632
1.411806142250747
-0.228753409639139
8.493203839061980
5.269174173111279
11.348539888572587
-10.725793442936064
-0.676389357973069
-3.926459409608296
-1.812228033360237
-7.826122335222872
1.180308011359758
0.670076368383385
1.638093269198968
6.211808318521956
6.862198696921012
10.885491936367455
5.559350142056350
3.998488218841806
-10.345801076409391
-3.857353279699006
-3.049187555220760
2.134219616611308
-3.078619761587225
0.097351843747148
-1.469518261761880
0.948666808570364
-21.596595182423012
-0.544118907126754
9.942133554461979
7.254172492670979
-5.135323827123268
-5.948409705192695
-0.174663202501753
0.621844580512692
-0.933876327070380
3.955207737582781
0.209954666274711
-0.778744338304897
-0.899671393366266
1.182331088354706
0.070527774094902
-0.069436389242752
-1.361562163986839
1.136456543356484
-0.700034515040869
-0.377990708773876
0.144549925443995

-1.281655184768009
1.306758755782612
-3.529998644370308
-4.787886447325923
0.406501390186950
0.459045052785725
-0.026209063461605
0.638955341667037
-1.480979031266994
-0.210538144351714
2.534489505477205
-13.130644961647683
12.903554756771529
3.427308519396917
2.408563499420860
5.170323803774359
-8.514987984588425
9.282953881536530
3.481273678746684
0.436297965778617
8.810220110350258
-4.237365234800305
3.865097958926771
-0.523957362633367
-9.633177281702258
-1.489298370840093
2.961228303335583
7.898831471143474
-6.576897933154629
4.502589979622702
-0.376284128451326
-1.014433982430689
1.081387436180124
-0.975221148802708
2.627346079464332
-4.650827151688865
-2.326099298778870
-0.953054314373975
-2.212660358251430
-2.455857721133712
3.284020227982732
-6.359489558164960
0.276936221761592
1.861894941493161
0.651526609227344
-0.755572020714451
-2.685518709068973
-4.214510172759721
-3.637056558888961
8.342774364119331
-3.352756697842771
2.778882957867284
1.321330904214736
0.553940637821391
-0.040154450211137
9.220168210364744
2.234198531736934
-12.530311221671829
12.907455541535098
1.334724173870398
-1.316400700632079
-1.366053360055896
-8.404156749466871
-2.017974492479026
1.812025263752575
3.065718277571056
6.476125771873803
6.347642971763490
13.014947281639207
2.056206800800660
-3.527326120781496
-12.474349118670172
3.828191448764205
-3.698521881577865
0.533104148495091
-2.678619242342085
-0.638472789941283
-1.677553408485131
5.123331473287297
-19.210971270579343
-0.557832049658102
5.978122468170539
7.551043425204099
-5.579799552622065
-6.410234927703356
-2.967779427462053
0.628853137802601
-2.204933338791794
4.438311365462827
0.280234594533926
-0.506270494629384
-0.682434169486328
0.768318291202853
0.204217874695974
-0.022188238876080
-1.217284416211133
0.720338553726925
-0.566701380930860
-0.149829784614088
0.041776074053401

-1.429492272152835
0.874969394474320
-2.285712809170682
-0.798763650805948
1.066928995649545
1.034441769732198
-3.711852474885378
0.924065977933403
-0.657333862656095
-2.089649262778748
-1.376350495587856
-12.533576807173592
12.916615083764473
3.647174443115206
1.194007809119978
2.363430035211901
-6.460925263634791
6.262741587494967
2.949357920134107
0.708881842618920
8.944200739163954
-2.100139869608245
2.856290139927696
3.428992771385099
-7.905750663996319
1.315358851671959
1.799367536866754
4.844115571675834
-6.091979382483038
4.545759483803827
-1.448294431932652
-0.372206186621065
0.253050586943851
0.093016763774344
1.515851627615438
-3.243626035290126
-1.033913840891638
-1.019395187223801
-1.254901262569312
-3.478628863141784
2.925631101961383
-5.019593197527208
1.282806997784598
2.106652672810121
-0.303531751043721
-0.137646174745874
-2.259922193416442
-3.660317401617465
-3.320009710904048
5.350662333691332
-0.998803141386102
2.817731136232138
-0.643539611276027
-0.593674661295053
-0.388252609792665
3.110614477929944
6.088820722929148
18.918996464624804
-17.773424782150510
-1.156096650633639
-4.949386811314565
0.263613673134303
-3.588402264468273
0.371297709051340
1.860640237791861
2.109733382225024
6.128072796996944
4.356314632256293
7.741624266688390
5.441501645902660
-22.470973586383838
-7.172464012802540
22.558344291230185
-4.072312214111320
1.377805709164361
-2.001570702329714
-0.353684252646628
-1.022629800635540
3.689490758772526
-9.408414134241676
2.420885560288369
-0.892216619087400
-0.129819509580974
-3.811039226331662
-2.184530311273614
-4.825562062597151
-1.735574770398451
-1.568797601025383
2.139799098177081
0.221578839663998
-0.565379850300013
-0.155989981734270
-0.777413651920573
0.873285972782923
0.028079035171603
-0.824257769186205
0.923236143246582
0.057897278097389
-0.674119335867864
0.028107118502301

-1.405416249207253
-0.611660269596116
-2.774715656021444
1.551591460593716
5.369351806241254
1.777698242184894
-0.489605863075119
0.790982889070974
-1.061971416030756
0.193624039993501
-7.202592846442124
-0.962787498351935
1.391712298824531
3.813620666353571
-0.490104813330627
-0.160083120691461
-2.973386190833476
-0.620695047379116
1.503892066171976
1.175903848705835
2.629935199387627
0.683836949093396
-0.793124121562751
0.843746477756767
-2.506971577309721
3.764240104427658
0.859642376166317
-2.035780285991246
-4.040901761967348
3.495765986394260
-1.279616976058705
1.049641816146174
-1.369605762087646
1.162238035539335
-0.844669745169625
-0.466798266311239
-0.097611859043898
-0.410673110196379
-1.484830438894737
-6.709589292786936
0.467656367499403
-4.142790005533174
1.528445076975513
0.033240217556274
-0.018750940014757
-0.341144874012420
0.339665847336343
-0.959174155936718
-2.421610316033952
0.711238897737953
3.692846642576526
1.882534132546338
-0.092957221315995
0.554081870584378
0.319252588608816
0.147514401216613
-1.303302178778973
-5.505448367088238
6.340232787224709
-1.007099403406708
0.406949621480710
0.492439366580012
-0.762596241525353
0.408295714637069
0.869283459010555
1.501456084665161
1.768511861345722
2.612988399848492
-0.233661231079343
0.971394410041830
-61.756152934679193
0.986973085861353
61.346983349343049
-0.442496772788623
-0.082718213124041
0.011687712040664
1.134616492983432
1.246434183367565
0.454231722935716
-2.824037855273301
2.922125590683027
0.729814286107700
-1.831001114620044
-0.749046869736585
2.413647373293443
-1.681864776023924
-2.513600350585933
0.588289372262835
0.647056993209057
0.167511790353482
0.152166459703499
-0.129892881791542
-1.008959505696110
0.957332974493763
0.031816794266891
-0.164203616932174
-0.357913578252686
0.620687958925750
-0.341581819073316
-0.051630752380938

-16.179963979690477
-8.496092222234324
0.466060691813948
1.713517196321315
-2.125279224986400
0.029213382399391
6.037469828220153
-1.695660102729762
-7.561933049865269
0.177181828721122
3.497415555890522
-5.631990035388722
-1.300819661820793
-0.858762222718830
2.474701404333377
-1.626665130475321
0.637207365166163
-6.026081657061901
2.707296056693391
0.417395908509645
6.406724960412130
-0.186920736075957
-1.224246630475434
-5.871233154243090
9.993857794785122
-5.932898048488734
1.077914944505941
2.745031825983156
2.588647193380630
-1.866449161937499
0.330848682070210
-3.656142961154993
2.381686034259081
-1.457741629772372
0.058123684119086
-0.307721455236132
-0.948076473910067
-0.106167200418890
2.262006069853744
2.275403355250629
3.625492839491138
1.072130396120790
0.927142453524801
0.637684699344152
-4.214800586511661
-1.642886936936332
-0.789180048671931
0.323035041553621
-1.363828478731621
-1.767725982780877
-0.086334988492035
0.297607318252717
-0.333104586635631
-0.219579805767591
-0.150927994216390
-0.109580228729045
0.095151576143304
16.044566976395561
-15.282603714876249
0.100679019601086
-0.633680982420643
1.536417611106847
0.130872671005318
-0.521502398497560
1.847638696383428
2.659977799664910
-4.510934614701647
3.081092661568435
-5.784892902285564
2.937739647312913
-21.729084697642254
5.867151938853975
17.690860321830606
-1.123318198428682
-2.848543191206075
1.261227099169160
0.987365866517292
-1.663746295501507
-5.910086135399448
10.728683637859763
-0.565140535931584
-7.890535182475834
-2.796837662726906
1.519554028383770
1.284244513106843
-13.060548953514965
-7.114345415754757
1.888982756699291
0.569447139502969
-0.242462890191886
22.081645037048837
6.435644428094401
7.089828888661984
2.022208520941837
1.415664327386419
3.275627978428334
2.365615705319313
1.781194432594088
1.843797287304176
1.713381085244767

0.210512579481339
-0.766526169874740
-0.856618710771369
2.291096833642945
0.335643506830844
0.272825288158939
1.081063425552798
-0.678900037832312
1.920636409742070
0.379618261465075
0.376127597890778
-1.591274780077924
1.386859935345179
-3.729495978956120
6.186293288755433
7.308189978810006
-34.495600911931973
14.242645664638035
16.506457106122696
-3.490325659857499
22.725226005264005
-30.167364431803957
10.314124166220282
1.598732470580047
-52.717513907265534
-4.663385150379081
27.550866266950152
31.513976017675986
-43.306277958025731
36.661788165582202
15.109361926268281
-3.865933167535228
3.725230241207730
-18.101645746040898
14.598727022952716
-37.777187562730433
-19.559529882433946
-9.615257927080656
-17.699717606027132
-12.647423771735991
14.297673153336014
-181.566767177675900
9.607952068966700
7.508496420925824
-6.024194179338462
-18.934942595715942
-16.588307100874722
-31.418188636354529
-17.156328589533953
22.854012766522779
-4.748469021270443
17.077456865565786
3.046363434676395
21.335959147127799
-1.236562633265455
45.654730442010759
23.524295621032064
13.419020442382623
-8.746775158761560
2.441380595754809
-19.862975768179869
-1.836396224099045
-31.983251321331348
-4.708430555275455
7.895083439718064
14.311044948048085
30.389552120581982
136.659125074873830
97.662426113427600
1.172099172368530
78.223120319479122
-92.885634161160453
-76.500373077607492
-30.722354236846986
13.399283109803905
-5.546701754809925
1.182742840799749
45.959627042615907
19.056434918700678
-63.972136311102588
10.531243208889693
21.827940940747077
19.739263386862422
-21.773018738472484
3.352168104819889
15.074252672344567
2.200014420432169
9.164649427443020
3.476793037204751
-1.294021507635023
-0.639528992051435
-0.895959951852023
-1.307975773374576
-0.720058794541485
0.136231149390931
-0.936155602270409
-1.306561907784470
1.087727950187195
3.816439694817135
5.661442994528929


0.021725  0.186376
0.023582  0.219265
0.104162  0.182756
0.069696  0.214725
0.043897  0.197227
0.062848  0.501628
0.118441  0.519610
0.135176  0.687772
0.047027  0.433865
0.139890  0.251249
0.061755  0.209311
0.052291  0.093591
0.049507  0.089270
0.095558  0.209354
0.161870  0.247190
0.134316  0.310561
0.159169  0.312762
0.170826  0.290944
0.156586  0.337021
0.126615  0.416822
0.162016  0.540864
0.157364  0.572076
0.200530  0.594182
0.103197  0.520544
0.187969  0.535312
0.199856  0.523382
0.267568  0.537757
0.186167  0.517607
0.179067  0.446885
0.190664  0.443474
0.233497  0.759852
0.185588  0.915433
0.200635  0.893943
0.250535  0.751897
0.283656  0.637575
0.314592  0.590953
0.298979  0.505682
0.262427  0.400225
0.415691  0.325867
0.224173  0.247666
0.387270  0.215377
0.457234  0.245019
0.255843  0.235096
0.404848  0.165133
0.458161  0.105124
0.505475  0.335389
0.268738  0.258400
0.430853  0.285413
0.332001  0.299916
0.236569  0.212805
0.203647  0.254438
0.253872  0.300195
0.467145  0.382711
0.486499  0.318299
0.385406  0.436703
0.368530  0.528698
0.463313  0.477581
0.546530  0.620540
0.544513  0.619157
0.554374  0.730400
0.485054  0.518581
0.528286  0.400603
0.384343  0.528876
0.476370  0.733109
0.378777  0.727787
0.345973  0.347173
0.423454  0.299035
0.451397  0.260866
0.351691  0.159767
0.208807  0.105509
0.296167  0.119102
0.356366  0.155675
0.294942  0.118559
0.372707  0.204283
0.393636  0.237905
0.262055  0.170928
0.381346  0.294952
0.448732  0.221391
0.193165  0.105468
0.184252  0.111589
0.177502  0.132083
0.180911  0.100052
0.195538  0.121983
0.215467  0.183731
0.151763  0.293389
0.165725  0.529767
0.067955  0.584517
0.171012  0.618014
0.129142  0.123971
0.000000  0.000000
0.000000  0.183087
0.000000  0.366173
0.000000  0.549260
0.000000  0.732346
0.000000  0.915433
0.110875  0.000000
0.221750  0.000000
0.332624  0.000000
0.443499  0.000000
0.554374  0.000000

0.327312416843677
0.335356278942212
0.153172695303188

0.571764998755871
0.106812471160443
0.072053730696555

0.966115862136402
0.170073216499540
0.129211565735252

1.263120892750592
-0.120779584111071
0.119623392497339

1.583849508950348
-0.019511175855489
0.146315766669594

1.850681056576752
-0.203115524385679
0.164133891795465

2.258211181900135
-0.122125592343075
0.160647411000139

2.601990169815805
-0.112239852486533
0.086787494012390

-1.383542870146384
1.762759415400708
1.228569714420276

-0.694116508189370
1.409870106100110
0.763278565962430


