0.40000

0.600000

0.000000
0.000000

0.534471
0.821091

629.612301
0.833561

87
10

-1.253844679446144
1.097678080632617
-3.996667960508059
0.639640137145150
-1.269831792256978
1.253431499545455
3.274220972425792
0.269274943268225
-0.851467827360262
0.662794330219477
0.699198148520023
-1.261441444530135
-0.485675489252995
1.132464749950092
-0.093911242855599
-0.018587933917030
0.319054386024609
-1.916992754441605
-0.924220043724662
1.329861004824916
-0.745737537438130
1.399410776040855
1.094588183256251
0.328002892951793
-0.630810154831309
-0.392277350174322
2.458740130402509
-2.539097435624153
-0.687276925416270
-0.811224528175869
1.314812431922086
-0.678437845950592
0.974142599427621
-0.670479686736918
0.839373300275241
-0.632525911824430
-0.234565530185426
1.039336315886612
0.007534992301090
0.421969415058628
0.772562417461080
0.269155472633350
-0.061318162503530
1.403543878874469
1.467664015871792
-7.485187645558906
4.095067827474606
2.645117289046670
-0.153219747833124
-1.711018478753794
1.489086628356464
-2.105594550031189
-0.224708850591880
-0.277300343450115
0.886810578059885
0.156539468737458
0.213047028792337
-1.109032636276192
-0.328453339729486
0.735065879215438
-1.398485722456905
3.319939216443404
-0.346675788222255
3.169983050167639
1.119913506736361
-1.944411280613829
2.524106533103246
-2.779496096317564
-0.279551295432600
0.872722577257199
-0.405773039708475
0.469510574472272
0.449323958211507
-1.193344818360924
-3.434672678715321
-0.285707326749727
0.051979611160006
0.090947067757964
-0.624325227921894
-0.163212109801794
-0.415502952069697
-0.086825428303984
-0.133748658536033
0.108707744753977
0.000000000000000
0.098027161009720
0.078326279570139

-1.908018092107346
1.607828724672417
-7.005471704536626
-2.188884152191087
-0.680662173365019
1.588364354987643
8.453242435184851
-0.372691831294736
0.978149235114034
-0.333061444878248
1.036065386707732
0.576728755718805
0.739606062469153
-1.153355444246775
0.366067838636608
0.725139712794458
-0.772747805771915
1.334995382545076
-0.390439712839120
2.991937674241102
-0.404932220112944
-2.457683372994419
0.901785845936357
1.392785785730803
-0.672590674822197
0.612557522546714
1.544764122271830
-5.820439274164388
-0.364674561053585
2.953195953968163
-2.466760260016766
-1.219389016929151
-0.443144878902175
-0.958528726018711
3.204787985522190
-2.124251789741253
4.389342060029279
-3.496846874397280
-0.139729930352480
-1.033003579690406
4.134116068981581
0.331194854370484
1.883281408011953
-5.472156833595876
4.313518548593126
-12.365861344378088
6.547005558767173
5.144072166562455
-3.816078437162581
1.563409734850846
4.065473023709740
-0.901229693089815
0.979270843128949
-2.322330787959591
0.044183729777003
-0.684010740921367
0.429492828219985
-0.543910908303282
-2.804102397533813
0.306161507839870
0.466879090430505
1.342576574445434
-0.615197562806004
5.648973941671287
-1.444061235554099
-1.918471280928382
2.853225213074846
-0.515470359218184
2.018992459934995
-0.513217311416649
-3.337664530795699
-0.373075800956266
1.699617896131442
-0.646176802026182
-4.493487167861617
0.676543843413003
0.304284751043841
0.039684519874960
-0.115903062853001
-0.020108137047606
-0.619772774220127
0.107984459390029
-0.271363069582419
-0.337040627978597
0.415687016980592
-0.247748191288622
0.072771757667032

2.028780525091518
-2.898694816861553
-4.425226884534073
-4.676466581305000
-0.193263089545724
1.443733355836881
7.947220648168723
-0.544632451801293
1.679888114004057
1.161358095775477
-2.455158259827304
-0.601204648568565
-0.616158307487630
3.179576244177321
1.873001804521300
0.887590348598279
-1.680449998679945
0.291054412137690
1.562530492814428
2.734368391189118
0.264395065766575
-1.888243454798064
-0.563981152445060
3.770930520446419
-0.373219698394614
-1.861093354713172
-0.150323752720873
-3.707764610570569
0.124451493432908
-2.386461679880821
2.473299596040766
-0.420617316702784
-0.964205338973442
0.083999019101018
1.584044621346642
0.307572436319884
-0.191417348223653
-0.857490213652419
-0.522551196063716
-0.902989811004981
0.319529262554999
-3.192256065961459
2.465850543482055
2.188263773699298
1.559584362092987
-7.471062829314855
5.217126885978401
4.091019895107721
-5.089769788128104
-4.912834759207224
-1.807409285718883
-1.883368197928667
-0.950714886298446
1.841711601504380
-0.452387888082382
-0.857610421677818
1.120117577999598
0.462121900104352
3.226185608882133
-1.920377871112959
1.332781494359673
-2.272999850581934
0.937765545817161
3.330876138414112
-0.963353745087453
-0.412355599135204
1.229586103557190
0.707002524196770
3.585679368133117
-1.219122490977040
-0.156377685209904
-1.631931045984863
1.911056007408841
-1.375328465378019
1.664894994393430
0.165476283930071
0.434687406526191
-0.513827385989835
0.398701453845651
-0.284217417109908
0.569200490410005
-0.172116694024529
-0.801145736069563
-0.164816697793921
-0.063459898369306
-0.718459833545621
0.011904072225876

3.808162118151629
-3.010089616105470
-1.813574721429166
1.692816018387265
1.317282354596514
-1.249918086380670
-0.760369070292136
-0.048712029607458
1.213754555032568
-0.538987145880857
-2.246721714408461
-0.378588047163370
0.989194396069610
2.225701154973015
0.402023654166494
0.442666868839861
-0.792438859514893
-0.809607778882682
-1.128418924737755
0.440119965519811
2.413459923770022
0.526845432611463
-0.359469618285202
0.202456573561961
0.654411103625753
-0.854304616971454
2.408379443767768
-2.905607916648393
-0.148371325498706
-4.083403794475245
4.277808157531508
1.660245147383710
-2.376598956354232
0.271468456221672
0.537527391210045
0.054778358439070
-0.068392638388273
-1.007210244380364
-0.273834435554404
0.113167006532228
-1.310699815788636
-1.642509377444837
0.344541458922476
-2.823568016580649
1.895580413233686
-5.201266954704071
-1.369803549418100
2.026617820980222
-0.062419973116177
3.892794725227412
3.988256205309034
-0.525086151113942
0.687080497380334
0.254349062111027
-1.393822700004890
-0.388420285820289
0.892794054241424
-0.657684729674470
-4.645695370405428
-0.884610345452878
-0.257651874324236
-0.687343160372125
0.728090262213916
6.060401204705141
-3.853722397079494
-1.296444932042487
2.559244512497834
1.976861743587140
1.046198994238677
-0.651981613507146
0.755181780661746
-0.436868006354770
0.226781030411399
0.230791566605911
0.489763454906950
-0.606945054381833
-0.109951684603526
-0.458942794689449
0.435845001477025
0.206341044596402
0.358173103042842
0.080817294884168
-0.124882635022427
-0.031279366971068
-0.157331691616766
0.086479580282044
-0.441700870091773

0.750423473073948
0.227376277897983
-1.372180696094584
6.422607014721616
0.346658626916052
0.524621081148810
-6.571278873344104
-1.391328108046715
1.239310914875923
0.499114802794519
-3.256669178341460
-3.278198481775244
2.832833860657701
3.946070506192968
-1.818344649003416
-1.742688348288473
1.588221303231540
4.653504801078093
2.125050944209795
-1.598872863084299
-2.122295529439653
-3.657147566422939
2.502201792198013
-0.788757336470724
-0.315044855422465
5.350637903191762
-2.509697345325387
-1.237222826725399
0.185182893535685
-3.143177125796293
3.565693784019674
-0.256623795220603
-1.879862152453702
1.765440807592685
0.639288764703825
-1.071678912857754
2.058780375505518
-2.238385598630777
-0.105880861456389
0.007299689480130
-0.968713808370048
-1.023549845834355
0.823003551220004
-2.268987227701591
-0.266130585162274
-1.209073089271244
-5.469617314459187
2.130466682244012
-3.216312122699922
1.948013607825906
2.210110726402490
-1.557451344736243
-1.076656469769461
-0.819524478770046
0.104516625858071
-0.782721586439898
0.619756455847521
-0.486509882324331
0.068061539946251
-0.540304621741347
3.449946200408679
0.188765045126038
0.819965703391019
5.503302449094244
-2.904539142678460
-1.185267914551308
2.117885260432970
2.566452457575454
0.729445149665425
-0.912626489843005
0.509693237775884
-0.250440148355683
-0.262253655560625
1.365805702576070
-0.718411300372608
0.435104808066765
0.099335876608025
-0.512357486630544
0.501925106363631
0.173269030404355
0.275349701986871
0.237265041526795
-0.303679452652280
0.212467742221282
-0.984340990621543
0.069719690973747
-0.315142955193424

0.073060985637057
1.580853689743014
-3.038954616783122
5.282443373368976
1.255519456444467
-0.716889600507702
-3.863385934298607
-1.475201586787392
-0.735976537985128
1.073188384110551
-4.348114160220205
3.127488900053533
0.084452830271494
1.932735688177931
-2.367685524356955
-2.749116043833827
1.407890343536483
-0.766284047762069
1.828443983152003
-3.487612904754682
2.702881998682918
2.738431800549344
-0.759399845910325
4.237896720246039
-0.301717350020395
-4.900317335535043
2.977074345928676
-1.018522933926365
-0.000993946044930
-1.117577318591753
1.848128997874774
0.886851521992059
-0.870307986717624
0.105243056038161
1.129782187826467
-1.183854899965763
4.842585478814220
-5.011938217716023
-0.032234734982473
-0.234565341717058
-0.453613872548574
-2.298810047823684
0.883000223075694
0.909757315858439
0.311996518388413
0.000000000000000
-5.219709426264855
2.036045409564475
-1.739916424845172
-1.602577249853565
-1.096609111568583
-1.352511676156136
0.114951801046977
0.782212720618448
-0.511963222980377
-1.645724078990035
1.652283037868165
0.349919028155440
1.850312495396864
0.014094802147363
-0.883452370128511
2.605861525968518
-0.203339806071702
5.948750685916219
-3.957578026810889
-3.846687820732861
4.349703522603405
2.405452497689580
2.476254098442683
-1.161628699526884
0.673669195362263
-1.543419580888462
0.437784938851104
1.492631486286643
-2.796140562085022
-0.001966754633925
0.073915471759362
-0.200268567566010
0.678511089594055
-0.096491615592313
0.923252363510379
-0.153414200521307
0.418873229698962
0.869794620413025
-1.514178099000717
0.000931302182205
-0.114260875009036

1.111875692972791
0.587281326882881
-2.462235605588177
-5.453819639985484
0.377283830716138
-0.558585012880913
6.988506832468740
-1.584582430474646
0.903413994962186
0.334207061276533
-1.866548814677210
-0.217209300862492
-2.305324258450879
2.136198227612087
-2.390341751646070
-1.675362451246057
4.417232060048105
-0.048532602584544
-1.322468090149435
0.943821852084111
0.790645540275608
2.772924249464661
-0.643026052378701
-4.772007551358372
0.215756434374110
7.045797837564038
1.757446246017210
-4.797163466569262
0.174626041407921
-2.532497372586552
1.767596615408548
-0.855755853533022
-0.483005984460751
1.737339328278435
0.045110555748285
0.195235989087160
2.341998235264970
-2.607786858338542
-0.223161522989638
0.455239363000967
-0.374226255130479
-1.911424687007648
1.548002963167076
-2.132955084079336
0.491520715638765
6.773680099660330
-13.342862976735983
0.354577020697012
0.121086840027767
2.654531167413853
3.055707777734042
0.716198958567513
2.075597607650267
-1.628668462818317
-1.408103413531252
-0.321715407402552
-0.151356416031020
1.477979884320656
-2.927081940087905
0.620069764883010
-1.939981099821330
-0.054480428196035
-1.024171595788037
6.066514680788061
-0.697262305345044
-4.558467234682811
6.029327438597509
-1.516315696560994
1.520924998737409
-1.091426510481227
-0.542173422299393
-0.119034223454733
-0.693807839897851
2.165384262226473
-0.972012614592538
0.151428964854490
0.181217081198434
-0.394564992314063
0.270962234887842
0.613120987707043
0.134933938095707
0.194851111423131
-0.019952787712782
0.559911329727580
-0.284499883049579
0.119737544175026
-0.090844776144348

2.905917974900414
-1.067015961034276
-3.680446851414444
1.139447911861073
1.091696763836957
1.196850526391693
-0.045683510003675
-1.193410718373328
1.829065302450649
-2.036229531711393
-0.644149911828767
2.952998681721832
-0.723827960792956
-0.720044872669671
2.563489436515086
-0.240178774887646
-3.982712614256737
1.216848547038121
-0.322454135569286
-2.433410086263550
8.114933319601674
-0.378695514219407
-6.023384604316489
-2.395232248233004
0.034557275016271
2.416004840200504
1.394686849140831
-0.303215457085420
-0.299832955317789
-5.084599312303507
5.322549508139606
2.605912017278058
-1.229477399483750
-1.113878990840295
-0.607425119172214
0.612315349097468
-2.769813005760675
2.226390215719486
-0.114944647185374
-0.492034067060275
-0.984382339359082
1.599766772957630
-1.231019135182642
0.178176202638997
-0.453014824963207
11.104745775984487
-7.140578491953199
-3.105216671593335
4.700472188775481
2.515330556027937
1.304447293717053
3.859233174746309
-1.807543800420726
2.806834900096505
0.308046076375172
0.719627075944810
-0.050390888794707
0.644070199292701
-5.594601006246704
0.367972079075181
-3.267003567630245
2.015901681676511
-0.413662407503917
-5.262623236876839
-0.145460780219070
1.088842657156295
-2.028788119550629
1.181909038807533
-1.043123971929849
0.359444016534863
0.487408308449476
0.092429620734089
-1.393612499633000
4.186294036478002
-3.747799837400471
-1.387169524374800
0.025026691119804
-0.249283978940887
0.060655795464180
0.077951551482915
0.297802428658023
-0.006688625673506
0.053333753872473
-0.023051569617810
-0.025765407167667
-0.547427290508658
0.150919846484267

-4.299853082710429
1.403564929628868
-1.742317289204259
1.549318042045507
-13.822211320769258
-9.592244611574600
4.188747151231997
-1.151570101151373
-0.132849417701920
-1.223291502267092
-3.529578597049051
7.654937137221262
-9.565720529890418
0.687231111922502
-14.919243235695344
5.278445583125008
9.743027517229480
-8.116331454105261
2.197517264342166
1.016833767016159
1.566502184003891
2.079338914776849
-15.663802030281230
13.540951320559275
-2.915465530484860
-23.302390073352875
5.456828734874655
5.155890449045860
1.387816049733591
4.359609876502004
-3.645611102746204
1.589062501903180
1.637462793602763
-2.442402368807264
1.726962720764591
0.235609429558829
3.779567476037065
-8.140531511074343
-12.824811291872482
-4.041728623035557
0.520242849320326
-2.441293800541055
3.727013644467226
-1.963423860317782
-2.360878855300183
3.776750635776720
2.546742758218453
-1.374274782748711
3.529051886451213
4.877473851788939
-0.805312407554611
5.647212033869969
5.312914778866659
-1.565029432066522
-2.996999287002144
1.183034108432383
0.011743799905844
3.458366574374630
-5.306648400899925
-0.152628238417025
-4.188621573483495
3.057045593546516
-1.310063870435088
-6.261702598157953
-3.754020635665009
-0.332738658638787
0.436803698668764
3.972585845678819
1.154368912939350
-5.609933145680361
-7.028834143698457
-6.231144363703006
-0.370910510862254
3.210425716398532
-4.393074605068261
-2.059950075341215
2.903812072038203
6.713509949394739
13.298201616152243
6.930426003158375
8.758224559980253
2.186822917496972
14.238793905109123
4.916492528560825
5.526844774969149
9.602524985384392
3.846781939046202

-0.000539897429276
0.004364690698698
0.006114943471504
0.003827530797956
0.001638720374905
0.003905199978262
-0.001977087916845
0.008301124547584
-0.007589532621613
0.007179682257835
0.019754449507862
-0.010977896694381
0.000097331200565
-0.010262444250925
0.017359817284621
-0.003469942683080
0.012206178416643
0.100589911498616
0.000168195848116
0.254099347247435
0.015906250544008
-0.165411076712998
-0.005258400675354
0.039112535809007
-0.027586157838808
0.194603300180076
0.123872132965106
-0.515084676247962
-0.164489995612151
-0.090919869209203
0.196125305914229
-0.014247815525311
-0.078380551669893
0.040938485219612
0.020797712943585
0.005261818366643
0.002903875918360
0.001491630831418
0.009431906030890
0.003570137114858
0.064096127170076
0.011663385995975
0.016455012181769
-0.068935853980513
-0.023945929812648
-0.228154627723573
0.378627278138333
0.100379597598188
-0.061516219830461
0.109506935063163
0.348168292703328
-0.282603674095055
-0.406287396203390
-0.153399881859288
0.381727421605443
-0.556370012828906
0.533267366486058
-0.306682581895340
0.203168237525026
0.051736250671032
0.116061157997824
0.112138039731995
0.082292161491382
-0.286310395692052
-0.016453922627662
0.066265524959071
-0.104873829022818
0.059488841309269
-0.001474577543329
0.003111821505203
-0.013106600038504
-0.000370505817147
0.138103162512165
-0.661170034275715
0.542061116437759
0.031426220524541
-0.077609629258644
-0.027774970960259
-0.032852342117375
-0.034067375511104
-0.043188743372065
0.008150468879830
-0.018513106499420
-0.016472253232010
-0.003418320750978
-0.004028271387438
0.074259767232825


0.041487  0.077361
0.057453  0.080836
0.057343  0.050038
0.073922  0.046114
0.099317  0.028611
0.052102  0.030484
0.070993  0.043804
0.136198  0.051543
0.145467  0.077611
0.117958  0.092848
0.210490  0.098078
0.229836  0.087428
0.251303  0.075373
0.217117  0.079431
0.282580  0.056787
0.321972  0.114475
0.275403  0.074961
0.346564  0.107732
0.384253  0.065502
0.449522  0.084983
0.425134  0.050978
0.350837  0.092657
0.436317  0.039384
0.504101  0.064399
0.534471  0.140370
0.493901  0.069675
0.491855  0.102115
0.473264  0.079649
0.469703  0.296698
0.350172  0.211374
0.335449  0.205662
0.173438  0.193970
0.227780  0.210977
0.179916  0.178014
0.153789  0.227254
0.120221  0.247864
0.068380  0.233853
0.058283  0.228773
0.034078  0.330828
0.059961  0.550540
0.069796  0.629933
0.108102  0.522099
0.154412  0.534862
0.201955  0.526015
0.210661  0.573489
0.229683  0.482748
0.224955  0.487064
0.299942  0.510693
0.298022  0.537296
0.209463  0.507521
0.381342  0.519924
0.351220  0.492506
0.457213  0.503551
0.417739  0.496718
0.516103  0.477695
0.493100  0.813995
0.388948  0.821091
0.318403  0.630392
0.363053  0.512458
0.293901  0.396560
0.281678  0.562198
0.243063  0.627751
0.257470  0.441210
0.222756  0.474398
0.175280  0.426526
0.222032  0.334680
0.218618  0.358635
0.184860  0.400619
0.085036  0.478362
0.052061  0.423513
0.041075  0.622929
0.060244  0.715580
0.118702  0.740828
0.191071  0.652891
0.215122  0.633804
0.401212  0.632111
0.000000  0.000000
0.000000  0.164218
0.000000  0.328437
0.000000  0.492655
0.000000  0.656873
0.000000  0.821091
0.106894  0.000000
0.213789  0.000000
0.320683  0.000000
0.427577  0.000000
0.534471  0.000000

0.164200773516989
0.373153674420157
-0.006118097825516

0.422129355419225
0.384086239438387
0.175546884725302

0.814132644441506
-0.121443506342473
0.357858209258085

1.195207739509883
-0.235244594732646
0.310221826494728

1.496495402869498
-0.269805216963252
0.409125519390428

1.990360938484174
-0.400430705248123
0.211917961465024

2.435089226703874
-0.365372017988932
0.075861264778645

2.762177011667310
-0.294893551351333
-0.110201932582026

-1.731406601871250
2.083182954720316
1.287549680532807

-0.022266658893622
0.128832344932678
0.079499953362148


