0.5000

0.600000

0.000000
0.000000

0.305543
0.935946

719.800609
0.603730

73
10

-0.373624016960781
-3.223743529737379
3.653302630729867
2.436585789300746
-0.036571395423930
-2.597976675141767
-0.254139405802701
-0.228653893046309
-3.908622906853723
4.213755121021609
-3.697166207125305
-1.489899345208961
1.001865240029243
-2.518066796242133
2.660720851710073
-2.680342967489601
-0.879077996516551
0.001641971541596
3.454790272091972
4.544917313923533
-0.122681373112885
0.006786316854774
-0.007767798277647
0.484606838063431
-4.943113702836728
1.563184720217507
-1.567780537063253
-0.502249538743860
5.330025170340268
-5.544194894696205
-1.443892602610086
-1.204195359618997
1.834599867369131
0.223856817820249
2.742346365433262
-2.849161282869093
1.692694489597922
-0.867844186533830
-1.593468374037797
0.118396614655170
-0.089793501518914
-0.983490081882510
0.595259782160276
5.749316578532408
-0.738114445356407
-0.109133705719749
0.391590688905976
1.094515109036769
1.125142261399747
-0.471135863653559
-1.035362306885564
-1.177695173126266
-0.626802404190038
0.057158708602736
-0.149842056262025
-1.121200956674195
0.193671659809822
-0.340223784637854
1.871013061815000
0.902409176223515
0.063622150769803
0.493430519559423
-0.026781934743557
0.186339241287400
0.069957027869419
-0.092952038489064
0.532315409627412
0.236082310756980
-0.100891812866859
0.154791433847780
0.108468089534922
-0.058757437357333
-0.132747308630111

0.529835233489890
0.426289940477586
1.570581363321489
-1.592492074382530
-1.135324468218897
-0.850161681477911
1.038960918383843
-0.966714621181101
-6.184591287148777
6.655733547655976
0.997627669959347
-0.265011311098647
3.559206044716846
-2.912474561595826
1.436145039183818
1.046105051441303
0.423471795422034
-1.972075209185747
1.439003740583384
-1.562380664848771
-2.649653181226113
0.021359657302223
-0.386258352672556
-0.868701442396990
-0.511597761908790
0.328608534000082
0.534515922839687
-0.296411093900132
2.344396059594927
-2.938359758604451
-0.158825413107397
0.918748206291306
0.257355128923723
2.349539255752647
0.235524223700744
0.854632469558553
-1.419125153011893
-1.332628073008279
-1.210693091356236
2.921747287137134
-0.743016973713740
-0.406709763856529
0.745072545886082
0.529801813363247
1.143410264722291
0.161183859266650
0.194928328363288
1.365702393675202
1.341968499074792
-0.699921582725830
-1.588276773672644
-1.221109241072592
-0.486431746722580
1.493133035747912
-0.686931642185040
-0.785478612523438
0.488046082194679
1.173309390374556
-0.464171821523688
-2.222534224787716
0.152888288885585
-0.365810644623447
-0.124262126437635
0.035284420484129
0.025194223170852
0.033112187270926
0.059078295380672
0.064227967182731
-0.292235867224383
0.288338926214137
0.851418034481731
-0.795245169797017
0.060129750890945

-1.602344731193391
3.442362008355453
-1.260339279741709
-2.699702025074554
-0.356274926406668
-1.605792069876479
-0.141412550024101
1.392852161670003
2.971342945827964
-3.260819899800197
5.507491680055403
-1.036060190344987
1.247918973276435
-1.872994663856763
2.102712825041599
7.377884980331506
-0.925753715772539
1.413046758970183
-2.831983697708579
-2.980588209200741
-4.079767591112021
-0.093342987569394
-0.206329541658650
-0.426814264062817
-2.208765402389547
6.837167272267290
-6.654770530422953
-1.627516279491989
-11.752241749199058
12.160219784909845
-0.291947283150606
-2.156380648471556
-0.443677499254243
-4.754380876652715
2.329363197963811
-0.441106933305046
-2.925610614261970
3.084748429913300
3.163244274064395
-0.751800525664716
2.103333642027470
-3.870754729029287
1.889180750105731
2.346755914246036
0.966971110415895
-0.181690849673434
-0.649978367952917
1.942466214995314
0.853604832559570
1.134901949992475
-1.591207945430161
-1.913598871505440
0.636059077022482
-0.096516789310301
1.858774458243039
-0.441146996348486
-0.077636906193773
-0.602698241518079
1.109971940109660
0.239773322813784
-0.569442736892580
-0.137253913995999
0.212079201110378
0.354224637913820
0.225042985202882
0.484502865807767
0.436478960539321
0.122823702479699
-0.629942766099925
0.687603252909623
0.166900405115174
-0.403275628124389
-0.248141089755231

-5.101056156283851
-3.731789391154626
-1.181717913578938
-4.905408514836329
-0.985656582197239
-0.405938486399103
0.075275739571982
-0.484985038402513
8.577434598477202
-8.855653527219205
10.950533147070356
-5.104334160617822
-2.162762077970778
1.963950007553068
0.253474377719008
-5.866568457210526
-1.575187033583363
3.237723675412642
3.139485538001118
9.055475316730380
3.725377977650902
-0.984921052374724
0.364197531921966
0.663495313020232
-5.522967420852198
-0.224581922254943
-0.927381283139111
0.835262371737074
-2.609270737842526
2.811922661542616
-0.517254802635748
-0.133727851800226
-4.763117675134605
-4.323851308078025
0.030438779652477
2.293712810289915
-1.262582959895012
0.870756238930694
7.377848049220988
-5.399981684405049
4.119203208831610
-2.984689388145420
0.301527891617802
6.765729759605238
-1.472350023328829
-0.655742098985211
-0.138275107996935
0.340299594320476
-0.391661597850565
0.835109719431693
0.314978945880542
-0.318911694529626
0.316590214805161
0.067430752654240
-0.365074166999608
-0.403010733173910
-0.200133950293668
-0.057921235711034
-1.429991382279899
3.712508615494397
0.127631500332890
0.246449746442954
0.062939579378019
0.278759563552075
0.242929002829399
0.483451988660087
0.277396909780311
0.315956399878639
-0.334900832050551
0.949194179030630
-1.076586189074463
0.920418076485389
-0.044925333113920

-2.014435389898836
-0.875854052115019
2.174765110029442
-2.953728545708009
1.521398914011243
-5.270442909036376
2.058402734667519
-2.094457348628747
-9.483372804260661
7.969545388959296
5.506655289953418
-1.230252329243013
1.680153181799608
2.754580973185771
-2.468055585435929
1.086700183056258
-0.232805200973451
-0.962154126585128
-2.519239593388640
4.226694286945138
0.773042134415871
0.363714929403445
-0.876515637622311
1.718827610427861
-4.046830477702510
-3.259609275679846
2.804949311970560
1.072783401630572
1.587680468096350
-1.012033944633707
-1.995988203458512
0.321963295648319
0.658337033627513
-2.497588866348616
0.504683050009066
-2.081297774346098
-0.438773286732583
-0.781670631353495
1.194410234080679
-1.252987772756745
0.314059630518189
-0.813169163063333
-0.163467137088076
3.227321683757692
0.358828400598891
-1.624337540659457
-0.220659513598538
1.674572172775425
0.664763085693017
0.504868483679481
-0.872799983658613
-0.741523217228475
0.044827771782701
1.001266274886152
-0.796469230538256
-0.303519469999789
-0.308208401488487
1.173466408352502
1.216030103381078
2.107988972978918
0.374828757930525
0.390749169732693
0.174904393667277
0.148992364171224
0.151708021489710
0.246966312419513
0.228720840886986
0.259682801975247
-0.661264709077468
0.939571474975393
-1.034397600356777
0.921959837260531
-0.217454754372648

0.942868140050960
-7.218468824288409
1.644389531659358
-3.254037073941334
1.278615819603994
-4.670811471216044
-1.840495766459281
0.801550111191526
-6.595828765609832
5.753522053617617
4.140743777764596
-6.064314805995098
2.066187923709473
2.280052146641100
-1.508842865436348
-11.911213898082352
-1.595419201102782
-0.502682068714570
9.091831702434289
13.585805830467924
5.208488120531735
-1.583205435386539
1.607338059367403
-0.044231335338806
1.502504010688220
-0.610555753345250
-1.532583270216922
0.369272189867787
-3.791971641093587
3.240775854473545
-0.344398237831226
2.092658609894300
-2.811230515007269
-5.369693753612816
-1.927968782279713
-1.545666632949885
-0.012786061935790
-0.429020525212430
5.698897379570351
-1.389390213595880
4.091747547320004
-6.199823834314804
3.110376819580957
-1.760076242660202
0.709150700656598
0.266143297242434
-1.005190968089958
0.633005949782678
-0.173589374519277
2.191447390308104
0.906889654585077
-0.085516570942062
-0.844013049455785
1.061080685401417
-2.741032252870187
-0.152965551757976
-0.139176485987234
2.873088871252843
0.399663928114452
0.160193311425560
0.479391768035237
-0.228708886132492
0.350546656661814
0.323721555431493
0.400621289658446
0.132437804315337
0.313176383042891
0.240300123956910
-1.088799335543415
1.297735107842853
-1.356415417877157
1.328392519548779
-0.244487692271653

4.125101320443968
-6.939766973632942
-3.414417621723088
-1.302015874094385
-1.621316806146712
5.806488673192236
-2.091542271244210
-1.126311628660644
-3.748797404419838
3.707894027743246
-1.021276929049034
-2.450166496046017
-4.287965699455799
-0.482966942086165
0.988905314894502
0.403531069927201
2.372118684045446
3.316308846399601
-3.899441015410328
9.590875927530261
0.064954173511889
2.602978908714424
-0.198577567208156
1.684646713514320
-1.694122156441426
-0.312524770676262
-0.582179780362160
0.009600347747149
-1.849300023535777
1.743192790344020
-0.363994845489118
-0.291953935578638
-1.102346326048462
-0.965294922838070
0.207771448200905
1.567016938261846
-0.578999120295867
0.087549996056422
3.220771769713415
-0.262524185205736
-1.188532234721436
0.703963044478619
-0.609335287010630
1.089143918487181
0.895588936937968
-1.168089890488194
-0.275261614011106
0.110618478897528
-0.670507319154989
-1.264674522224096
1.287972644726277
0.444349822579590
-0.170560158144863
-0.726966799765359
-0.696931983942693
-0.682572743366822
-0.261104829772258
-0.277477949949276
0.147488248395592
1.012227703961642
-0.069557398196848
0.868549828570030
0.270290359937162
0.288675212116857
0.223580744568076
-0.230163010566588
0.486574302163973
0.145243625294683
-0.704621529097136
0.577006038064533
0.170090438254883
-0.330443403104839
-0.306466313467824

1.306324041566248
-2.908779061316959
-2.157778627689443
-0.514450509210708
2.779569129279445
-0.652207580937893
0.014649254079781
-1.716911866087562
0.654516338941993
-2.084805002831414
1.537068197846484
-0.874152306056297
-3.560362308272167
1.892957960084146
-2.128010593320078
-8.100660433800540
-1.535237431150868
3.809834582324092
5.084018673386337
5.620394954851911
3.192396052287954
0.691871554209323
-0.375747648026261
1.807368391830670
-4.746893964788838
-4.220847081771332
3.857138724341111
-0.730839385137279
-5.139691515168249
4.991681504052234
-0.580179090815515
1.913751579879972
-2.715360784884394
-1.129088184598644
-1.241024318908215
-2.262260507281273
-1.260774160553955
-0.103557029413670
3.925066278145145
-1.075465212157005
0.455346295558647
-0.630934792687148
0.024550970031512
5.195167659646860
0.750952107783014
-0.631048729058150
-1.066047877476986
0.018777938812599
-1.097154868551033
-0.249894501005879
1.197599377056214
0.656778408589029
-0.298654183698189
1.570046212225018
-0.564402029511006
-0.523117579568790
0.053109795054447
1.807544957384141
1.055971798065470
0.524401120907713
0.600505586447079
-0.170178797195674
0.118867617876643
-0.231467546937240
0.281437175742174
-0.259125022037705
0.186206458821132
0.185782436968074
0.508865726126803
-0.520844984894901
-0.681338987517980
0.705562322312608
-0.236786684333885

4.490570103651800
-7.174043277993878
-17.178639201066183
-9.664090019721531
-7.083730053698078
19.100381232325784
-4.617890323160272
2.777792635189790
-54.624280993939678
49.203988818287385
0.134915712031479
-0.407644363144584
4.476637472734627
4.809781507305618
-4.722390501483496
15.547844446217818
-5.157182132132759
-3.274196539453483
-12.714589176535039
12.506671099944342
-5.556795046435024
3.281097761418862
2.089597135190861
-1.682011363862245
-27.060359006398095
-8.378951468038174
4.014210408890522
6.184688227490560
1.983870247742347
-1.496363344134509
2.781423473995280
6.269219095550755
13.489390127864718
-2.190747763263405
-5.708919465128480
-3.484795220048784
3.516304751540022
2.460093835930627
-11.438470224982105
9.964744247571497
6.632106266328258
-7.257609301778210
4.384069467004340
27.314387942391033
-1.676861773932574
4.199627176661201
-5.050790729799425
-4.628751458330255
2.339170312474718
-5.211074130010761
-8.179099774454747
-12.215510451322018
-8.352878702038577
-3.808558594720471
-0.214021933083142
-4.882661775575232
-3.123061329309571
0.959950740457601
-5.492403361924053
-11.548179319205246
-0.035354326185157
1.797651445497778
-0.046340104319409
10.946796791948593
17.919469393579107
10.640427013385816
6.799583394697741
4.325876618325239
3.061069441878569
1.613311686742191
1.052120303070130
0.730873998753655
1.539532211778736

0.001416767078021
0.011157800156764
0.000291013535420
0.000361826170000
0.000310411183570
-0.000361724184682
-0.000879396977989
0.002000723670655
-0.005175882684505
0.004905078777769
-0.002160879560887
0.005326968545623
-0.000326136089002
-0.003603541207369
0.000556644580353
0.011675959102583
0.004271736512129
-0.000063895491926
-0.009239436519340
-0.016989711634943
-0.006014235729793
-0.001317177174559
-0.000003044978317
0.001192991487253
0.000221013518438
-0.001367960403517
0.003299071035185
-0.001696248171856
0.002458031886779
-0.002506913756430
0.000382961677478
0.000335408430565
0.000677806911227
0.001453272420962
-0.000396271501316
0.001749422524942
-0.000897525356457
0.000216556889676
-0.001656509442752
0.002992529172949
-0.003274697576472
0.006491985704782
-0.003650796592808
0.001151708310270
-0.000251308535327
-0.000105507649699
0.000501232580116
-0.000501233467850
0.000310040818176
-0.000935879039184
-0.000494668104959
-0.000682252161046
-0.000566667202975
-0.000145241065038
-0.000584830646540
-0.000352175528896
-0.000578071384346
0.000847488680778
-0.001828738631097
-0.001670269689653
-0.000898524283129
-0.000156632183903
-0.000899872224155
0.000064332571372
0.000811066961764
0.000719408019096
0.000703485910309
0.000949367715324
0.000036766082452
-0.000020469443599
0.000105982537027
0.000284748834664
0.002022716232175


0.075269  0.092500
0.123936  0.116867
0.045488  0.128150
0.052009  0.074968
0.053147  0.147963
0.053418  0.130236
0.082634  0.107984
0.086382  0.119795
0.133816  0.094822
0.133416  0.091166
0.052834  0.095321
0.153183  0.142912
0.191431  0.142175
0.184874  0.172453
0.166661  0.173431
0.272076  0.145723
0.223202  0.154307
0.193388  0.131002
0.276853  0.153179
0.127193  0.125740
0.260995  0.138110
0.305543  0.152448
0.222897  0.275731
0.179298  0.309342
0.141744  0.270690
0.197784  0.256043
0.199413  0.240048
0.176143  0.264600
0.105701  0.331503
0.112294  0.328246
0.075368  0.371303
0.066597  0.404187
0.058729  0.533891
0.057681  0.548927
0.057834  0.385122
0.062726  0.689413
0.065478  0.664139
0.110002  0.611815
0.067148  0.544799
0.172821  0.575560
0.198530  0.549309
0.227824  0.539214
0.256640  0.515102
0.140122  0.264467
0.105332  0.232554
0.088125  0.273808
0.049365  0.197556
0.035537  0.319795
0.050638  0.473125
0.045649  0.549954
0.020791  0.482945
0.022315  0.342944
0.034969  0.427049
0.051093  0.649782
0.106564  0.705500
0.057361  0.833642
0.093841  0.935946
0.092804  0.705985
0.044621  0.688953
0.160057  0.560800
0.258553  0.642592
0.189176  0.796166
0.000000  0.000000
0.000000  0.187189
0.000000  0.374378
0.000000  0.561568
0.000000  0.748757
0.000000  0.935946
0.061109  0.000000
0.122217  0.000000
0.183326  0.000000
0.244435  0.000000
0.305543  0.000000

0.209783738226548
-0.091320531879093
-0.099181011122080

0.475753901601405
0.194906915730493
-0.110180353570779

0.898671874908953
-0.222071782417466
0.174415779509276

1.313932426054966
-0.444197418515356
0.089129299446186

1.587750927423139
-0.485334572306547
-0.014351451226830

2.029752370189806
-0.668264591286879
0.045083444461217

2.448852309599353
-0.236376562596398
0.062425708025274

2.735675805371499
-0.197851450447411
0.033564824764679

-1.149463737225504
2.895261198298447
1.106948360276374

-0.000302154735843
0.001717612210145
0.000444548986921


