0.30000

0.600000

0.000000
0.000000

0.656935
0.794125

512.288764
0.452414

91
10

3.361856989296764
-4.395834370063988
-3.814240802878937
7.148250347136570
2.148223677004880
-0.007372857616788
-0.682477737966950
-7.243816822892308
-0.195716977749446
0.158112603147226
-1.630970807032339
0.372107348629063
-1.366898820637855
1.108563241199622
0.881481688190141
-2.066062377378091
-1.957936412807328
2.092749099271012
0.396164239482313
-1.259884897659762
-1.966902500806858
-4.274556608937367
1.280240357191992
1.116496099310591
2.341330952544168
-0.944557236267512
0.532527346501295
-2.164685376314701
-0.349308064593398
0.443271950244621
-0.064727738229171
4.257653834078274
1.961305773467523
2.314834730130685
1.063487234016148
-0.436529101793069
2.906402901509793
0.173558827141663
-0.003904733851211
1.300903870693179
0.021729428000573
0.131684295351176
-0.477004956164450
-0.368015008723438
-0.215629167030965
0.531605862221516
-0.834651040030052
-0.546544222242073
0.886646362099204
-0.671957342726630
0.627562571934930
-0.401358120759213
0.102907917073176
-0.184791760290031
0.503601252522406
1.254832469377917
-0.861726463714634
4.184807156935196
-0.181983059627803
0.977305114958341
1.883186860550282
-1.175050585284141
0.077070560586091
-0.571652768003859
1.337127274994244
-0.566148923745562
4.260531125511195
-2.816308781999240
-0.197501144485868
-0.653578367024897
-0.294107085318210
-1.142373418302068
1.073430643767909
-7.519927529903228
0.460999254603671
-0.166515135435500
-0.252900904258643
0.035471080468927
-0.389823640009425
0.186148930216380
-0.208675720254562
-0.519365269683268
0.064262486099219
-0.198918155650199
-0.066940427505304
-0.089862412517779
0.090161933185213
0.365943822967563
0.448690643343442
-0.636250790340606
0.170716289998787

1.597433293570206
-2.731439861676242
-3.744600966343503
4.812444852965138
-4.662837136048128
-0.085280784118965
1.586933552094261
-4.046361523006103
6.185510212820389
-4.274820191419211
0.432028745200526
1.572461781366290
0.019400701721132
-0.460102783953690
-0.240895954776581
-0.689740504590387
-1.972350049760466
1.615203128816794
2.724332866680248
-0.726375880074387
-2.765940090662429
3.198553034597630
2.172801527126922
2.511468311850339
6.634429873006897
-3.267203439871628
1.085301327702426
5.718425830533854
-1.005588761779274
0.776685531353862
0.544876161589575
3.678182080116466
-3.559478791457143
6.837970269292988
-1.191962475366288
-2.168212945204283
0.675170665938224
0.032907952462019
-0.715864885242044
-2.180531490220244
3.764340714956462
1.035578922492565
-0.828417418159791
-0.389196564106550
-0.288663442308308
-1.427171562684942
-0.515984242768714
2.604879957901656
0.351049613330991
1.012507237104362
0.448713452830865
-0.915618776951404
-0.134405404039157
-0.232602597193554
-2.069230268865915
-0.817117870289554
-0.935793443956764
-3.455335086068584
-0.059138474531420
0.772987341011112
0.096125114624375
-0.765244955153537
-0.171904235015646
-0.457807420071274
2.263388171037248
-0.938991209674807
2.571818884209289
-1.933175602742550
-0.226133416951191
0.114625732652739
-0.288601815087042
-2.198386735936720
1.045848905683014
-5.590731333415144
1.155081793608189
0.295269924058162
0.199415038155495
-0.004744757056831
0.650758795554027
-7.854631292190402
0.009837350076561
-0.129274180851081
0.069653430305406
0.209835928296300
-0.754812551003905
0.416390810589781
0.034098722864245
0.381008889597798
0.295134076250325
-0.405859328575858
0.067691995466805

-0.209500607871222
-4.538894893805411
2.041160213296377
-17.658994895629924
-10.171440305055757
3.514762933862685
10.959095825415099
14.119978298862874
9.956311555322596
2.791729188805953
7.755296681502674
1.016357478948809
6.289919898183192
-0.532392201163924
-1.514573320014859
3.692126156501534
2.088887424194815
3.983602141434952
0.949717688653193
-1.867157922102681
-3.390373662476604
11.753204493587484
5.205153414025619
-3.477076716467141
-7.498898405170432
-5.569945955163962
-0.244504848806306
5.276583573003316
-6.496851263460857
-3.291556052315108
-1.045097255051843
-9.769735429899480
-1.553549529699228
-2.337827277439280
-0.696771340430430
-1.574726053769992
-8.245775350580681
-0.071193923630610
-2.613468226599598
-7.571783039030794
6.186962275445139
2.161469431890442
0.019759089600743
-1.609141733094920
0.160918976042727
0.300233170374136
-0.726188638177455
0.647160816176524
0.617672211304429
-0.699969150851015
0.868202560010222
-0.134788887134487
-0.038581202504862
-0.079753506876584
-0.941579510074815
1.047190159703861
-0.274757304978689
-13.708601037687862
-0.206631005250579
1.914374826856547
0.825630897497182
-1.245470142994460
-1.037448694483603
1.098146082540711
0.200516455853765
3.447489731339484
-8.336758443892480
7.808759958417518
2.073705139155120
-0.208746790233331
0.694494188315309
-2.215887492424733
-1.637701584577695
15.822243025371343
0.875705638401568
0.567677896229244
2.347423131004487
5.011537726492764
-1.713306363942627
-9.681524607058975
1.280265630350488
0.351187047871705
-0.868354878657336
1.404109240339038
-2.066768024938660
1.154142060938032
-0.690094106850675
-0.327243761358955
0.234107822549455
-0.018315218232073
-0.105271601846282

2.015617443016345
-3.515550106352872
1.005390549763923
1.232579507740519
-9.188531066119534
3.490779090378949
17.262100080981888
-11.434795659549023
22.127989611432731
3.338770270032821
12.476723101859772
3.671869504074852
2.926129197625830
-3.345643291091777
-0.682468536137237
7.895444111064861
4.432569319130851
1.595680084946100
8.338798927316102
-1.696094326062011
-4.882805376293786
17.803272871003621
-0.132516716409134
-4.513611679773674
-6.376677975671783
-6.247735738425932
0.554156584598829
4.706459125625861
-7.451429581777307
-0.446783732901464
0.298385140862564
-8.175563621125749
0.975208956592350
-3.103106714843934
-2.395124468618358
-0.497656075868468
-4.848860355874178
-0.300722692144504
-1.916078092179926
-4.259895231472984
1.748111159771395
1.371576466519636
0.088638880765466
-1.343042613828668
2.668626506207730
-0.405631151564667
1.274161858551806
0.000000000000000
-2.597266394611446
-0.483369172389942
1.138722288085750
-0.335563044549584
-0.443202738010106
0.086962102724904
0.075798322086553
-4.320212067454398
1.786564125464186
-18.339549749363670
-0.048293539387828
2.795215466297958
1.888722130676420
1.515625329052318
-0.565788630998876
1.292635929445868
-2.777316378486895
3.057819029671792
-5.138945987306158
2.836993265694322
3.606329725572590
-1.522119956961149
-0.984080574131059
-6.345610288276214
-2.790348451481783
11.801618862032186
-4.398761225470166
0.724253956640076
3.899609717565903
1.883941454242275
-1.767048871471596
-22.150905280179110
0.640101257254445
-0.276885197349086
0.458959275366545
0.662260320240414
-1.168844594682103
0.748173535090318
-0.644690874996098
-0.054406979223088
-0.166083342300733
0.359613782609250
-0.079340128681288

1.605063851413289
-4.436930524345187
-0.616141504298138
-5.191576048015647
-7.097855661755850
0.739125074129283
2.189076409555928
6.611196705223941
2.867574830946977
0.336588153368714
4.163607728801798
2.740310362177998
-1.322816927610140
-3.830377908464116
1.177901535623274
3.001149356703098
3.326614488605617
4.444457852377997
5.026492957218422
-2.357160943618186
-4.822637911530690
-3.388080617185183
0.700732474330446
-4.886685432745061
-2.395647051477805
0.654001288717654
-0.523707979787058
5.262512131290099
-3.940467696632003
-0.809590520848074
1.521297811304339
2.678933706831364
-1.354351121323534
4.740185769104308
0.260046273509556
-0.720899025624189
-4.040459417899721
-0.102241121115961
-1.285798834798442
-1.648028210949558
-0.081683887821081
1.134063271316267
0.399273375231443
-1.736622419575415
-2.151713305343159
-0.211029663759160
0.115073826380162
4.029863823729842
-0.271038790262092
0.498436866551903
-0.888180300157874
1.035186431502555
-1.743463535855784
0.976660304650881
-2.948485215290408
-1.846628496432748
-0.693993778298868
3.070711905763351
-0.821123572575590
3.699624096844349
2.200805331072336
-2.117676305476643
-0.139733624786548
2.534171771504320
1.426032888675583
1.162011805365337
1.433858605590258
0.459995825628867
3.716513617817432
0.591995238327823
-1.127939460893792
-4.214955831819126
-2.528837380934772
-5.318941916268371
-2.945114261370915
2.091846662327249
1.453408114848126
2.917140773674134
-0.504244729238855
-1.732290258694741
-0.186063823692255
0.241065240751166
-0.365433861949978
0.617860849198787
-0.962891295659866
0.528843507019164
0.286128163704802
-0.266353824039637
-0.288841593973001
0.241031109206670
-0.043736693116073

-0.358997316249741
-2.027996489353092
2.988862258573283
13.128885545493389
-1.859994399550278
1.433726004893290
0.212953602815587
-11.690064155300217
-4.215221857065039
-2.604877124962921
13.354629282162362
2.237803201051876
1.798417892554277
-7.389064191423032
-4.052365554269815
9.875533808971040
1.573823144133774
1.506448855280349
1.867080800953080
-1.094182237186057
-2.605945437916770
5.560913495655855
1.922372373656680
-4.140086764133212
-1.179135755270324
-7.059429513611100
-0.751145368769571
-1.927459040280127
-1.683445315622045
-1.890147119762067
-0.404504191273625
2.683639286043621
-0.938766108038436
0.454737632928668
-1.833408692683874
5.100190215028006
-1.249172465137241
0.034544938660308
-0.934026839354675
0.538448759419880
-3.379880226206315
0.133017840013013
0.779266706049513
-1.528971088543585
-0.272615086824105
-1.113428885694487
-0.460495825054401
13.770240142950563
2.159987766481381
1.105587403636325
-0.845758913519924
0.829385538982005
-0.651643434761696
-0.052708155190212
-12.374614204834455
0.500486435406646
0.968440639581243
-3.372770335067670
-0.982342825052733
3.643184051364812
0.229537284983233
0.357389175466374
-0.342422371786536
2.072861316788148
-0.568391796996059
-0.004177499339494
-5.204158032070079
3.005300205222652
2.322413403208204
0.959231754665341
-0.896845381429762
-3.675229343244300
-3.149177969724554
-2.416110383565573
-5.527293734823860
0.450074599305718
1.315363377108340
3.364573700443594
-2.294631138438976
6.144874543046174
0.314393397724198
0.303648641785133
-0.465489388413612
0.626774889797394
-0.526961019239235
0.351428805063566
0.208733114605336
-0.138910691521720
-0.399372852685821
0.335880613363767
0.008750091258823

-0.924617586044536
-0.132706238572144
0.981320376280824
-6.720648364223568
1.981047259650914
-1.357290103595904
-0.715871422175936
8.181814639847691
1.145489641334148
-0.085777799344018
5.178523815435175
1.566716015849587
0.977801914129616
-1.816187812222713
-2.345067791754743
4.053221960988775
3.869727680175711
2.235713117488132
2.139413569269036
-1.564867948916995
-3.243356262201775
0.804175891517968
-4.797186156343324
0.024233636419298
-1.246609789325188
-3.088729323790960
0.540160574674080
-1.650232196946709
0.333065393112262
0.160238922678854
1.027648442089056
1.241264361872726
0.835742431252861
-2.238795628527333
5.548103458520781
-4.383200790775826
-3.136601990203242
-0.232349818665401
-1.212048718608930
-0.294048452515417
0.062091932201984
0.564155102541480
-0.029451979708372
-0.117021934759230
-0.015583883113365
2.325024531657426
-0.163793393278715
-12.769937190473453
1.469797429316148
-2.864191524247256
-1.456992329902118
0.639763783398425
-0.385462975055899
0.806456649039272
13.195719982009921
1.168661427364780
1.225477429977737
-3.589546013656188
-0.153835413327503
0.026126584346947
2.105137853226019
0.701712950068794
-0.596797886334675
-1.747320549420241
-1.789968957451230
-0.221706509353154
-1.024986819644399
1.860052170986657
0.044818443606630
0.137115822621323
0.280170577938256
0.576903725649643
0.434772724849416
0.594717426588281
-0.995316042295036
-1.124477230359314
0.827438568514693
1.374517848614038
-0.696879997051137
-2.159141935953360
0.118554369905969
0.267529039059931
-0.183063405903206
0.611708070964986
-0.412501265358752
0.272617795750326
-0.059606157282417
-0.558169211095297
0.011998791386602
-0.100111691271518
-0.126405645473196

-0.522920998940718
0.324688139692109
0.000000000000000
-8.627273547275735
1.638849083095910
-1.125470856577151
-0.453029027379609
10.294312584403032
-11.072142175947590
1.599865108518983
1.747014760848491
0.921764182357072
-0.646492230640538
-0.682647888922198
0.358557956713594
1.048147917764282
1.771062566704660
0.128038094588846
-2.531806596847037
0.052881729303998
0.450442322990116
-4.027109306842339
-0.584872545751717
-1.919060721176792
-1.880584693002731
0.000000000000000
0.503618565120166
-0.886682976754654
-1.648185319693701
-0.153676603643087
0.175679864104225
-2.887420246449762
0.915627725367800
-1.549350100323328
0.000000000000000
-0.576609190648633
-1.136926662234513
-0.095484927415387
-0.644878726779696
0.553545069820990
-1.838515405338996
0.341994633680900
0.384273664942521
-0.356639142470985
0.451435022019236
0.483499122039580
0.210930932149732
-7.417757977616247
0.047079350471212
-0.867309021533362
-0.995122915655604
0.567522787050911
-0.195475996362942
0.261416500047184
7.926285563296023
2.368978107597447
0.619612437565124
3.598851707376592
-0.031992844016017
3.764585569548556
2.667299115893770
-1.255018924270206
-0.343035521897688
0.266574519558873
-0.568323940688837
-1.500725223746793
0.314318739378369
0.000000000000000
1.204802816829490
-0.717669905878908
-0.760768861126218
-1.927293329364897
-0.666645879711345
4.603985807694559
-1.282484284527561
0.569570537984034
0.843132224398249
1.078484031431252
-3.584125140095599
13.107203524412522
-0.026128300538161
0.066248053889512
-0.016415887314726
0.272455555214163
-0.255229826100787
0.127809183053138
-0.153485956209978
0.032002099721243
-0.222115553353169
-0.018407701216647
-0.011130705937090

-12.912361379020297
2.838822459152798
2.379194235164431
-6.202402102164308
1.999791235374369
-2.457909338254785
-4.131914661803415
-16.767752426787077
14.185546447968891
0.911186018660220
-23.258043414058879
-2.543294128282147
-3.310356074074187
18.369259664099992
8.877771031262995
-10.924673116666561
-4.110957768640546
-4.656614319934582
7.870331497463105
1.686560617106303
-1.976917205689241
-16.829111808368477
10.035467759186568
5.098175850922265
2.057856982616596
4.668840645084758
-0.294958070835635
17.333199947304909
-7.327430619030363
-8.184617876942172
-5.073600103933479
-3.060795321823851
7.860477142531769
-6.301876627677970
26.085398822418675
-26.140820450906439
8.582886407623345
-2.412739011487743
-3.365838217663550
6.104538009400422
-6.797316053746252
-0.292348571847568
-3.595420965677138
2.745913200514245
5.829471477225280
-0.879898555007151
1.245255788414695
-16.041858608153298
-8.337216655385955
2.178186408393232
-5.620035610244930
3.840365827643888
-0.397470980937141
3.679632357508037
14.907546575250315
-3.969577100400814
2.349712682491350
15.095486417305302
-3.672547868402061
4.195175583870045
-3.964058995073571
5.612721202287455
-1.441773301678128
-1.310495641766017
1.856998049556490
-1.190885238676151
-11.848742240321744
6.324742932953491
-3.522829883290416
0.484633969670528
-1.764224556537677
1.937726283607502
-9.687942340548517
5.158323381503707
9.632388143933282
7.067612821233820
-0.082143595496446
-0.089147123345147
-6.953266078897497
-15.529373374239849
-0.368816063194873
6.092149372462933
7.780275800945381
4.365895956742246
1.247468149411527
2.022644697191940
5.992573389877467
6.133945735836607
2.900733791809253
0.846770713888815
1.132717955084705

0.001578671156516
0.021143255342702
0.002262305717154
0.029342704418375
0.042923089794535
0.012442062898438
0.007033448494012
-0.023763298884595
0.142878987448557
0.000249009359346
0.048622188795067
0.023893396658380
-0.001326269824878
-0.046066049726478
0.078315463608128
-0.127686138336437
-0.013777818530321
0.619613362868708
0.581330693573931
-0.263948677076489
-1.032960573620180
-0.127506509567878
-0.000891517162056
-0.056915502751431
0.009495271519961
-0.034082833603985
0.111258953721962
-0.084368299512966
-0.001012814658420
0.008119110950669
0.001085330162754
0.141345120316523
0.003277856725581
0.062495016028563
0.021159323002342
0.023927836353648
0.001544103949784
0.032783904734678
0.001445587026021
0.016025375069884
0.009394935146615
0.030703890563675
-0.017400074309526
-0.204205853667230
0.014155209827508
-0.061286358232477
0.078916968189105
0.686574371389702
0.095260002419407
0.009904261980523
0.055429378223709
0.013686787337470
-0.247587893510097
0.109335307223613
-0.521114592110081
0.092436721508046
0.042852746296799
0.233080723774512
-0.145375302810369
0.197578031698429
0.161957344444852
-0.145511641365576
-0.018194503181666
-0.009132847197025
0.388120217047004
-0.000446456283720
0.002629949266975
-0.009055745289157
0.069527053442078
-0.013394477022163
-0.411381340284449
-0.437407231740330
-0.005722042368610
-0.217444032611615
0.041285065102516
0.030230674285945
0.041971095535982
-0.027263726498624
-0.035758016764043
-0.115273422910421
-0.019897689444573
-0.009682302924979
-0.003986527259953
-0.003905877458566
-0.011626001750835
-0.005039189326544
-0.005798213482911
-0.004411429957012
-0.003702093479679
0.014155722220295
0.060533298402383


0.055818  0.291771
0.082145  0.292709
0.067927  0.131777
0.149678  0.113983
0.115051  0.119796
0.099772  0.128264
0.139023  0.114396
0.147282  0.110155
0.218280  0.187795
0.186979  0.081450
0.218593  0.114951
0.250878  0.157650
0.078655  0.090054
0.229465  0.122212
0.361290  0.155430
0.368136  0.165134
0.274884  0.062155
0.547710  0.179171
0.515830  0.159360
0.535894  0.148977
0.526841  0.170285
0.368111  0.217187
0.258682  0.079493
0.239462  0.201813
0.191432  0.098014
0.203825  0.122441
0.311118  0.213309
0.119813  0.105677
0.274196  0.100611
0.237399  0.049012
0.119964  0.052996
0.114161  0.172445
0.094639  0.190154
0.094098  0.168507
0.134633  0.103079
0.127978  0.092133
0.139196  0.088773
0.143424  0.794125
0.071586  0.509382
0.117200  0.417807
0.114433  0.396457
0.142424  0.589703
0.057963  0.432031
0.356658  0.504059
0.302463  0.339542
0.222564  0.363873
0.390605  0.317606
0.548417  0.412225
0.327389  0.397941
0.191906  0.354276
0.481464  0.424196
0.508819  0.377796
0.656935  0.400753
0.640252  0.479632
0.543532  0.410541
0.497709  0.147763
0.502585  0.233258
0.364591  0.211510
0.569204  0.274368
0.329546  0.293995
0.410415  0.238094
0.436943  0.209738
0.500053  0.290524
0.427060  0.161409
0.472823  0.239994
0.267584  0.183444
0.068790  0.120632
0.180161  0.102610
0.269104  0.234695
0.167681  0.209513
0.450964  0.272180
0.332455  0.255416
0.391950  0.128528
0.108375  0.167042
0.376687  0.182836
0.361058  0.392065
0.201834  0.454367
0.083923  0.336505
0.324450  0.312208
0.221703  0.187615
0.000000  0.000000
0.000000  0.158825
0.000000  0.317650
0.000000  0.476475
0.000000  0.635300
0.000000  0.794125
0.131387  0.000000
0.262774  0.000000
0.394161  0.000000
0.525548  0.000000
0.656935  0.000000

0.194630571681959
0.285832539984456
0.012864812882170

0.352506630502738
0.073753762569215
0.011855361779484

0.773723539230921
-0.169987982458781
-0.197418199838613

1.201555316306616
-0.267788270902259
-0.099122236872581

1.596468229893630
-0.179827728598666
-0.240506939056011

1.974251606447566
-0.148978888945363
-0.145950415678895

2.412148781617050
-0.166459180612978
0.003165396341595

2.783819829591163
-0.080716209469865
-0.051808976683425

-1.428750819128098
1.576158085199156
1.478932432430978

-0.008807711458850
0.032178395356924
0.017856113783214


