0.230000

0.600000

0.000000
0.000000

0.448696
0.859779

674.374125
0.589472

94
10

-2.613231810088632
-1.513464369196202
-6.706014465260870
8.398250674738470
-1.492936756399107
1.142277499826256
-0.524107078854394
-3.428031096123572
1.585631390195677
0.375715951723264
1.177866313662548
-0.111358180307640
-2.183886830725061
-1.779321282626265
2.913207219413317
2.897376431549268
-3.244132313496079
1.395631808859964
-0.249423221985776
-1.317379501353173
1.294833379713157
2.224173034614117
-1.799779059755930
1.283442705882583
4.606232132153386
0.997447350358034
-1.905907112639805
1.695238953986713
1.857106839876016
2.689961911401330
-1.362944647538140
-2.872574406573305
0.403458199963302
0.324735710786241
0.552832202510049
-2.968316529811351
1.968876197565609
-0.517597739961749
1.263415984913104
-1.088374627760737
-1.575454339309777
-0.230820790103834
1.603615554011967
0.588963525000679
0.044535159714743
-1.694489611462186
-10.277326356568718
0.649732568572871
1.146906991715110
-0.712230534534409
1.651606158143578
-1.368776183097441
-0.124012227856849
-0.775007384013409
-1.248270650530109
-3.452233926545044
1.725199221566768
0.180966226213318
-1.259625833578431
0.470181845668486
0.764093273885869
0.725614858269493
5.202700396478768
6.276063085323120
0.018349344906134
-2.709204080076380
-2.016183105206154
-0.801899751801540
-0.291212693544100
1.013509837202546
1.210825982455416
0.390289297269645
0.472868444902168
1.170655357978373
-2.376271292220878
-1.872087042766579
-0.554032189819084
0.825504537021227
0.641113571609158
-0.520743095768829
0.809585378642239
3.525534385816476
-1.371008168251826
-0.423054354580922
-0.009764433525702
0.550820193483110
-0.448696494206341
-0.248934154543062
0.094200527700563
-0.990944916608345
1.322257148850070
0.201869422400717
2.670092421417154
-1.964301983084137

-2.932505357524317
0.091142352867923
-0.947937540825397
3.740054339329567
-0.915602185975905
-0.321834322348050
-0.779433181929705
-0.381265032681325
-0.805145144623150
-0.430757558706604
-0.638927981931410
0.740275222300268
-1.225754173190132
-0.595041200835635
2.372240033813320
1.549355722377109
0.672902190633535
0.287732602965887
-0.358369668037138
0.147316707148084
2.742720478827878
2.336511143526420
1.935455795174987
-2.187534993670218
0.819357492993873
0.050280871330416
-1.223335865941723
-2.708124532454534
1.589667374275655
0.127647198666059
0.149388522685976
-1.280596432742091
3.361021086527267
0.372472584216019
-0.184591942540740
-0.574611425098814
1.044546577002238
0.365034640932567
3.001760890061569
0.409637279783072
0.165779911083794
1.227326666479699
1.463937631238782
-0.200711260004050
0.217591272680823
-0.933848663055981
-7.697018727957341
0.215065332274690
0.464998416052952
-0.394883415791687
0.328679666714975
-0.144340209147095
0.171158094476284
-1.626005655542249
1.483283430038862
-0.425135000761222
1.454462784529380
0.088844410230964
-1.009056691081186
-4.078111257433776
-0.025915539389096
-2.514789610888721
2.605740203158289
4.400120704306512
-0.403787860374554
-1.460702391588523
-1.136499500551030
-0.719317867500873
-0.214047687431262
0.022553724387892
-0.802858787793740
-0.039735260169300
-0.653370886117021
1.948642925956211
-1.337480213886825
-0.540582481575507
-0.372610354447524
0.357210410392639
0.505397400731066
-0.357570970242395
0.124855324895681
1.325970903273771
-1.484115649672622
-0.171351923010004
0.036663118559158
0.539741226047889
-0.168237721559298
-0.422835767529340
0.022681643038707
-1.016322994969127
1.133252060990075
0.114588030837664
2.036942537507072
-1.519396016135265

-2.791512562848387
-1.148285419138224
-5.656790239795485
2.990204851449188
1.677694963946419
0.611634673243644
-1.119718521509130
-3.546331944432302
0.161597863459063
-2.302523522146509
0.360375077613145
2.567000777542112
3.913032209809077
-0.434910348720586
-0.144668531764881
2.325543638205938
0.471282441604889
0.202132002985203
0.730269673586861
0.332911312489483
1.490384456520205
0.163031142265887
0.609995030590221
-2.296685681225102
3.613273481686829
-0.430661309918136
-1.662794752824772
0.129838367623115
0.676150394662591
4.841160395914719
-4.484223327642360
0.188932934109966
-2.420587471960121
0.009695140259917
-0.481304941463340
-4.049008600513822
-2.024980547076245
0.245976502542871
0.240150452122194
-1.257943112818399
-1.474572866936695
1.184559081928217
1.888524859564190
0.808277383949388
-0.487378159898344
-1.987043128821786
-4.531512397274587
-0.390433018506394
-0.339467368789879
0.698697771782251
0.028529476781065
-1.060615987052072
0.215262221330682
-1.919165903469333
-0.553547874906641
-2.086512950104814
-2.092081862059093
0.062717463515956
0.191249471322096
2.848923950360903
0.035687274606859
-0.168963834111293
4.902449818864506
-1.496587731292678
-0.427439040004095
1.780400613250620
1.772747326794877
0.019467324445355
-0.184555264380084
1.261260168049795
1.075309982693559
0.680845359215694
1.030263468475241
1.119685415157581
1.250494257487100
0.476977932081795
0.672554243385882
-0.229659482728811
1.252864783571442
-1.271199796410198
-0.206268017231385
4.796556588525521
-2.296784579472416
0.011433918349594
0.639024761970490
0.204569888239038
0.055015942780838
-0.337747709412307
0.018421818027322
-0.476630949672173
0.365347090990051
0.089645737036473
1.365123931891928
-1.084058350074744

9.564393478920982
-3.516809973392634
-9.352125913106029
-9.690238236971542
5.918764130773952
1.823955109744578
-0.163676807764306
-5.492689819541151
0.330900625818551
-1.097730793071722
0.185226365169211
1.852190583561588
1.466353670242809
-2.069282521132454
2.969340131289052
4.287111520589928
-3.790344126395407
4.611368091866241
2.818954776933171
-3.805941637284772
-0.843257396949084
7.058066405119997
-0.446190669552140
-0.707016805511901
7.417533867569600
2.168208885592219
-6.585970466814788
1.152346672845887
-1.078395920818536
-0.921451560139554
2.402907181760246
-4.461125349534300
-0.214209670105151
1.091109677249239
0.075549523108301
-5.980601253143989
6.009327323308733
0.100721719043393
5.754716846777154
-0.993975784871803
-3.074394012182514
0.444612240312471
3.599252363589302
-1.017933928035829
0.304220785624034
-1.449425452503829
2.731934359572997
0.527551231848183
-1.129363211080336
-1.012253720422208
0.766479462494828
0.308336973373098
-0.320827168763300
-0.162062543343108
-2.238346244345997
-0.309435516128645
-2.972237629488939
-0.101318249684586
-0.100933006140310
3.144308879698882
0.119988293000850
0.589892597629116
-2.040991002043418
-4.355755997632550
2.220581164814139
-8.369295447034933
-0.112690589059785
-2.645611951071913
0.382237776002274
0.904588699071737
-0.477859483854386
1.431149419453342
1.295090797180184
-1.815048697255323
4.055125773661956
-1.030338727186290
-3.514416296590722
4.324830286467491
1.065291356469921
-4.056396080133295
-0.728507020592749
7.542715964360793
0.033209152874980
0.232055231322511
0.265567787313385
-0.041683227554697
0.030865390092434
-0.334052848979106
0.143951268583044
0.422924496649490
-1.197225312739619
-0.089764568728431
-0.394154869414353
0.357549180910830

1.777771645531773
-0.942546888097795
-7.069865876946722
0.619347599497159
0.379076225784104
0.198119705198879
0.457059944796996
-1.860951754686736
1.175442470861715
0.176339968916077
-0.057308036295964
1.029214278403123
0.818716155896086
-1.457285577716219
1.564085025721283
0.539863258658935
-1.729138547021938
0.720396215786809
2.978116671061315
-1.880059202047436
-1.159517789788061
3.552328760704515
-0.824476976847825
-1.288935206222887
7.988837056732001
2.277544234970768
-4.271963459393796
3.373595584196850
-0.170147855634700
1.309714916467514
-1.204377995900625
-4.135788879507797
-2.194199436193410
2.795061195545575
-0.934824089132197
-5.071685226001121
3.189733885216682
-0.380963659240748
0.067012969561177
-0.578641592070850
-0.896877817154958
1.364727789425632
0.553151327203920
-1.765878468512145
1.266950393192035
-1.155854677803123
4.510401111439776
0.341098590321784
-0.431575308808272
-0.574250723368610
1.412115512726772
-1.416649533423650
0.017470345849455
-0.502360293383792
-3.414624955933150
-0.107174748341151
1.973614523604686
-0.019888326590144
-0.160637598742652
3.952028018602279
-0.761755368578130
0.559508208229615
-2.870332407730414
-1.987321337432044
1.214548807998633
-2.777378682055747
-0.240893796622529
-2.214185102190936
1.032353864856232
0.816745014315549
0.785840948069121
0.095709991785707
3.346414232262950
-1.503265518134666
-2.525428998503454
-0.033291778738311
-1.764498373417597
1.863625434695920
0.274606927243145
-2.094514440648764
0.585829937746393
5.105842820323964
-1.268844943845338
0.049969139866196
0.714806377278447
-0.460494718379260
0.002578711822450
-0.375537715393349
0.164517923329824
0.574769744834034
-0.959731877228499
-0.017651453511944
-0.478059584844479
0.425033102433606

-0.686925067724630
1.570673572490207
-0.812957922117782
4.433074970617619
-2.470789838486544
0.636595424881097
1.275368875127818
-6.250618781963415
4.573322474485040
1.516634574578596
0.187248512050274
0.132123004523903
5.812102557880508
-2.337089849194182
0.366033932691203
0.909036538377548
3.584833964251180
-1.864504866464504
4.878385412206654
-0.960189864164217
-2.803696915867056
2.885948659920683
0.909362739186776
-4.542243364889515
10.135858063165488
2.476249129737077
-3.177719757685023
0.463633207264128
-3.268354706142616
2.138587097321662
-1.681649376713704
-3.632355162565484
-0.657824450713038
-1.369754087013690
-4.321543150163848
-8.207670649822761
1.455713011083104
-0.998445223526627
1.521134868540353
-1.240483209652995
-0.544211192936702
0.670603431671786
1.642452725257106
0.063294759105601
0.474548991724285
-2.457124677146011
1.360610784948098
0.774543964056173
2.526179103512594
-0.734216622086306
0.533220454190493
-4.156258480215752
0.471431705500358
-2.780207055354877
1.697222589967778
3.554478721517379
3.237871181154171
-0.035957831105585
-1.031648703075463
-1.098306708208606
-0.683485841142990
0.019174331743443
-0.111778633545756
-2.299457887863161
2.289089315436685
-3.295557628987235
-1.979420710372881
0.183616963342031
1.912237493514034
3.103403908404262
2.487529424026030
3.066623295963375
3.014197749771685
-6.543833045190189
-3.095535997729022
0.772723425936179
-1.359404341556390
0.512211094001908
0.765705132516794
-2.920673052753945
2.606008506124576
-3.098956537720674
0.937116393102091
0.317287109591041
0.107335985599092
-0.774641377744739
-0.467353242280980
0.194366612517057
0.010509851419099
0.726561627865236
-1.065325281411240
-0.005706785477586
-0.192297844707687
0.122098460444189

-0.149697730519521
-3.814462454107232
-1.300167564108422
-10.432781834722231
5.029224688855170
0.111095689032089
0.668218016410875
-1.267435467456766
-0.059928765756627
-1.931393250815149
0.140076820345633
0.845777368270660
4.060454916598490
-0.281036481927170
-1.836415356690923
1.076545915531395
-0.699820901393315
0.756955796508739
1.693594385686080
-0.187197967316482
-0.556246540254436
0.103115981182561
-0.192745374353294
-2.390427103247216
1.707349341986251
-0.422118900761130
-1.727749334837866
2.632649159693208
0.301419028872277
12.161856200688526
-8.792522493838330
-1.549649603131809
-0.004477614082413
-3.382619340998847
-0.370327038038303
-3.128697458791120
0.412907004801316
-0.782004163741571
0.316083799426311
-0.329031026041515
-2.070490525327058
-0.109181020698621
2.989549584998086
-0.381268203101745
-0.403712102682602
-0.683984970252633
5.239637932373035
0.306830625133707
0.594873582598041
-0.494108898709523
2.622689794007596
-1.039196362939655
-0.215092701279470
-0.244514269675493
-2.848336282663890
0.257425022196769
1.768052577859915
-0.058306480462267
-2.145205361704972
2.944720565294736
0.761946021218210
0.016934175740455
-2.995818163737718
-1.778812769011711
0.055938249856780
-0.581105380697624
0.021024231351152
0.515945402789582
1.041839732386565
2.059342420725136
0.741513725922436
-2.172144526030681
2.545943250053482
-1.647113375404594
-1.249069416143427
0.174032490313493
-1.175763650431037
3.109112031848707
0.193130327985933
-3.686894623423122
1.678954162081515
9.321860039629405
-0.085229323085864
0.075665647177390
1.080141473919523
-0.434760956826581
0.067952877724005
0.127768379115981
0.058999596202061
-0.043054397276862
-0.520473369392786
0.014250104561703
0.472894961665072
-0.223702190560389

-2.276001075823507
0.572732779364026
-14.748059914432870
9.651577975959862
2.249364830839529
0.710652219637278
-1.301381243950700
-2.127850444433555
0.684245901580355
-3.145057270450199
-0.844864765513821
1.633940027619752
-0.889168425305375
0.812893188770627
1.316761522730694
4.223416953823590
1.126327465471034
2.032576110917506
0.916839489545058
-0.355916018511426
-0.487714194938984
2.276205398513391
1.535087341064963
-1.722529876481734
1.706108222582730
0.260651486690374
-1.381985903711800
-2.868132742676398
-1.502267246717827
-2.737338487532728
4.023073344797687
-1.356691339790742
1.141885537775858
-0.319282615681063
-0.851649030063283
-2.140438441822463
-1.899221109198008
-0.584742562945066
0.501813224515598
0.042028557504244
-2.170100048772342
-1.175109954169840
2.275966999750721
0.647856366577942
0.830616080357702
-0.910261342507483
13.155756823697988
0.297328506385549
0.526357044714591
-0.429189416196747
2.333185672111096
0.107817920895583
0.067009141629663
-2.124434475643207
-0.720652261773573
-3.834832465967832
-0.901510930966123
-0.034673708261485
-0.266971587582930
1.807451759136370
-0.812884308758311
1.473306864417981
-10.634798850577306
-6.882613527246050
1.194180320448384
2.811011414387318
2.084216025269152
-1.025093559471941
-0.739656712646871
3.063110996423413
2.245100139666821
-2.928756600561650
1.055028126553642
1.743571453527072
0.330900999665949
-0.870058256263749
-2.206478407748044
2.561028667550676
-0.084238400827058
-0.907637956909932
-0.230899151163812
4.964697495908185
0.629799780080277
0.213290765438577
0.189595104926430
-0.222194228388338
0.035601683993897
0.041659253712396
0.106950198153377
0.368458510914978
-0.840703478664477
-0.028329569049565
-0.488422981648438
0.431759155813151

-3.219773029987091
-7.178375663789240
-1.585158940634255
-0.290705549516780
0.497060312113227
-0.210598755038795
-3.207513454376152
-2.466397431795015
-1.544106518958585
-3.539626432884128
-7.105182570371803
-1.113030647743901
4.756942307917827
-0.178895339653411
-3.237044014446811
2.814754345121421
-0.756679035362527
2.742759595524371
-3.745066628979048
-0.486372534233044
-6.914550086607016
-2.257571822995390
0.116489950029030
-3.136207979645951
3.172818995616078
-0.293182955729216
0.549421202927626
6.264394200992684
0.278857317412738
12.310556876628118
-19.850610799152044
-1.465024413737424
2.006122235420890
4.814336938514661
-3.388396221629730
-0.090281361599899
-0.348173600529780
-1.395383036429904
4.933746220929468
1.136080545949093
-2.754538926271229
0.851744201360162
3.350873063859557
0.282120172817412
0.993359276049007
-2.805737063831688
4.065365263609512
0.969636394834210
0.413244408275406
0.559471914481431
-1.002694509274288
-0.213130565449655
0.560447744723588
1.591523268996874
3.470223985405212
3.493922007967186
0.173772676429951
-42.140030202294362
-3.255781818970684
-2.119555972150069
-1.123736747317158
1.082929699834526
-5.215867327882386
-0.130739396421304
-2.786089442272183
-2.593482264905863
2.581199914293107
2.807871310401457
-2.775846532251906
-1.532824045421184
2.278351495944707
-0.534659163320250
2.401631703811372
-3.812584179191938
-1.154427062938263
-0.694396896874554
2.390184030607774
-2.067258277431596
-13.561387687960501
0.573324137104979
0.319168696224579
1.591478497948112
-2.965916925181083
1.353671204128979
11.259265027319488
10.022180862865278
5.327621413085025
4.963876907333099
2.332446374402374
8.689469797384556
6.089986843453831
38.477961881188271
0.858558608600540
1.673369995121083

0.026903129417201
-0.024216043021029
0.082499460220872
-0.133578699935658
0.199827438739713
0.205640285234439
0.281979797139096
-0.128736247410216
0.130577571377158
0.117693108425829
0.062917950918361
0.029308206763493
-0.188441798083631
-0.236664524250097
0.519812134497289
0.277042076629503
-0.619000414404472
-0.164404001521989
0.057567559197195
-0.060938900891291
-0.055287976935586
3.055821591510991
-0.426496637541575
0.540337515908404
5.570993429836198
1.438783803427474
-5.270881705808387
0.612451906629919
0.588770877089960
4.307906224251550
-4.378922703554089
-6.991821090855047
2.916933710776219
1.169595436412162
-0.072993286782878
-1.514015860176097
2.422972888931835
-0.324060515777223
3.076238249036065
-0.240382258264072
-1.991727197593504
8.295355671579856
4.851628181768641
-3.237699877891072
-0.191980308080281
-7.634707313588068
3.100480739387443
2.788311744024574
1.498380717241262
-5.437493682424608
3.560590298519179
0.776360310396954
-1.946850972342106
2.163333568131690
3.101596617752545
-11.163074319303341
-20.851804495973827
0.072961049878946
2.202069149612876
-4.100788405709408
-0.113534636361467
-0.983522583295160
-4.790023495158520
0.010805949475717
0.093026737440165
-1.412225586622685
-0.276675052946818
-1.119237798266526
0.494624134168987
-0.641705375688131
-0.016570176881843
0.525635239112185
1.986243863458800
7.136186060526134
16.906961337804198
-0.973949298597678
-0.231651776887246
0.694191476854790
0.006780544436098
0.068502912612347
0.241144840965330
-0.004728538925422
-0.154712004176759
-0.501026329184756
-0.265635410171660
-0.195886511316836
-0.252554693189758
-0.298333002301015
0.174260635268821
-0.143216578701634
-0.008745776682914
0.196574043433422
0.249332960285285
0.882990762804142


0.049545  0.160851
0.049122  0.191932
0.049842  0.167785
0.053178  0.164646
0.063212  0.162277
0.077059  0.219954
0.080887  0.416517
0.097349  0.541833
0.067555  0.519141
0.084739  0.587471
0.074254  0.735225
0.077675  0.644305
0.109897  0.506919
0.075901  0.451205
0.103823  0.480550
0.106174  0.558870
0.101469  0.301244
0.110819  0.340872
0.059724  0.330323
0.097072  0.373464
0.026796  0.299964
0.128362  0.212515
0.113746  0.262115
0.083770  0.287750
0.155955  0.438719
0.144139  0.376027
0.141027  0.221166
0.088420  0.264973
0.161973  0.314739
0.205525  0.479241
0.204361  0.484847
0.161960  0.419290
0.215327  0.419180
0.219356  0.497543
0.057465  0.495016
0.159499  0.450067
0.261748  0.750735
0.202787  0.859779
0.228270  0.728636
0.105053  0.717218
0.232407  0.611498
0.322611  0.581327
0.261393  0.583011
0.317602  0.546066
0.398130  0.486297
0.305216  0.568040
0.210155  0.746166
0.432323  0.772531
0.190854  0.793308
0.343475  0.779837
0.299933  0.212806
0.198697  0.232814
0.448696  0.335045
0.277870  0.320953
0.266884  0.409501
0.272294  0.250613
0.278420  0.159529
0.259621  0.000000
0.342943  0.152526
0.243927  0.409459
0.440282  0.417254
0.285421  0.632316
0.218313  0.747547
0.191847  0.734230
0.153804  0.738264
0.252762  0.736390
0.168221  0.747750
0.185276  0.506477
0.256117  0.466517
0.240104  0.307682
0.254843  0.236356
0.229269  0.265187
0.171404  0.214448
0.262434  0.257966
0.267710  0.158641
0.099900  0.103064
0.122016  0.179899
0.093929  0.078806
0.062996  0.038071
0.062589  0.075808
0.065047  0.128279
0.044436  0.174358
0.030486  0.251677
0.000000  0.000000
0.000000  0.171956
0.000000  0.343912
0.000000  0.515868
0.000000  0.687824
0.000000  0.859779
0.089739  0.000000
0.179478  0.000000
0.269218  0.000000
0.358957  0.000000
0.448696  0.000000

0.168736455167220
0.523623580686862
0.147757315514395

0.489143503273221
0.308255236176259
0.180421883552561

0.737936332477281
0.203946280778788
0.231675089685947

1.118527994665027
0.069030898816501
0.101254086591996

1.511215188259408
-0.004792113495681
0.045875774902894

1.933690489564808
-0.166630477083917
-0.058292596619146

2.372408813073954
0.120297973194503
-0.015490190815921

2.699548029795447
-0.019051055577430
0.043867589088663

-1.373012878688553
2.306469112224459
1.109046895594395

-0.163423740288197
0.678795936504709
0.340366819288305


