0.35000

0.600000

0.000000
0.000000

0.428222
0.848740

505.401586
0.687406

70
10

0.710143752960890
-2.865005550686542
-4.060738993992511
0.075491157048282
0.474119441570961
-2.847540710114617
2.353011004126033
7.362278505188310
-7.343597853535427
4.744346698670270
-2.286347152836697
-9.527408965374905
-2.063851345896733
1.878469639753930
-2.118280240715901
1.628437238928870
-3.445999389980480
-2.892623204289726
2.388386793072609
3.445740594128023
0.218232276525473
4.864953139524073
-4.873279163636416
7.205594067505364
7.631404721238628
-2.337416193756049
15.946851756366840
-14.783796596733469
1.997255671782561
-1.044381690784849
-0.068202093905025
-0.068183126276863
-0.503270018272590
-1.134434046723654
7.183214855225979
-1.245235702264162
1.722381475231919
-1.180948489592973
-2.101416724063155
1.142673292920447
-2.845654192891840
2.773461576436530
-4.760912837985656
-0.999356781375000
0.582080447869903
-0.190721491453473
-3.785206531530417
0.389778142182358
-2.945418679073751
0.897436189958508
-0.422835279142145
3.070386206486037
-3.748151100408873
3.850890857297218
-0.020234450724444
7.351658075019031
-2.865643702115585
0.637902505002592
-0.276549780148078
0.153013702717855
-0.419809867035633
-0.388013764698750
0.272187785144011
0.040404091495589
0.031936612398358
0.155503280366419
-0.481062590818302
0.038043563398877
-0.062263212787601
-0.213877605997831

0.802881397655664
-0.549781660652418
0.887411429518043
-4.152475672896822
-1.285241313376431
-0.363108511416823
-1.049542725587448
0.725654000848074
4.181893275937742
-1.299853674211211
1.795182812891548
1.859987053867428
-0.092165158889115
0.721302641767260
1.317902985078626
-1.991115099232054
-1.072084660053286
-1.309596420104084
-1.264814045480419
-1.450863886731566
-0.036491792944109
-2.294606231912162
-2.064508841020600
4.572368086821917
-1.244810432199621
-0.903940803569234
-9.195917481588948
7.647736906487659
2.664964054133122
-0.838740237938324
-0.115514253558402
0.422975248770167
0.041088142665114
-0.277161666249130
3.384444708567171
1.347636035303402
0.261978918748913
-0.194797835239030
0.564147983544669
0.020045746120461
0.239378170935425
-2.699333610574081
1.620530494450099
0.231184241157640
-0.308155087559417
-0.785873255631096
2.319414596104048
-0.257006870888004
0.869645078271580
1.260231414606474
1.467206329089929
-0.137278728063148
0.339601633618529
2.149710619389774
1.014355254635391
-6.569230121118742
0.001966091600279
-0.239699951623569
-0.370068315845083
-0.005054510423574
-0.567828707802351
-0.031673851255264
-0.076290216636882
-0.045746777332985
0.155713303545689
0.120791350844232
0.248530911805519
-0.019445331415302
-0.039786416393065
-0.058256762862908

0.295948525560863
0.998458727955729
2.932587060729337
-3.346585848257012
0.882313763582735
4.626288962070865
-2.431607039640428
-3.579293311271024
8.973562024909320
-0.981397924882565
4.550436814016188
5.992069551046099
0.591853487796854
-1.247990054258934
2.158721841292011
-0.046217133819080
2.140527126128627
-0.709609280447370
-1.803321653050208
-1.152297017088154
-0.690442161928186
-3.612475524666777
0.621823233280735
1.618757629183103
0.508824194497093
-1.801451491841246
5.374062059232676
-7.429349115564895
-0.491386675001924
-0.951641373386804
-1.107083113410362
0.283483463111101
0.250148757786804
-0.806303576989145
-2.985318743550279
3.777575258568974
-0.496606902017015
2.074654601906696
1.833212191937644
-0.632075908131910
-1.909087023052106
-1.440679869026226
0.312135579735774
0.015219636562746
-0.703599950365109
-4.072284503391236
-5.164762580819487
-0.368554584590398
2.778065148562650
0.663534051185462
3.180868708730118
-2.173063576555883
2.875815722706808
-1.850114012362420
1.908916922898839
-7.338362772375311
-0.246474293517291
-0.732977727966535
-0.119371810384603
-0.051502188682825
-0.068471977244189
0.463056347843920
-0.652295176030210
0.314399092810912
0.049358892112251
0.268906706781128
-0.120520959230332
0.013335935708442
0.001588725271054
-0.015933890351366

0.702867804564686
0.036877564587351
-0.667049954556779
-3.362782067940145
3.060555094436406
5.188847463005552
0.156672337020568
3.519712240208917
2.985194536402342
8.803074556985663
-6.006833384199077
-1.147998640435217
-0.618669006932171
2.320510077951175
-0.903454287082484
2.421798354719527
0.245621834435112
-1.251511723056163
-0.279192348957674
2.174946190170425
0.520642445557059
-1.200589151100344
-4.117062060574305
3.496390994493690
1.978845165512811
-1.486537834322864
20.511727910399152
-22.957622201143867
-0.174831782829191
-1.235874741716586
-0.355975202980698
0.411466399373558
-0.730976206725665
-0.389602056798133
-4.319586169939807
4.373054434623442
1.545987730927929
-1.635309528834969
-2.066698412851485
1.130395620943592
-2.480816954423981
0.584671585988845
-8.593651347092976
-0.726692348330317
-0.097091668558940
-3.714804803535911
-6.019038183447974
0.783486021642712
0.155840942851450
0.066340942979499
1.726336481588964
0.471115008821164
0.282645667239218
-0.623720717327771
0.342497364795755
8.891413576321153
-0.853952641823588
0.022082818335146
0.063229671193788
0.013249143380893
-0.487979493035468
0.001037175468608
-0.062299914413636
-0.007962834228530
-0.101256938116050
0.933847876073621
-1.172448422968224
0.125467778200610
-0.018263845685251
-0.180313945848455

1.720903258866671
-4.322304682364301
-5.221395387462477
-4.771390155616083
-2.918458533642896
0.721700165004929
3.463095840433076
5.537185638320630
1.763156402529194
-0.551580274356412
-7.101512648278431
-3.147617624027483
0.950609703266252
2.369024256204696
0.817325008108081
1.160392358446962
-1.271177923032125
-1.095814306030964
0.747197846869010
0.940789516192772
0.308926707154848
-2.602883221755344
-1.032517712755320
1.361974696960201
2.470852260776699
-0.145822152810599
4.260493127756245
-4.577761664284336
0.838414441678584
-1.756682733271700
-0.037540868063760
-0.112217083382552
-0.489095321427183
-0.596707032344923
-2.418985404417114
2.444278616451784
0.320695213212022
-0.353465506565336
-0.148480800884716
0.032860862014751
-0.718398257941282
3.193755299832301
0.397027952569641
-0.233184156835617
-0.378474227206915
-0.753775324191658
-2.851008533009070
0.485253374061240
2.157811406153960
-0.114754715174513
-0.972618278550619
1.258065029732075
-0.981970627801235
0.756948082783529
0.316830882066979
10.586295206219646
0.339490867131341
0.415846046334320
0.180931806872630
0.050682418266584
-0.602350900038282
0.205633065278770
0.050519490514926
-0.022593350327914
-0.031696006398764
0.282638323250633
-0.401200091851874
-0.027436915337640
-0.032130103382964
-0.112602642107748

0.185904312144475
-0.774242636702477
-4.655957864487211
-2.906493184521473
-14.265058796163672
-6.646329257667083
0.559578684136579
15.557773822774825
-13.323786983178506
-12.656145727441274
-9.247082746014735
0.997001884033881
-0.726438290524413
4.412252401055728
11.606614355308295
0.340282790804642
1.702053860054593
1.606045245195097
1.836958533001567
-2.346216046447984
-1.186642644002012
0.685820521430593
5.020811892463614
-6.217726504510463
5.477252762799510
0.357321342049578
8.543970642260955
-5.088544610137674
-0.122790544520153
0.415472490581653
0.295613973310622
-0.141294233793548
-0.584062647395678
0.574089669168622
-0.682935880022709
0.928703458877052
0.301725241536735
0.665814758187515
0.721892564063878
0.808071635148328
2.353046504313283
3.030562335168013
9.134323800808504
-0.249164715683134
-0.397381402342938
-0.128900217183452
2.197937426461496
1.901675710350249
-0.389332612737582
-2.996315666768923
-2.453864202765549
1.586161139804931
-1.467244465035971
-1.310756417057326
-2.794923495989371
10.754891877064058
-1.323949506795420
0.219493146339868
0.098234177292693
0.309598256291358
-0.669570078834379
0.561394563422348
0.291309584702466
-0.066776453718586
-0.046318735610242
-0.678075903654409
0.580325972270989
-0.048493561250499
-0.001835443558660
-0.025329823690481

-0.686047236764305
4.494861810207251
3.237486931578056
4.528943785580142
-8.550944804667516
-6.234361007586318
-2.543975922454477
7.049257998868108
-15.292951726992863
-10.395939244789053
-7.192478107256744
2.416888080307611
-6.953196848718111
11.872491582397412
9.777445038332164
-2.232880443046315
4.795815351832974
4.684544481445236
0.584089882810611
-0.611707211757216
-0.495680749161948
-1.475392607811591
4.850972108284298
-3.815761880551236
3.066294628472025
-0.834167809889882
-26.317400787345477
28.777000168839422
-5.666442531119840
4.052662941147941
0.395468473548124
0.368023877077677
-0.563547010883888
-1.489091447478146
-0.725065963550391
2.308509462597032
-0.326765150449363
1.236087490107030
-0.991551532784621
0.604034485706889
3.389383932704596
-2.506076446361663
9.612815597333634
0.181565610103875
0.868894095022296
0.301475208750082
2.126429873919036
-0.002470144712480
2.209537748574217
-1.561827666679532
-4.790997427516178
0.441723413893772
-2.283860855209186
-2.825990867962787
-4.387902656433099
4.002007742779229
-1.845095755704734
1.771266377393021
-0.752941285439504
0.075055923352380
-0.219080982135066
-0.535734011236315
0.654298107810331
-0.206989662739206
0.313619257441101
-0.291412409308320
0.424869552788137
-0.025441525843113
0.051139247147882
0.106211445218645

-0.536954909279306
4.137777229637780
2.786470996215289
3.291161373283215
-0.559279798617468
0.246085235819053
-0.574503264007896
-2.684806882827826
-4.389729040912743
-3.395350684696024
-0.532286700019148
3.800005122884971
-4.038284527121049
3.898015387926750
1.504002862693088
-2.632446302007917
1.915322767727369
0.282432754448014
-0.136696857597685
0.469486983931283
0.458231533193260
0.854044631371304
-2.337968158704406
2.214982801270044
-2.640558042563311
-1.441419448997503
-12.161274867820413
14.393498794777122
-4.245981867883254
3.085527894398640
-0.945951740637350
3.113728294785133
-1.376777357710530
-0.420330318442734
-3.861761432342728
-2.977908984494234
0.102130183720542
-0.732173442537471
-0.422402525517398
-1.146800991142660
1.428457030869702
-1.758245047789369
2.977864023697505
0.090495065877048
-0.116532106648207
-0.006883116303204
4.079211604875398
-0.038523206619056
0.612162489382210
0.697851606950232
-2.542860333534978
3.448329490477083
-4.257317834895027
0.430076628669035
-0.101816488432426
1.066905778982835
0.061335954627257
2.549960435579088
-0.100274665577954
-0.003502079288845
-0.207025358282911
-0.350417079843422
-0.016429109968983
-0.376254980663145
0.185887237003139
0.080258771810346
-0.215935999989962
0.031104170429211
0.024989627523785
-0.034129301985929

-6.235632364984404
-0.108716722828226
-5.615404789206594
-6.928154758387640
-0.545613702534237
3.197297382732470
4.241846410311598
-5.692504682645883
8.544005205976058
-7.184483159970828
-1.237533787855540
1.094476050337246
0.120462380690379
2.129678177739741
0.935275731649341
-0.584149164899181
4.495523161975306
0.647758460922570
-0.325220455561693
-0.303293543459371
0.141597292107380
1.763304266214593
4.741478336202359
-5.455938200556513
-3.641252230230540
4.741652090033643
4.550943267650829
-4.049640378139246
2.691285597650399
-3.210883595060139
-5.220512706453437
-1.407647457685869
-4.965567885782924
-4.417380963632970
0.214493872900446
-1.229955786548825
1.154242647424463
-1.301664361269704
-0.994145273690421
1.657958968465153
2.880690450412659
-4.376304214113316
2.733879168383227
0.413937087035312
-0.054885490834680
1.460672876364121
-2.644063988406884
1.011157180476148
0.532446425458019
-0.922501843435917
-2.576593944688697
3.880804150972745
-3.374154639310379
-4.381159893635011
1.146056859074399
1.860590599512011
-1.622361280086829
0.754581740602761
-0.896443304350763
-1.215416049696259
6.769199313146580
3.550473246667356
5.016489917693719
4.298136767644553
0.998835251752177
2.700480054790935
2.492057410915625
1.319454644348400
0.512248379597721
1.323709792536539

0.348732725391611
2.025862169850540
1.050658015529392
-4.362797664221429
1.055004745666862
2.645009951118077
-4.937590309925966
0.442643657355413
4.018482563789974
-15.205409101579693
-8.290610089522687
6.578047929110839
-7.660457709096436
12.184845142381203
10.034991167278028
-3.216689283166405
16.679159219582115
12.511513363731360
-6.761133952592856
0.974073647353419
-3.297780869508840
2.201756919169785
-1.575109782730729
2.788381664822807
8.205743567423911
-2.954818424431035
10.160722168688357
-9.316811480868800
-0.805569589482473
-0.128173000890153
0.818553670936153
0.575703681006935
1.682780954929321
3.485077660168967
8.854585419952036
11.352607163942627
-3.306126347581233
7.285999600143315
1.874981718857537
-2.726222425728908
0.449546261746504
-0.818620911250987
9.715735993535413
4.662357021434416
-4.070971523797384
-8.305659648242433
-7.570188709893866
-0.042125991136283
-9.680786544433390
-5.095043324982004
3.418419746231003
-15.786780883409614
16.405239478881228
-11.112694579956102
-5.937975806080289
-2.268820497691715
-16.521308780026605
-2.664634349962673
-1.244941832245146
-1.536453985466235
-0.690473850595323
-0.898347304010781
-0.672174609922893
-0.682358481473777
1.108703153235714
-0.159169860275306
0.715788770583748
0.933006843174906
0.727456258197026
2.332659472905565


0.055505  0.100626
0.108114  0.116290
0.154693  0.187912
0.071426  0.179102
0.188141  0.199692
0.166923  0.249406
0.177552  0.199209
0.078430  0.193787
0.077619  0.185108
0.193778  0.108923
0.169774  0.146027
0.187913  0.146299
0.162014  0.163872
0.152810  0.149777
0.199831  0.194818
0.254337  0.185911
0.244631  0.214101
0.301018  0.291166
0.283716  0.348995
0.216997  0.442822
0.269439  0.625632
0.170384  0.324938
0.129987  0.253753
0.105761  0.252022
0.173866  0.240100
0.110965  0.204580
0.104497  0.184570
0.103904  0.180945
0.128430  0.140265
0.080842  0.217042
0.063692  0.530649
0.069046  0.593524
0.075250  0.653937
0.092111  0.331083
0.190545  0.161892
0.197279  0.306795
0.261374  0.702034
0.304529  0.640583
0.223350  0.492562
0.233687  0.553253
0.241984  0.410460
0.139375  0.109489
0.201056  0.105552
0.392634  0.717105
0.428222  0.603279
0.201571  0.271784
0.181607  0.251666
0.389946  0.333477
0.151962  0.336962
0.368168  0.273496
0.261631  0.388074
0.393440  0.552646
0.388534  0.527942
0.267164  0.212798
0.248739  0.303549
0.176659  0.152796
0.217218  0.186368
0.314843  0.484653
0.232774  0.848740
0.000000  0.000000
0.000000  0.169748
0.000000  0.339496
0.000000  0.509244
0.000000  0.678992
0.000000  0.848740
0.085644  0.000000
0.171289  0.000000
0.256933  0.000000
0.342578  0.000000
0.428222  0.000000

0.466630497811914
-0.048927799701833
0.038674089941443

0.639921830824685
0.080932660862916
0.003858423670001

1.020052622020365
0.008317414619227
0.076213192460625

1.407166313366819
0.047096838716962
0.052301393450320

1.642097431604984
-0.069100084879617
0.128912532091446

2.045653878815752
-0.239695909983647
-0.060358534218736

2.353070475289372
-0.061550124371044
0.039873342497048

2.654978828846702
0.037070316790300
0.119209617350441

-1.199431405075983
2.248874150503442
1.102483212880429

-0.571082785112737
2.022166425071579
0.897893720883094


