0.350000

0.600000

0.000000
0.000000

0.326379
0.768596

1104.511273
0.819539

67
10

0.791314558731850
-1.334239444774703
2.895015035114014
-7.825347868741818
-1.801552564482263
-5.737396817942070
-0.266682299022863
1.634273767356583
-2.472093587592552
-7.440326796909509
18.251951155123322
-7.922588429280313
-2.620974082386818
-0.925742110182496
6.018278767034517
-2.970508458316072
-0.390530137397740
-1.496450972066917
-0.302934404254087
0.918179469535773
-0.209043240175337
0.813415164634045
1.776923492369903
0.527075898747073
1.289106614678079
-1.284063052719723
-0.283543176581894
-3.141591193727488
1.703465692121083
-3.231022645532885
4.118352433623033
-1.348897365776449
4.033314508565672
0.905512195900953
-1.792162314006648
2.965964486886130
0.967448991906557
0.177120999087147
9.187706568888981
0.432933321316010
-1.596991001866192
2.985147448476249
1.909641058829582
-0.001774629947007
-2.141055113247833
-1.149814948791262
0.681257025369453
-3.286195179254698
0.728455391169676
-0.498116375490375
-1.602190296736495
-0.561492819898720
-0.167989966120006
2.690794525050838
-1.066290764854367
1.039860051048769
-0.233911136873231
0.348795500455047
-0.742464410275822
-0.710302414872376
-1.536004265487117
-0.253908631731105
-0.227827809398609
1.487520059515909
-1.417118901601938
1.180751254971552
-0.468435819513003

-3.292005135504187
2.236686607327991
2.707815390543968
-6.088887371010714
-0.245131538884862
-3.658132133867291
2.436980696902770
-0.592756892551247
3.106488035684576
-2.932466629670262
2.863405928393124
-5.002728948925572
-0.109897669258653
-1.275549277390928
10.273852675590719
-5.698336263667561
-3.724049576814903
-1.527466059537664
0.127694141846184
0.588200898668552
-1.052905910960656
-2.727295291088106
4.188085418052589
1.383731288990309
1.203586458225860
0.451907758368941
0.476232369249827
-1.658199083587691
1.010775232874195
-5.853900448240865
5.091723912438023
-2.269138184397900
3.336450579508808
0.695771133936162
3.564779715733629
-2.140403408171497
2.903218953358441
0.828535518987803
6.358016183613073
-0.085222378578030
-3.111313305916323
3.182286252125432
2.346654513020339
-2.150952015029500
-1.609180514059339
-0.261834253908351
0.527741462770232
-4.139530764731360
-0.389613901964423
-0.731244723965745
-0.716673632832606
-1.158257559468248
0.956682027867602
3.380985584176787
-1.662612778232484
1.452180159546939
-0.964875296185237
0.830815060248234
-0.465014247895463
-0.463396856717382
-2.292808659796716
0.434541340908968
0.412982527694154
2.525458552486857
-2.450323732381144
0.162549764059976
0.455288303557749

-4.795315901678384
5.423472608102780
1.961311658720874
5.319655554676912
-1.783000893580292
3.305439100631200
4.436779411681673
-2.154983659311178
2.623229254907488
-1.971805356801531
3.770430846120942
-6.534761700484378
-1.488526698155859
3.587827521202456
4.605149231265757
-4.916362035225458
-2.420139699439758
-1.601384643550830
0.798861499150462
-0.171580531435158
1.221968820641893
-7.785641935989660
-0.598083937600494
6.818710288080012
0.269441518833462
1.455775168674674
0.176411538764329
-0.348334257073610
3.204757027042628
-2.414622457078373
0.500567259500558
0.481118238574864
4.995159572749843
-2.334074509507323
7.307806267974332
-9.879954522482995
1.656410548196216
-2.839911189256746
-5.060714644136992
10.519146756799319
-2.037977173403786
-10.532196480283018
2.031242608812560
-2.567460162612750
-3.538585703383707
-0.538632684762686
0.326404453928296
-3.249306058424342
-0.112936428667547
-0.519247620751991
1.507526946884365
-0.185667772830391
-7.859481301768078
7.813733992546125
-0.543641736485157
2.589837575040723
-1.042974209818727
-1.065639268699701
0.814062193056057
1.499115414003064
0.590323697073140
0.077272594951083
0.443864273966584
1.417578761663873
0.155705292597961
-1.112021127661345
0.298868791613584

-1.921644503418778
1.889581411572771
-1.623332735514440
10.341987121086371
-0.135300761171759
-6.801800021230511
1.044963834497117
5.847491904846449
-0.216767897658866
4.198531356149231
-11.055830809289411
5.586456509826428
2.561446048925126
1.881003103686186
0.246241909266436
-0.954715228748542
-1.909742193077970
-0.146887558981498
0.036222543995788
-0.237621071611760
-2.417526931665036
0.076310644548681
0.685897790438823
-3.055782510232214
-0.108451199852765
3.012018165191172
1.366918343009624
1.459599163343940
3.757452720458903
-2.242411899956978
0.810333508314479
-0.601788373059559
2.503780126636235
-3.737604688379179
2.304974203925442
-4.875120995382767
-1.718242176024428
-1.681534324514864
-5.998771803473209
3.957371985888514
0.843170999890745
-4.047788903298954
-2.048007359439842
1.600016327724255
3.847134063610989
-1.862243287542282
-0.234575254959788
-2.230549442854732
2.017826455704264
-6.028132503333700
4.831689062197703
-1.076858894846814
1.683814818924309
-5.950823065907604
4.263938257387997
-0.189500943992236
-0.155554169864147
-0.068055918627360
0.599096719516296
1.111387270895433
1.231925344220716
-0.362912800404356
-0.253011302644269
-0.395566519263911
1.316735385717653
0.416376698555390
-0.987235768226449

-2.181118875285684
0.541944590074262
-0.572657928094582
1.272540815689724
4.369998999673805
-4.194648496751502
-0.117339806766459
1.281470213892768
8.629981350026799
-2.757599168728626
-7.553416071293248
0.639145428006927
1.684610057713326
-0.576592995714584
3.377999412030431
-0.801680299323750
-3.239028263560037
1.429645945242768
-1.163738409095775
-0.070578668199741
-1.658672867421947
0.408287882105520
1.339191983206389
-1.203368896921564
0.557329035352737
0.120174525000033
-1.199273090809810
3.140952942034845
-2.440349800830806
4.033472539881216
-0.070290901872452
-0.481272766939386
0.758420843785770
-5.048929906123197
3.622599689642562
-5.322002835256559
-1.744311038308194
-0.767193952082852
1.380755079701072
-2.844782061439434
-2.357447015242967
3.318026180355007
-0.522423149366262
1.596569904341364
0.302897644791667
-2.586273806198841
0.581559729065530
-0.894058167213104
1.874428848596859
-0.616258352904272
1.689109978769478
0.148404278629083
3.673361037853908
-6.852616409071962
3.330585545348655
0.922085314083320
0.077429157455399
1.848802878812602
0.321439550797418
1.151443990000446
1.296569771478586
-0.686534484124906
-0.736524028304417
0.220109350834796
0.011589264188735
2.043396150492495
-1.735347394722716

-2.479061450448343
1.753315372615991
0.938156846006896
1.969998564921207
3.650613644563690
-4.420178856118543
-0.130294981247875
0.789424209627435
0.414208205790717
-1.435172750957150
-7.494301762468647
6.306079324596369
-1.006032065055138
0.948508328469115
-2.527429610681796
-1.518246567798590
5.532880999165195
0.140103089699510
-0.583581497775274
0.625648116160881
-4.539707679453682
3.379685999581322
-1.169502889386093
-7.151377231463398
1.845423106520672
3.346665151235752
-3.716172238305985
6.845797792580272
0.577764587959495
1.881364126216595
-1.416090580433389
0.186296030011140
-3.180361234557189
-6.140700368994970
2.548787815342955
-3.180944068276265
-2.260767210267262
-1.223969815933254
0.000000000000000
1.176943986479526
-1.545920031570796
-1.206801769825605
0.410972226116318
2.978552956330863
4.548328945381654
-1.179899871034436
-0.329129870545176
1.352290968013685
0.795497902627134
-2.441708083807473
2.451382277572088
-0.995335722660037
-1.394672482851663
-1.082103337456223
2.845674949588204
1.677893772939597
0.046325125022799
1.313858248261789
0.772702099922738
0.988509713195497
1.069794597169474
-0.129306729756928
-0.594450799688267
-0.343128010534021
1.266759694009088
-0.203046224784288
-0.356810567195795

1.544436296600629
-1.103657417017855
0.655046837252465
-3.471177562982957
2.357346064730321
-0.155454588964324
-0.554036140009311
-3.801271928108221
-2.331892442268531
0.881677481006781
-8.205428687627808
9.335096074395160
-6.172317073396524
6.627337016666751
-0.958314326217891
-5.270863281872797
6.912087279767953
-0.049683771985649
0.385885329247301
-0.423015314572251
-3.501091011767531
-7.253600035304875
-1.216905327572095
-1.766574406156266
-4.992447225445458
5.943162294132322
3.359886106683380
8.563163535161344
-2.865776960658771
4.448385834252603
-0.568044469881545
0.956890381545378
-3.588126140452689
-4.333382372274569
0.405109000564758
-1.845503294729541
-2.623474374901520
-2.702942012520286
7.286707532631930
2.104907805995908
-2.780288512237880
-3.631369928508943
3.784381938127393
2.952970432114324
5.697763338624562
-1.759337018011497
-0.498840740155364
2.220765261575240
0.871144556726894
-4.400080349105736
-0.929526080978197
0.812056551569951
-7.700315716795691
7.233419660801157
0.703759411827785
2.883446469105539
0.765722540556181
-0.104764573659861
0.660584911204088
1.434935015586753
1.147197420876684
-0.333363679829423
-0.956189336619997
-1.473501476390220
3.017108536667810
-2.471322730417351
0.841499370870508

-0.513707823274814
0.716647419891410
-0.065507302253079
-6.513551741285821
2.391035090595401
1.512432730646721
-0.096601643327552
-4.048571444640922
0.988212006046910
1.300018892396828
-6.438816009621303
4.131622509709206
-8.219437378257130
4.710343566220307
-7.253218796638459
-3.099759554979905
14.893055565324511
-0.183375310121189
0.814988003540681
-0.870749823996687
-2.425235125832585
-7.772502149287414
0.698038488618629
2.622029089161298
-1.278985029772517
3.727976984074442
0.776613038947526
3.736984423669787
-3.113050574966966
8.851553302282504
-5.790076268150732
-1.827553902318417
-2.528673441798434
-1.360809450095129
1.047726532547922
-1.483766399933265
-0.445392105503493
0.265703716890151
6.116684980785256
0.308742333455230
-0.737052300557420
0.007528191187050
-0.241606205361925
0.144118655170025
2.417475670268489
0.882860841125094
-0.597050244029423
3.559738878582076
-0.963355384286706
-1.942758544266962
-0.259133812414364
1.082977399008783
-0.097266685274095
-1.002138341444208
1.665123720797711
-0.504044962857459
0.235537517389776
0.301242950403850
0.412919841441723
0.510099818932847
0.961204094324505
0.230431586811136
0.155761805677999
-1.485675091809106
2.366249381101206
-3.081089776282153
1.696833588296033

-6.667775936673172
-4.032691989322468
-5.344568794301702
15.768111158655438
2.155781658931331
13.133920521829493
7.134167740654299
-5.102909804389337
12.093306201760333
-7.822342909578292
7.098550867525809
-14.328704309909885
-4.491685843041788
9.502573629507644
1.409666224754833
-8.858541342466280
1.781387571851187
-0.769499717216539
-1.090939910474861
2.968387548490014
-0.394642611632912
8.748913965311434
-5.348334637860649
-13.198406470475687
3.350857516218480
4.249011398198464
2.141354841860996
4.284651931290893
-7.854960655354760
3.170859608684391
1.845910867429555
3.193294038421450
-6.898253560611169
-7.144063218927313
-7.315833259427064
1.071464331281759
-11.131780373156550
5.133509485799354
-23.496409179327955
-3.256016150018397
-2.352807175340191
-8.664167950411009
-5.273922832313058
-0.025419066552775
8.280914632721805
-0.659813501881649
0.811403663216525
3.952594582913475
-2.103286060751384
-1.079642382462259
1.260819062122085
-5.933759268036343
10.331006286090123
-15.051501503789625
2.480525704086881
-0.490532041692032
-0.662607420041479
14.196335830982775
11.356857646630012
7.537623108534054
6.857163483341811
1.950121895509649
2.670355198980652
1.536929678419221
0.819776030621651
0.498700144328598
2.069011804246502

-0.013322903448760
0.010147179501620
-0.002076996352418
-0.007631954688859
0.018760962965679
-0.006765508125095
0.123450993550573
0.001877818271335
0.120915022376182
-0.134796593414728
-0.054955907871855
-0.017443690673230
-0.073425752514284
0.316623730478208
0.513245967786230
-0.418608683024389
-0.290231258580018
-0.050389859516474
-0.390372719529792
0.293138504559288
-0.014626229552756
0.008981972444643
0.157953826818035
0.091165933766903
-0.025639079253816
-0.023403724156918
-0.007534231303777
-0.148542751046713
-0.027107850165797
-0.062469106909142
0.418543647487019
0.181647738839986
0.277005546078497
0.019614220272084
-0.010601911709567
-0.007406809696866
0.003040114957585
0.004362005844830
0.009236382904543
0.003441165995725
-0.010549330781502
-0.002905892846945
0.009360727292105
0.021824499919627
-0.384182847200967
-0.644809046169360
0.148359112237050
-0.000018129795961
-0.056594178762657
0.225940218081772
-0.019635552203202
-0.008933934154082
-0.004187420376602
0.026682864249857
-0.012954809826579
-0.006924639802434
-0.073089555438309
-0.038481101428179
-0.042414206270386
-0.042228031341597
-0.051536265234864
-0.021596019143335
-0.008464783837571
-0.011926411962550
-0.000727608439459
0.018563133586995
0.205629995854286


0.026184  0.089877
0.039995  0.086129
0.076086  0.112108
0.055541  0.133893
0.084102  0.173447
0.049604  0.153966
0.107016  0.177801
0.065777  0.156581
0.111028  0.140719
0.106552  0.158115
0.117890  0.151242
0.119065  0.138505
0.148671  0.162596
0.154708  0.147199
0.185420  0.162195
0.179323  0.152174
0.167460  0.172259
0.221331  0.178983
0.326379  0.200671
0.260899  0.264407
0.118069  0.349321
0.116191  0.417463
0.172819  0.429646
0.107542  0.424240
0.122379  0.478328
0.113346  0.391945
0.126697  0.485085
0.118134  0.435486
0.146896  0.506876
0.176460  0.499329
0.185099  0.527419
0.174982  0.466700
0.131810  0.638189
0.062537  0.428753
0.046914  0.520861
0.033969  0.516276
0.038311  0.327941
0.045024  0.117898
0.051429  0.138257
0.039759  0.171716
0.030099  0.208444
0.032223  0.180213
0.053197  0.204018
0.072722  0.326833
0.139877  0.612938
0.262282  0.523500
0.228238  0.768596
0.140029  0.675354
0.114884  0.725384
0.131716  0.594771
0.080093  0.641285
0.066790  0.606587
0.051137  0.668019
0.058086  0.667299
0.062494  0.409385
0.047465  0.439515
0.000000  0.000000
0.000000  0.153719
0.000000  0.307439
0.000000  0.461158
0.000000  0.614877
0.000000  0.768596
0.065276  0.000000
0.130551  0.000000
0.195827  0.000000
0.261103  0.000000
0.326379  0.000000

0.250558040247697
0.819211000053147
-0.079759367772040

0.423297414621601
0.802128913743251
-0.068560082451899

0.884128734951941
0.442602195894764
0.002088223298420

1.285832147768008
0.012306655277657
-0.020123293269844

1.693452489808175
-0.269194850702792
-0.165561451527688

2.017017934625761
-0.782584252356051
-0.006658055322383

2.346270981381252
-0.913811428962644
-0.012249763910032

2.667491775573993
-0.970310947315948
0.054949106320778

-1.182491801064175
3.131547178118703
1.038568678964940

-0.016445386167134
0.145725570444312
0.029809195814003


